timestamp sample_in_packet voltage_V current_A dp_V dn_V temp_C_ema energy_Ws capacity_As

1 hour off:
1699975109.011 3 5.03180 0.00000 0.000 0.074 31.500 0.704571 0.139987

1699978672.471 1 5.03574 0.00003 0.000 0.073 32.900 1.073022 0.213163

initialization:
1699975106.241 2 5.03488 0.01685 0.000 0.062 31.500 0.003080 0.000612

1699975109.001 2 5.03180 0.04190 0.000 0.074 31.500 0.704571 0.139987

measure once:
1699978672.471 1 5.03574 0.00003 0.000 0.073 32.900 1.073022 0.213163

1699978675.251 3 5.03328 0.00000 0.000 0.073 32.900 1.779316 0.353459
