timestamp,millis,AccX.AccY,AccZ,GyroX,GyroY,GyroZ
1703069472,1657370,0.193930,-0.004788,-9.380483
1703069472,1657390,0.193930,0.047884,-9.414001
1703069472,1657411,0.179565,0.021548,-9.536105
1703069472,1657434,0.186748,0.043096,-9.521740
1703069472,1657454,0.239420,0.002394,-9.528923
1703069472,1657474,0.208296,0.050278,-9.476251
1703069472,1657495,0.193930,0.059855,-9.404425
1703069472,1657515,0.201113,0.014365,-9.414001
1703069472,1657536,0.153229,-0.016759,-9.418790
1703069472,1657556,0.237026,-0.019154,-9.428367
1703069472,1657577,0.248997,0.014365,-9.433155
1703069472,1657597,0.165200,0.038307,-9.476251
1703069472,1657617,0.146046,0.090980,-9.485827
1703069472,1657638,0.203507,0.014365,-9.435549
1703069472,1657668,0.172383,0.031125,-9.454702
1703069472,1657689,0.117316,0.062249,-9.478644
1703069472,1657710,0.193930,0.052672,-9.464279
1703069472,1657730,0.275333,0.023942,-9.473856
1703069472,1657750,0.165200,0.038307,-9.402030
1703069472,1657770,0.222661,-0.031125,-9.440337
1703069472,1657790,0.201113,0.023942,-9.524135
1703069472,1657810,0.169988,-0.007183,-9.449914
1703069472,1657830,0.172383,0.071826,-9.469068
1703069472,1657851,0.198719,0.062249,-9.473856
1703069472,1657871,0.213084,0.045490,-9.279925
1703069472,1657893,0.205901,0.007183,-9.504981
1703069472,1657913,0.169988,0.009577,-9.473856
1703069472,1657934,0.203507,0.038307,-9.524135
1703069472,1657954,0.181959,-0.014365,-9.504981
1703069472,1657974,0.220267,0.050278,-9.485827
1703069472,1657994,0.169988,0.050278,-9.406818
1703069472,1658015,0.193930,0.069432,-9.481039
1703069472,1658035,0.174777,0.047884,-9.440337
1703069472,1658055,0.220267,-0.014365,-9.435549
1703069472,1658075,0.215478,0.038307,-9.469068
1703069472,1658098,0.193930,0.016759,-9.449914
1703069472,1658118,0.217872,0.074220,-9.524135
1703069472,1658138,0.210690,0.047884,-9.478644
1703069472,1658158,0.201113,0.064643,-9.504981
1703069472,1658179,0.155623,0.114922,-9.521740
1703069472,1658199,0.210690,0.028730,-9.528923
1703069472,1658219,0.256180,0.062249,-9.550470
1703069472,1658239,0.146046,0.040701,-9.457097
1703069472,1658259,0.222661,0.035913,-9.514558
1703069472,1658280,0.229843,0.026336,-9.543288
1703069472,1658300,0.131681,0.055067,-9.368511
1703069472,1658322,0.191536,0.064643,-9.521740
1703069473,1658343,0.232238,0.019154,-9.493010
1703069473,1658363,0.220267,0.028730,-9.452309
1703069473,1658383,0.220267,-0.004788,-9.409213
1703069473,1658403,0.248997,0.014365,-9.504981
1703069473,1658424,0.210690,0.028730,-9.421184
1703069473,1658444,0.181959,0.074220,-9.423578
1703069473,1658464,0.213084,0.059855,-9.416395
1703069473,1658484,0.141258,0.009577,-9.521740
1703069473,1658505,0.248997,-0.009577,-9.459491
1703069473,1658525,0.191536,0.021548,-9.502586
1703069473,1658547,0.198719,0.016759,-9.481039
1703069473,1658568,0.138864,0.059855,-9.473856
1703069473,1658588,0.227449,-0.019154,-9.502586
1703069473,1658608,0.251391,0.052672,-9.509769
1703069473,1658628,0.215478,-0.007183,-9.516952
1703069473,1658649,0.239420,0.074220,-9.512163
1703069473,1658669,0.110133,-0.009577,-9.516952
1703069473,1658689,0.222661,0.088585,-9.459491
1703069473,1658709,0.210690,0.021548,-9.466674
1703069473,1658729,0.225055,0.045490,-9.526528
1703069473,1658750,0.258574,0.016759,-9.414001
1703069473,1658772,0.217872,0.079009,-9.430760
1703069473,1658792,0.237026,0.009577,-9.516952
1703069473,1658813,0.213084,0.052672,-9.483433
1703069473,1658833,0.217872,0.052672,-9.528923
1703069473,1658853,0.131681,0.069432,-9.390059
1703069473,1658873,0.193930,0.086191,-9.351752
1703069473,1658894,0.201113,0.011971,-9.500193
1703069473,1658914,0.172383,0.031125,-9.469068
1703069473,1658934,0.220267,0.059855,-9.430760
1703069473,1658954,0.201113,0.043096,-9.447520
1703069473,1658975,0.181959,-0.014365,-9.538500
1703069473,1658997,0.229843,0.028730,-9.406818
1703069473,1659017,0.196325,0.064643,-9.483433
1703069473,1659048,0.210690,0.014365,-9.428367
1703069473,1659068,0.160412,0.071826,-9.447520
1703069473,1659089,0.220267,-0.019154,-9.548077
1703069473,1659109,0.210690,0.040701,-9.469068
1703069473,1659129,0.213084,-0.021548,-9.428367
1703069473,1659149,0.222661,0.040701,-9.469068
1703069473,1659169,0.172383,0.033519,-9.519346
1703069473,1659189,0.181959,0.086191,-9.390059
1703069473,1659210,0.225055,0.064643,-9.545682
1703069473,1659232,0.210690,0.028730,-9.370906
1703069473,1659252,0.220267,-0.007183,-9.476251
1703069473,1659272,0.201113,0.016759,-9.519346
1703069473,1659292,0.155623,0.086191,-9.519346
1703069473,1659313,0.246603,-0.002394,-9.375694
1703069473,1659333,0.239420,0.023942,-9.435549
1703069474,1659353,0.210690,0.002394,-9.473856
1703069474,1659373,0.239420,0.019154,-9.459491
1703069474,1659393,0.225055,0.035913,-9.507375
1703069474,1659413,0.177171,0.033519,-9.490616
1703069474,1659434,0.181959,0.028730,-9.521740
1703069474,1659456,0.162806,0.047884,-9.414001
1703069474,1659476,0.174777,0.045490,-9.433155
1703069474,1659497,0.186748,0.016759,-9.490616
1703069474,1659517,0.239420,0.014365,-9.536105
1703069474,1659538,0.153229,0.069432,-9.528923
1703069474,1659558,0.134075,-0.019154,-9.538500
1703069474,1659579,0.196325,0.035913,-9.461885
1703069474,1659599,0.186748,0.004788,-9.418790
1703069474,1659619,0.205901,-0.011971,-9.495404
1703069474,1659640,0.169988,-0.009577,-9.485827
1703069474,1659663,0.237026,0.069432,-9.445126
1703069474,1659683,0.148441,0.014365,-9.536105
1703069474,1659704,0.162806,0.050278,-9.493010
1703069474,1659724,0.189142,0.021548,-9.485827
1703069474,1659745,0.196325,0.040701,-9.421184
1703069474,1659765,0.196325,0.021548,-9.430760
1703069474,1659786,0.208296,0.002394,-9.512163
1703069474,1659806,0.198719,0.095768,-9.500193
1703069474,1659827,0.167594,0.071826,-9.500193
1703069474,1659847,0.196325,-0.002394,-9.361329
1703069474,1659868,0.122104,0.074220,-9.500193
1703069474,1659891,0.213084,-0.011971,-9.397242
1703069474,1659911,0.210690,0.040701,-9.512163
1703069474,1659932,0.217872,0.114922,-9.476251
1703069474,1659952,0.165200,0.019154,-9.414001
1703069474,1659973,0.165200,-0.014365,-9.471462
1703069474,1659993,0.169988,0.057461,-9.464279
1703069474,1660014,0.232238,0.038307,-9.423578
1703069474,1660034,0.213084,0.045490,-9.564836
1703069474,1660055,0.217872,-0.033519,-9.409213
1703069474,1660075,0.232238,0.064643,-9.430760
1703069474,1660096,0.232238,-0.004788,-9.454702
1703069474,1660119,0.217872,0.014365,-9.454702
1703069474,1660139,0.198719,0.023942,-9.385271
1703069474,1660160,0.227449,0.002394,-9.387665
1703069474,1660180,0.184354,0.004788,-9.473856
1703069474,1660201,0.220267,0.083797,-9.488221
1703069474,1660221,0.179565,0.083797,-9.548077
1703069474,1660242,0.217872,0.038307,-9.416395
1703069474,1660262,0.162806,0.019154,-9.423578
1703069474,1660283,0.189142,0.062249,-9.466674
1703069474,1660303,0.253785,-0.004788,-9.457097
1703069474,1660324,0.181959,0.038307,-9.481039
1703069475,1660347,0.189142,0.000000,-9.476251
1703069475,1660367,0.189142,0.031125,-9.526528
1703069475,1660388,0.184354,0.057461,-9.485827
1703069475,1660408,0.246603,0.055067,-9.418790
1703069475,1660429,0.213084,0.002394,-9.481039
1703069475,1660449,0.213084,0.035913,-9.442732
1703069475,1660470,0.258574,0.050278,-9.435549
1703069475,1660490,0.205901,0.028730,-9.528923
1703069475,1660511,0.126893,0.064643,-9.445126
1703069475,1660531,0.208296,0.043096,-9.493010
1703069475,1660552,0.179565,0.028730,-9.504981
1703069475,1660575,0.193930,0.002394,-9.502586
1703069475,1660595,0.181959,0.038307,-9.478644
1703069475,1660616,0.165200,0.050278,-9.562442
1703069475,1660636,0.174777,0.033519,-9.471462
1703069475,1660657,0.222661,0.069432,-9.481039
1703069475,1660677,0.146046,0.045490,-9.449914
1703069475,1660698,0.179565,0.035913,-9.485827
1703069475,1660718,0.162806,0.057461,-9.507375
1703069475,1660739,0.198719,0.016759,-9.299079
1703069475,1660759,0.205901,0.074220,-9.428367
1703069475,1660780,0.222661,0.110133,-9.514558
1703069475,1660803,0.172383,0.031125,-9.497798
1703069475,1660823,0.248997,-0.026336,-9.478644
1703069475,1660844,0.196325,0.011971,-9.447520
1703069475,1660864,0.174777,0.050278,-9.488221
1703069475,1660885,0.165200,0.014365,-9.490616
1703069475,1660905,0.203507,0.009577,-9.495404
1703069475,1660926,0.198719,0.035913,-9.493010
1703069475,1660946,0.191536,0.059855,-9.531317
1703069475,1660967,0.181959,-0.011971,-9.447520
1703069475,1660987,0.172383,0.050278,-9.428367
1703069475,1661008,0.172383,0.043096,-9.493010
1703069475,1661030,0.191536,-0.004788,-9.406818
1703069475,1661051,0.229843,0.047884,-9.392453
1703069475,1661071,0.232238,0.043096,-9.500193
1703069475,1661092,0.181959,0.007183,-9.452309
1703069475,1661112,0.234632,0.007183,-9.406818
1703069475,1661133,0.177171,0.050278,-9.397242
1703069475,1661153,0.198719,0.014365,-9.473856
1703069475,1661173,0.213084,0.059855,-9.327810
1703069475,1661194,0.186748,-0.009577,-9.411607
1703069475,1661214,0.241814,0.057461,-9.512163
1703069475,1661245,0.158017,0.009577,-9.493010
1703069475,1661266,0.196325,0.002394,-9.433155
1703069475,1661286,0.165200,-0.016759,-9.447520
1703069475,1661306,0.248997,0.043096,-9.507375
1703069475,1661326,0.198719,0.045490,-9.406818
1703069476,1661346,0.239420,0.069432,-9.478644
1703069476,1661366,0.215478,0.052672,-9.423578
1703069476,1661387,0.210690,0.016759,-9.509769
1703069476,1661407,0.160412,0.000000,-9.497798
1703069476,1661427,0.280122,0.011971,-9.540894
1703069476,1661447,0.172383,0.045490,-9.519346
1703069476,1661470,0.105345,-0.009577,-9.457097
1703069476,1661490,0.189142,0.040701,-9.543288
1703069476,1661510,0.241814,0.067038,-9.464279
1703069476,1661530,0.246603,0.071826,-9.461885
1703069476,1661551,0.186748,0.047884,-9.519346
1703069476,1661571,0.177171,0.074220,-9.526528
1703069476,1661591,0.208296,0.038307,-9.497798
1703069476,1661611,0.241814,0.107739,-9.459491
1703069476,1661631,0.222661,0.011971,-9.471462
1703069476,1661652,0.217872,0.016759,-9.457097
1703069476,1661672,0.268151,0.031125,-9.485827
1703069476,1661694,0.203507,0.052672,-9.459491
1703069476,1661715,0.153229,0.002394,-9.466674
1703069476,1661735,0.179565,0.019154,-9.437943
1703069476,1661755,0.141258,0.011971,-9.490616
1703069476,1661775,0.153229,0.023942,-9.469068
1703069476,1661795,0.205901,0.045490,-9.526528
1703069476,1661816,0.210690,0.079009,-9.452309
1703069476,1661836,0.189142,0.069432,-9.504981
1703069476,1661856,0.208296,0.045490,-9.493010
1703069476,1661876,0.160412,0.045490,-9.481039
1703069476,1661897,0.189142,0.064643,-9.414001
1703069476,1661919,0.129287,0.064643,-9.548077
1703069476,1661939,0.232238,0.050278,-9.464279
1703069476,1661960,0.146046,-0.004788,-9.459491
1703069476,1661980,0.162806,0.071826,-9.428367
1703069476,1662000,0.198719,0.023942,-9.425972
1703069476,1662020,0.196325,0.035913,-9.459491
1703069476,1662040,0.174777,0.009577,-9.416395
1703069476,1662061,0.268151,0.086191,-9.538500
1703069476,1662081,0.167594,0.045490,-9.404425
1703069476,1662101,0.179565,0.009577,-9.442732
1703069476,1662121,0.148441,0.050278,-9.368511
1703069476,1662144,0.229843,0.007183,-9.481039
1703069476,1662164,0.189142,0.069432,-9.502586
1703069476,1662184,0.181959,0.033519,-9.493010
1703069476,1662205,0.184354,0.011971,-9.485827
1703069476,1662225,0.253785,0.038307,-9.366117
1703069476,1662245,0.205901,-0.035913,-9.495404
1703069476,1662265,0.227449,0.028730,-9.557653
1703069476,1662286,0.222661,0.040701,-9.435549
1703069476,1662306,0.241814,0.052672,-9.526528
1703069476,1662326,0.165200,0.069432,-9.464279
1703069477,1662346,0.244209,0.014365,-9.392453
1703069477,1662369,0.172383,0.069432,-9.543288
1703069477,1662389,0.150835,0.079009,-9.409213
1703069477,1662410,0.184354,-0.004788,-9.583989
1703069477,1662430,0.239420,0.057461,-9.497798
1703069477,1662450,0.179565,-0.028730,-9.543288
1703069477,1662470,0.234632,0.100556,-9.512163
1703069477,1662491,0.189142,0.057461,-9.387665
1703069477,1662511,0.234632,0.064643,-9.524135
1703069477,1662531,0.189142,0.021548,-9.459491
1703069477,1662551,0.210690,0.095768,-9.473856
1703069477,1662572,0.193930,0.019154,-9.531317
1703069477,1662594,0.205901,0.011971,-9.476251
1703069477,1662614,0.201113,0.088585,-9.502586
1703069477,1662635,0.196325,0.019154,-9.469068
1703069477,1662655,0.181959,0.028730,-9.418790
1703069477,1662675,0.203507,0.035913,-9.397242
1703069477,1662695,0.172383,0.031125,-9.454702
1703069477,1662716,0.220267,0.031125,-9.454702
1703069477,1662736,0.172383,0.026336,-9.421184
1703069477,1662756,0.205901,0.040701,-9.493010
1703069477,1662776,0.186748,0.045490,-9.560047
1703069477,1662796,0.201113,0.038307,-9.464279
1703069477,1662819,0.179565,0.067038,-9.433155
1703069477,1662839,0.198719,0.040701,-9.457097
1703069477,1662859,0.181959,0.023942,-9.562442
1703069477,1662879,0.186748,0.062249,-9.354146
1703069477,1662899,0.193930,0.067038,-9.445126
1703069477,1662920,0.189142,0.038307,-9.466674
1703069477,1662940,0.246603,0.038307,-9.437943
1703069477,1662960,0.196325,-0.021548,-9.521740
1703069477,1662980,0.201113,0.043096,-9.440337
1703069477,1663000,0.155623,0.038307,-9.452309
1703069477,1663023,0.167594,0.045490,-9.595961
1703069477,1663043,0.201113,0.071826,-9.497798
1703069477,1663063,0.203507,0.093374,-9.414001
1703069477,1663084,0.227449,0.011971,-9.545682
1703069477,1663104,0.220267,-0.016759,-9.392453
1703069477,1663125,0.222661,0.064643,-9.464279
1703069477,1663145,0.158017,0.009577,-9.425972
1703069477,1663166,0.222661,0.021548,-9.433155
1703069477,1663186,0.232238,0.014365,-9.560047
1703069477,1663206,0.148441,0.021548,-9.502586
1703069477,1663227,0.193930,0.079009,-9.514558
1703069477,1663250,0.239420,0.016759,-9.428367
1703069477,1663270,0.237026,-0.004788,-9.469068
1703069477,1663291,0.167594,0.088585,-9.495404
1703069477,1663311,0.296881,0.062249,-9.461885
1703069477,1663332,0.162806,0.043096,-9.533711
1703069478,1663352,0.201113,-0.033519,-9.483433
1703069478,1663373,0.258574,0.000000,-9.435549
1703069478,1663394,0.201113,0.033519,-9.442732
1703069478,1663414,0.246603,0.021548,-9.440337
1703069478,1663435,0.146046,0.038307,-9.516952
1703069478,1663455,0.220267,-0.007183,-9.428367
1703069478,1663478,0.174777,0.028730,-9.464279
1703069478,1663499,0.184354,0.043096,-9.533711
1703069478,1663519,0.222661,-0.004788,-9.485827
1703069478,1663540,0.162806,0.040701,-9.514558
1703069478,1663560,0.215478,0.052672,-9.531317
1703069478,1663581,0.177171,0.043096,-9.397242
1703069478,1663601,0.158017,0.007183,-9.483433
1703069478,1663622,0.174777,-0.045490,-9.512163
1703069478,1663642,0.165200,0.038307,-9.490616
1703069478,1663663,0.241814,0.026336,-9.440337
1703069478,1663683,0.193930,0.045490,-9.516952
1703069478,1663706,0.232238,0.031125,-9.500193
1703069478,1663727,0.205901,0.047884,-9.390059
1703069478,1663747,0.174777,0.038307,-9.483433
1703069478,1663768,0.237026,0.062249,-9.538500
1703069478,1663788,0.210690,0.045490,-9.404425
1703069478,1663809,0.186748,0.095768,-9.629479
1703069478,1663829,0.205901,0.062249,-9.473856
1703069478,1663850,0.196325,0.047884,-9.428367
1703069478,1663870,0.201113,0.047884,-9.528923
1703069478,1663891,0.232238,0.105345,-9.452309
1703069478,1663911,0.155623,0.002394,-9.469068
1703069478,1663934,0.251391,-0.002394,-9.528923
1703069478,1663955,0.239420,0.052672,-9.478644
1703069478,1663975,0.193930,0.043096,-9.533711
1703069478,1663996,0.292093,0.014365,-9.574412
1703069478,1664016,0.196325,0.023942,-9.521740
1703069478,1664037,0.253785,0.090980,-9.483433
1703069478,1664057,0.193930,0.043096,-9.464279
1703069478,1664078,0.189142,0.043096,-9.457097
1703069478,1664098,0.177171,0.105345,-9.445126
1703069478,1664119,0.208296,-0.026336,-9.485827
1703069478,1664139,0.201113,-0.033519,-9.454702
1703069478,1664162,0.167594,0.069432,-9.521740
1703069478,1664183,0.193930,0.019154,-9.445126
1703069478,1664203,0.234632,0.014365,-9.509769
1703069478,1664224,0.162806,0.033519,-9.500193
1703069478,1664244,0.189142,0.074220,-9.457097
1703069478,1664265,0.241814,0.059855,-9.469068
1703069478,1664285,0.203507,0.023942,-9.500193
1703069478,1664306,0.193930,0.007183,-9.545682
1703069478,1664326,0.205901,0.019154,-9.440337
1703069479,1664347,0.184354,0.043096,-9.459491
1703069479,1664367,0.138864,0.043096,-9.440337
1703069479,1664390,0.205901,0.026336,-9.538500
1703069479,1664411,0.153229,0.021548,-9.478644
1703069479,1664431,0.165200,0.019154,-9.531317
1703069479,1664452,0.191536,0.014365,-9.394848
1703069479,1664472,0.165200,0.038307,-9.442732
1703069479,1664493,0.210690,0.040701,-9.483433
1703069479,1664513,0.174777,0.047884,-9.471462
1703069479,1664534,0.248997,0.040701,-9.409213
1703069479,1664554,0.225055,0.059855,-9.459491
1703069479,1664575,0.196325,-0.004788,-9.552865
1703069479,1664598,0.220267,0.011971,-9.488221
1703069479,1664618,0.265756,0.035913,-9.478644
1703069479,1664638,0.167594,0.045490,-9.406818
1703069479,1664659,0.203507,0.090980,-9.418790
1703069479,1664679,0.189142,0.052672,-9.454702
1703069479,1664700,0.167594,-0.011971,-9.581595
1703069479,1664720,0.179565,0.016759,-9.437943
1703069479,1664741,0.239420,0.100556,-9.552865
1703069479,1664761,0.210690,0.014365,-9.516952
1703069479,1664781,0.191536,0.059855,-9.574412
1703069479,1664802,0.196325,0.019154,-9.421184
1703069479,1664832,0.193930,-0.004788,-9.445126
1703069479,1664854,0.205901,0.002394,-9.452309
1703069479,1664874,0.210690,0.076614,-9.564836
1703069479,1664894,0.227449,-0.007183,-9.471462
1703069479,1664914,0.232238,0.047884,-9.449914
1703069479,1664934,0.234632,0.098162,-9.490616
1703069479,1664954,0.165200,0.074220,-9.454702
1703069479,1664974,0.208296,0.033519,-9.342175
1703069479,1664995,0.227449,0.035913,-9.586384
1703069479,1665015,0.253785,0.033519,-9.524135
1703069479,1665035,0.229843,0.016759,-9.572019
1703069479,1665057,0.177171,0.014365,-9.466674
1703069479,1665077,0.201113,0.040701,-9.402030
1703069479,1665098,0.205901,0.028730,-9.490616
1703069479,1665118,0.169988,0.000000,-9.473856
1703069479,1665138,0.251391,0.035913,-9.490616
1703069479,1665158,0.196325,0.043096,-9.507375
1703069479,1665179,0.203507,0.088585,-9.447520
1703069479,1665199,0.217872,-0.019154,-9.528923
1703069479,1665219,0.225055,0.031125,-9.490616
1703069479,1665239,0.229843,0.019154,-9.473856
1703069479,1665259,0.155623,-0.047884,-9.404425
1703069479,1665282,0.208296,0.126893,-9.466674
1703069479,1665302,0.153229,-0.009577,-9.488221
1703069479,1665322,0.210690,0.007183,-9.416395
1703069480,1665343,0.203507,0.064643,-9.430760
1703069480,1665363,0.215478,-0.002394,-9.418790
1703069480,1665383,0.179565,0.050278,-9.447520
1703069480,1665403,0.196325,0.064643,-9.548077
1703069480,1665424,0.189142,0.021548,-9.483433
1703069480,1665444,0.191536,0.071826,-9.502586
1703069480,1665464,0.258574,0.023942,-9.538500
1703069480,1665484,0.210690,0.067038,-9.414001
1703069480,1665507,0.232238,0.019154,-9.485827
1703069480,1665527,0.198719,0.004788,-9.449914
1703069480,1665547,0.241814,0.004788,-9.382876
1703069480,1665567,0.148441,-0.014365,-9.478644
1703069480,1665588,0.258574,0.026336,-9.500193
1703069480,1665608,0.248997,0.074220,-9.392453
1703069480,1665628,0.198719,0.043096,-9.504981
1703069480,1665648,0.160412,0.050278,-9.500193
1703069480,1665668,0.189142,-0.014365,-9.500193
1703069480,1665689,0.184354,0.047884,-9.493010
1703069480,1665709,0.165200,0.059855,-9.421184
1703069480,1665731,0.174777,0.028730,-9.476251
1703069480,1665752,0.220267,0.086191,-9.414001
1703069480,1665772,0.193930,0.045490,-9.454702
1703069480,1665792,0.232238,0.088585,-9.425972
1703069480,1665812,0.225055,0.074220,-9.493010
1703069480,1665833,0.244209,0.026336,-9.516952
1703069480,1665853,0.158017,0.043096,-9.504981
1703069480,1665873,0.112527,0.059855,-9.440337
1703069480,1665893,0.201113,-0.002394,-9.437943
1703069480,1665914,0.172383,0.055067,-9.512163
1703069480,1665934,0.225055,0.031125,-9.435549
1703069480,1665956,0.205901,0.067038,-9.380483
1703069480,1665977,0.237026,0.002394,-9.478644
1703069480,1665997,0.177171,-0.002394,-9.524135
1703069480,1666017,0.198719,0.021548,-9.370906
1703069480,1666037,0.122104,0.019154,-9.586384
1703069480,1666058,0.239420,-0.011971,-9.452309
1703069480,1666078,0.227449,0.023942,-9.452309
1703069480,1666098,0.191536,0.143652,-9.507375
1703069480,1666118,0.191536,0.023942,-9.416395
1703069480,1666138,0.225055,0.007183,-9.483433
1703069480,1666161,0.260968,-0.045490,-9.452309
1703069480,1666181,0.246603,0.069432,-9.402030
1703069480,1666201,0.217872,0.026336,-9.447520
1703069480,1666222,0.177171,0.050278,-9.464279
1703069480,1666242,0.225055,0.035913,-9.459491
1703069480,1666262,0.165200,0.028730,-9.428367
1703069480,1666283,0.203507,0.026336,-9.411607
1703069480,1666303,0.146046,0.062249,-9.459491
1703069480,1666323,0.251391,0.004788,-9.442732
1703069481,1666343,0.174777,0.026336,-9.512163
1703069481,1666363,0.275333,0.014365,-9.497798
1703069481,1666386,0.196325,0.031125,-9.581595
1703069481,1666406,0.203507,0.035913,-9.488221
1703069481,1666426,0.213084,0.026336,-9.473856
1703069481,1666446,0.208296,0.093374,-9.490616
1703069481,1666466,0.256180,0.043096,-9.411607
1703069481,1666486,0.165200,0.055067,-9.521740
1703069481,1666507,0.189142,0.019154,-9.447520
1703069481,1666527,0.181959,0.076614,-9.543288
1703069481,1666547,0.217872,0.067038,-9.425972
1703069481,1666567,0.232238,0.028730,-9.478644
1703069481,1666587,0.215478,0.067038,-9.402030
1703069481,1666610,0.256180,0.083797,-9.476251
1703069481,1666630,0.177171,0.004788,-9.485827
1703069481,1666650,0.162806,0.059855,-9.466674
1703069481,1666671,0.179565,0.014365,-9.433155
1703069481,1666691,0.260968,-0.004788,-9.457097
1703069481,1666712,0.160412,0.090980,-9.464279
1703069481,1666732,0.234632,0.071826,-9.452309
1703069481,1666753,0.213084,-0.014365,-9.344569
1703069481,1666773,0.210690,-0.014365,-9.562442
1703069481,1666793,0.215478,0.038307,-9.490616
1703069481,1666814,0.201113,0.052672,-9.442732
1703069481,1666837,0.174777,0.040701,-9.504981
1703069481,1666857,0.167594,0.067038,-9.497798
1703069481,1666878,0.330400,-0.055067,-9.524135
1703069481,1666898,0.189142,0.107739,-9.457097
1703069481,1666919,0.215478,0.014365,-9.485827
1703069481,1666939,0.174777,0.076614,-9.435549
1703069481,1666960,0.205901,0.055067,-9.490616
1703069481,1666980,0.210690,0.079009,-9.433155
1703069481,1667001,0.234632,0.045490,-9.387665
1703069481,1667021,0.232238,0.038307,-9.442732
1703069481,1667042,0.181959,0.043096,-9.521740
1703069481,1667065,0.237026,0.055067,-9.476251
1703069481,1667085,0.193930,0.045490,-9.476251
1703069481,1667106,0.208296,0.059855,-9.459491
1703069481,1667126,0.167594,0.002394,-9.555259
1703069481,1667147,0.232238,0.064643,-9.449914
1703069481,1667167,0.181959,0.062249,-9.466674
1703069481,1667188,0.193930,0.081403,-9.497798
1703069481,1667208,0.169988,0.100556,-9.382876
1703069481,1667229,0.191536,0.023942,-9.459491
1703069481,1667249,0.225055,0.002394,-9.476251
1703069481,1667270,0.184354,0.040701,-9.382876
1703069481,1667293,0.205901,-0.007183,-9.464279
1703069481,1667313,0.237026,0.021548,-9.507375
1703069481,1667334,0.205901,0.016759,-9.488221
1703069482,1667354,0.248997,0.031125,-9.452309
1703069482,1667375,0.225055,0.014365,-9.406818
1703069482,1667395,0.198719,0.033519,-9.586384
1703069482,1667416,0.165200,0.040701,-9.466674
1703069482,1667436,0.162806,-0.011971,-9.382876
1703069482,1667457,0.160412,-0.014365,-9.459491
1703069482,1667477,0.272939,0.026336,-9.425972
1703069482,1667498,0.260968,0.023942,-9.385271
1703069482,1667521,0.222661,0.086191,-9.490616
1703069482,1667541,0.210690,0.011971,-9.485827
1703069482,1667562,0.196325,0.057461,-9.490616
1703069482,1667582,0.201113,0.071826,-9.502586
1703069482,1667603,0.196325,0.002394,-9.411607
1703069482,1667623,0.153229,0.067038,-9.421184
1703069482,1667644,0.220267,-0.016759,-9.509769
1703069482,1667664,0.198719,0.040701,-9.342175
1703069482,1667685,0.260968,0.043096,-9.447520
1703069482,1667705,0.220267,0.035913,-9.406818
1703069482,1667726,0.227449,0.050278,-9.449914
1703069482,1667745,0.220267,0.014365,-9.552865
1703069482,1667766,0.167594,0.038307,-9.464279
1703069482,1667786,0.205901,0.004788,-9.433155
1703069482,1667807,0.227449,-0.004788,-9.485827
1703069482,1667827,0.239420,0.023942,-9.531317
1703069482,1667848,0.167594,0.043096,-9.538500
1703069482,1667868,0.179565,0.007183,-9.497798
1703069482,1667889,0.237026,0.038307,-9.471462
1703069482,1667909,0.205901,0.014365,-9.442732
1703069482,1667930,0.222661,0.028730,-9.504981
1703069482,1667953,0.215478,0.033519,-9.404425
1703069482,1667973,0.193930,-0.004788,-9.478644
1703069482,1667994,0.169988,0.062249,-9.466674
1703069482,1668014,0.174777,0.045490,-9.481039
1703069482,1668035,0.167594,0.074220,-9.433155
1703069482,1668055,0.203507,0.031125,-9.385271
1703069482,1668076,0.162806,0.093374,-9.493010
1703069482,1668096,0.167594,-0.019154,-9.481039
1703069482,1668117,0.205901,0.090980,-9.495404
1703069482,1668137,0.193930,0.033519,-9.402030
1703069482,1668158,0.181959,0.057461,-9.500193
1703069482,1668180,0.193930,0.019154,-9.495404
1703069482,1668201,0.227449,0.033519,-9.543288
1703069482,1668221,0.150835,0.038307,-9.416395
1703069482,1668242,0.201113,0.043096,-9.478644
1703069482,1668262,0.213084,0.000000,-9.572019
1703069482,1668283,0.220267,-0.040701,-9.385271
1703069482,1668303,0.198719,0.007183,-9.543288
1703069482,1668324,0.131681,-0.021548,-9.524135
1703069483,1668344,0.220267,0.090980,-9.531317
1703069483,1668364,0.272939,0.009577,-9.461885
1703069483,1668385,0.220267,0.026336,-9.548077
1703069483,1668415,0.191536,0.016759,-9.502586
1703069483,1668437,0.232238,0.014365,-9.488221
1703069483,1668457,0.181959,0.007183,-9.425972
1703069483,1668477,0.196325,0.031125,-9.423578
1703069483,1668497,0.251391,0.021548,-9.483433
1703069483,1668517,0.263362,0.028730,-9.428367
1703069483,1668537,0.205901,0.011971,-9.466674
1703069483,1668557,0.208296,0.081403,-9.512163
1703069483,1668577,0.208296,0.047884,-9.459491
1703069483,1668598,0.167594,-0.009577,-9.488221
1703069483,1668618,0.181959,0.043096,-9.411607
1703069483,1668640,0.179565,0.031125,-9.512163
1703069483,1668660,0.184354,0.052672,-9.428367
1703069483,1668681,0.225055,0.021548,-9.421184
1703069483,1668701,0.186748,-0.004788,-9.404425
1703069483,1668721,0.229843,0.016759,-9.414001
1703069483,1668741,0.205901,0.019154,-9.493010
1703069483,1668761,0.232238,0.028730,-9.452309
1703069483,1668782,0.201113,0.035913,-9.466674
1703069483,1668802,0.201113,0.014365,-9.473856
1703069483,1668822,0.220267,0.064643,-9.402030
1703069483,1668842,0.215478,0.026336,-9.354146
1703069483,1668865,0.186748,0.033519,-9.421184
1703069483,1668885,0.232238,0.033519,-9.397242
1703069483,1668905,0.141258,0.090980,-9.495404
1703069483,1668926,0.220267,0.062249,-9.416395
1703069483,1668946,0.205901,0.007183,-9.454702
1703069483,1668966,0.220267,0.069432,-9.469068
1703069483,1668986,0.237026,0.040701,-9.552865
1703069483,1669006,0.196325,-0.028730,-9.512163
1703069483,1669027,0.229843,0.028730,-9.440337
1703069483,1669047,0.208296,-0.021548,-9.469068
1703069483,1669067,0.208296,0.009577,-9.502586
1703069483,1669090,0.248997,0.026336,-9.409213
1703069483,1669110,0.129287,0.031125,-9.378088
1703069483,1669130,0.198719,0.026336,-9.490616
1703069483,1669150,0.241814,0.031125,-9.378088
1703069483,1669170,0.186748,0.052672,-9.543288
1703069483,1669191,0.155623,0.031125,-9.526528
1703069483,1669211,0.244209,0.081403,-9.528923
1703069483,1669231,0.138864,0.000000,-9.440337
1703069483,1669251,0.153229,0.031125,-9.459491
1703069483,1669271,0.150835,0.074220,-9.445126
1703069483,1669292,0.256180,0.035913,-9.483433
1703069483,1669314,0.208296,0.038307,-9.507375
1703069483,1669334,0.186748,0.069432,-9.457097
1703069484,1669355,0.201113,0.064643,-9.423578
1703069484,1669375,0.225055,-0.002394,-9.433155
1703069484,1669395,0.220267,0.045490,-9.385271
1703069484,1669415,0.280122,0.076614,-9.528923
1703069484,1669436,0.181959,0.023942,-9.507375
1703069484,1669456,0.205901,0.014365,-9.488221
1703069484,1669476,0.241814,-0.019154,-9.516952
1703069484,1669496,0.196325,0.031125,-9.404425
1703069484,1669519,0.174777,0.002394,-9.504981
1703069484,1669539,0.203507,0.045490,-9.531317
1703069484,1669559,0.217872,0.016759,-9.416395
1703069484,1669580,0.193930,0.098162,-9.473856
1703069484,1669600,0.213084,0.067038,-9.562442
1703069484,1669620,0.143652,-0.019154,-9.428367
1703069484,1669640,0.203507,0.014365,-9.385271
1703069484,1669661,0.181959,-0.007183,-9.490616
1703069484,1669681,0.246603,0.059855,-9.380483
1703069484,1669701,0.201113,0.026336,-9.466674
1703069484,1669721,0.193930,0.071826,-9.464279
1703069484,1669744,0.227449,0.126893,-9.519346
1703069484,1669764,0.205901,0.055067,-9.507375
1703069484,1669784,0.270545,0.028730,-9.414001
1703069484,1669805,0.234632,0.009577,-9.504981
1703069484,1669825,0.174777,0.028730,-9.459491
1703069484,1669845,0.196325,0.062249,-9.481039
1703069484,1669865,0.201113,0.011971,-9.497798
1703069484,1669896,0.102951,0.057461,-9.416395
1703069484,1669916,0.191536,-0.026336,-9.361329
1703069484,1669937,0.158017,0.059855,-9.404425
1703069484,1669957,0.217872,0.043096,-9.411607
1703069484,1669979,0.153229,0.002394,-9.471462
1703069484,1669999,0.232238,0.067038,-9.414001
1703069484,1670019,0.220267,0.043096,-9.445126
1703069484,1670039,0.208296,0.045490,-9.437943
1703069484,1670060,0.229843,0.052672,-9.454702
1703069484,1670080,0.217872,0.016759,-9.497798
1703069484,1670100,0.189142,0.019154,-9.495404
1703069484,1670120,0.201113,0.033519,-9.411607
1703069484,1670140,0.258574,0.040701,-9.469068
1703069484,1670160,0.227449,0.050278,-9.507375
1703069484,1670180,0.213084,0.064643,-9.514558
1703069484,1670203,0.143652,0.105345,-9.433155
1703069484,1670223,0.129287,0.028730,-9.454702
1703069484,1670244,0.186748,0.021548,-9.493010
1703069484,1670264,0.181959,0.052672,-9.447520
1703069484,1670285,0.201113,0.019154,-9.495404
1703069484,1670305,0.239420,0.055067,-9.478644
1703069484,1670325,0.213084,0.038307,-9.437943
1703069485,1670346,0.234632,0.064643,-9.483433
1703069485,1670366,0.284910,-0.019154,-9.409213
1703069485,1670387,0.196325,-0.028730,-9.366117
1703069485,1670407,0.196325,0.050278,-9.449914
1703069485,1670430,0.265756,0.004788,-9.447520
1703069485,1670451,0.198719,-0.004788,-9.473856
1703069485,1670471,0.167594,0.088585,-9.548077
1703069485,1670492,0.189142,0.035913,-9.378088
1703069485,1670512,0.172383,0.021548,-9.449914
1703069485,1670533,0.225055,-0.002394,-9.469068
1703069485,1670553,0.146046,0.038307,-9.502586
1703069485,1670574,0.189142,0.093374,-9.466674
1703069485,1670594,0.234632,0.031125,-9.545682
1703069485,1670615,0.167594,0.043096,-9.469068
1703069485,1670635,0.227449,-0.028730,-9.442732
1703069485,1670658,0.222661,-0.002394,-9.382876
1703069485,1670679,0.177171,0.093374,-9.449914
1703069485,1670699,0.272939,0.052672,-9.358934
1703069485,1670720,0.141258,0.086191,-9.540894
1703069485,1670740,0.203507,-0.004788,-9.572019
1703069485,1670761,0.225055,0.050278,-9.493010
1703069485,1670781,0.213084,0.007183,-9.471462
1703069485,1670802,0.203507,-0.016759,-9.454702
1703069485,1670822,0.253785,0.019154,-9.454702
1703069485,1670843,0.181959,0.067038,-9.449914
1703069485,1670863,0.201113,0.021548,-9.481039
1703069485,1670886,0.184354,0.074220,-9.483433
1703069485,1670907,0.186748,0.031125,-9.531317
1703069485,1670927,0.215478,0.071826,-9.428367
1703069485,1670948,0.229843,0.021548,-9.363723
1703069485,1670968,0.179565,-0.011971,-9.471462
1703069485,1670989,0.225055,0.033519,-9.509769
1703069485,1671009,0.234632,0.033519,-9.437943
1703069485,1671030,0.205901,0.071826,-9.521740
1703069485,1671050,0.177171,0.031125,-9.488221
1703069485,1671071,0.196325,0.028730,-9.469068
1703069485,1671094,0.208296,0.031125,-9.557653
1703069485,1671114,0.220267,0.016759,-9.358934
1703069485,1671135,0.143652,0.019154,-9.416395
1703069485,1671155,0.213084,0.043096,-9.437943
1703069485,1671176,0.213084,0.093374,-9.521740
1703069485,1671196,0.268151,0.028730,-9.509769
1703069485,1671217,0.232238,0.057461,-9.502586
1703069485,1671237,0.186748,0.043096,-9.457097
1703069485,1671258,0.196325,0.019154,-9.595961
1703069485,1671278,0.201113,0.062249,-9.481039
1703069485,1671299,0.141258,0.074220,-9.440337
1703069485,1671322,0.143652,0.002394,-9.442732
1703069486,1671342,0.167594,0.043096,-9.516952
1703069486,1671363,0.193930,0.023942,-9.483433
1703069486,1671383,0.213084,0.028730,-9.629479
1703069486,1671404,0.155623,-0.033519,-9.437943
1703069486,1671424,0.203507,0.043096,-9.478644
1703069486,1671445,0.220267,0.124498,-9.437943
1703069486,1671465,0.205901,0.016759,-9.512163
1703069486,1671486,0.196325,0.069432,-9.437943
1703069486,1671506,0.318429,0.028730,-9.411607
1703069486,1671527,0.201113,-0.004788,-9.459491
1703069486,1671550,0.181959,-0.023942,-9.447520
1703069486,1671570,0.177171,0.011971,-9.409213
1703069486,1671591,0.160412,0.050278,-9.416395
1703069486,1671611,0.260968,0.004788,-9.416395
1703069486,1671632,0.172383,0.009577,-9.481039
1703069486,1671652,0.232238,0.043096,-9.464279
1703069486,1671673,0.222661,0.019154,-9.478644
1703069486,1671693,0.181959,0.081403,-9.469068
1703069486,1671714,0.272939,0.047884,-9.526528
1703069486,1671734,0.239420,0.021548,-9.512163
1703069486,1671755,0.181959,0.002394,-9.545682
1703069486,1671778,0.167594,0.035913,-9.528923
1703069486,1671798,0.220267,0.052672,-9.497798
1703069486,1671818,0.155623,0.007183,-9.423578
1703069486,1671839,0.205901,0.038307,-9.404425
1703069486,1671859,0.165200,0.074220,-9.473856
1703069486,1671880,0.138864,0.050278,-9.526528
1703069486,1671900,0.234632,0.040701,-9.452309
1703069486,1671921,0.213084,0.079009,-9.430760
1703069486,1671941,0.227449,0.047884,-9.483433
1703069486,1671961,0.251391,0.079009,-9.442732
1703069486,1671982,0.184354,0.038307,-9.514558
1703069486,1672012,0.222661,0.014365,-9.385271
1703069486,1672033,0.160412,0.079009,-9.543288
1703069486,1672054,0.244209,-0.004788,-9.380483
1703069486,1672074,0.225055,0.019154,-9.342175
1703069486,1672094,0.138864,0.026336,-9.437943
1703069486,1672114,0.222661,0.031125,-9.411607
1703069486,1672134,0.213084,0.009577,-9.452309
1703069486,1672154,0.205901,-0.057461,-9.485827
1703069486,1672174,0.260968,0.016759,-9.497798
1703069486,1672195,0.208296,0.079009,-9.425972
1703069486,1672215,0.169988,-0.031125,-9.526528
1703069486,1672237,0.213084,0.009577,-9.516952
1703069486,1672257,0.205901,0.023942,-9.375694
1703069486,1672278,0.181959,0.064643,-9.471462
1703069486,1672298,0.217872,0.045490,-9.490616
1703069486,1672318,0.208296,0.002394,-9.552865
1703069487,1672338,0.229843,0.026336,-9.447520
1703069487,1672359,0.210690,0.050278,-9.483433
1703069487,1672379,0.177171,0.076614,-9.452309
1703069487,1672399,0.210690,0.045490,-9.485827
1703069487,1672419,0.174777,0.071826,-9.526528
1703069487,1672440,0.169988,0.043096,-9.514558
1703069487,1672462,0.181959,0.076614,-9.437943
1703069487,1672482,0.191536,-0.002394,-9.409213
1703069487,1672502,0.220267,0.064643,-9.466674
1703069487,1672523,0.148441,0.062249,-9.497798
1703069487,1672543,0.184354,0.074220,-9.488221
1703069487,1672563,0.260968,0.062249,-9.418790
1703069487,1672583,0.205901,0.079009,-9.430760
1703069487,1672604,0.167594,0.014365,-9.466674
1703069487,1672624,0.220267,0.023942,-9.421184
1703069487,1672644,0.150835,-0.016759,-9.423578
1703069487,1672664,0.220267,0.062249,-9.452309
1703069487,1672683,0.177171,-0.004788,-9.572019
1703069487,1672703,0.246603,0.011971,-9.428367
1703069487,1672724,0.217872,0.045490,-9.504981
1703069487,1672744,0.210690,0.016759,-9.473856
1703069487,1672764,0.196325,0.038307,-9.385271
1703069487,1672784,0.129287,0.086191,-9.473856
1703069487,1672804,0.172383,0.047884,-9.425972
1703069487,1672825,0.179565,0.033519,-9.528923
1703069487,1672845,0.186748,-0.009577,-9.464279
1703069487,1672865,0.136469,0.107739,-9.469068
1703069487,1672888,0.201113,0.071826,-9.488221
1703069487,1672908,0.169988,0.038307,-9.478644
1703069487,1672928,0.205901,0.038307,-9.461885
1703069487,1672948,0.268151,0.093374,-9.440337
1703069487,1672969,0.184354,0.035913,-9.416395
1703069487,1672989,0.205901,0.007183,-9.507375
1703069487,1673009,0.222661,0.002394,-9.464279
1703069487,1673029,0.158017,0.055067,-9.380483
1703069487,1673050,0.203507,0.007183,-9.428367
1703069487,1673070,0.222661,0.026336,-9.490616
1703069487,1673090,0.229843,0.004788,-9.473856
1703069487,1673113,0.205901,0.031125,-9.457097
1703069487,1673133,0.146046,0.031125,-9.502586
1703069487,1673153,0.189142,-0.040701,-9.478644
1703069487,1673173,0.213084,0.081403,-9.538500
1703069487,1673194,0.155623,0.059855,-9.533711
1703069487,1673214,0.179565,0.019154,-9.524135
1703069487,1673234,0.220267,0.055067,-9.488221
1703069487,1673254,0.232238,0.031125,-9.500193
1703069487,1673275,0.167594,0.033519,-9.375694
1703069487,1673295,0.208296,0.011971,-9.543288
1703069487,1673315,0.210690,0.016759,-9.440337
1703069488,1673338,0.227449,0.040701,-9.526528
1703069488,1673358,0.220267,-0.004788,-9.495404
1703069488,1673378,0.203507,0.011971,-9.502586
1703069488,1673398,0.258574,0.016759,-9.354146
1703069488,1673419,0.198719,0.011971,-9.500193
1703069488,1673439,0.148441,0.040701,-9.440337
1703069488,1673459,0.215478,0.007183,-9.435549
1703069488,1673479,0.177171,-0.004788,-9.507375
1703069488,1673500,0.253785,0.035913,-9.483433
1703069488,1673520,0.167594,0.009577,-9.459491
1703069488,1673540,0.198719,0.033519,-9.421184
1703069488,1673563,0.222661,0.076614,-9.466674
1703069488,1673583,0.217872,0.043096,-9.459491
1703069488,1673603,0.189142,-0.031125,-9.442732
1703069488,1673623,0.189142,0.081403,-9.466674
1703069488,1673643,0.193930,0.000000,-9.469068
1703069488,1673663,0.117316,0.023942,-9.454702
1703069488,1673683,0.158017,-0.002394,-9.437943
1703069488,1673704,0.138864,0.050278,-9.497798
1703069488,1673724,0.232238,0.019154,-9.425972
1703069488,1673744,0.191536,0.064643,-9.583989
1703069488,1673764,0.167594,-0.004788,-9.366117
1703069488,1673787,0.189142,0.071826,-9.567230
1703069488,1673807,0.174777,0.002394,-9.473856
1703069488,1673827,0.205901,0.064643,-9.490616
1703069488,1673848,0.239420,0.040701,-9.416395
1703069488,1673868,0.155623,0.021548,-9.466674
1703069488,1673889,0.179565,0.002394,-9.418790
1703069488,1673909,0.141258,0.064643,-9.440337
1703069488,1673930,0.160412,-0.019154,-9.370906
1703069488,1673950,0.220267,0.083797,-9.471462
1703069488,1673970,0.220267,0.021548,-9.447520
1703069488,1673991,0.184354,0.093374,-9.373300
1703069488,1674014,0.203507,0.045490,-9.440337
1703069488,1674034,0.181959,-0.035913,-9.423578
1703069488,1674055,0.177171,-0.014365,-9.461885
1703069488,1674075,0.162806,0.014365,-9.387665
1703069488,1674096,0.210690,0.064643,-9.514558
1703069488,1674116,0.167594,0.023942,-9.421184
1703069488,1674137,0.208296,-0.043096,-9.430760
1703069488,1674157,0.256180,-0.002394,-9.425972
1703069488,1674178,0.213084,0.045490,-9.485827
1703069488,1674198,0.251391,0.035913,-9.526528
1703069488,1674221,0.167594,0.000000,-9.411607
1703069488,1674242,0.162806,0.021548,-9.514558
1703069488,1674262,0.186748,0.021548,-9.495404
1703069488,1674283,0.193930,0.064643,-9.524135
1703069488,1674303,0.191536,0.071826,-9.543288
1703069488,1674324,0.289698,0.045490,-9.552865
1703069489,1674344,0.136469,-0.016759,-9.516952
1703069489,1674365,0.208296,0.043096,-9.531317
1703069489,1674385,0.186748,0.016759,-9.430760
1703069489,1674406,0.198719,0.026336,-9.416395
1703069489,1674426,0.205901,0.047884,-9.418790
1703069489,1674449,0.193930,0.059855,-9.514558
1703069489,1674470,0.167594,0.028730,-9.428367
1703069489,1674490,0.153229,0.023942,-9.452309
1703069489,1674511,0.172383,0.047884,-9.406818
1703069489,1674531,0.158017,0.057461,-9.469068
1703069489,1674552,0.198719,0.059855,-9.495404
1703069489,1674572,0.193930,0.074220,-9.509769
1703069489,1674593,0.184354,-0.009577,-9.399636
1703069489,1674613,0.215478,0.043096,-9.442732
1703069489,1674634,0.179565,0.016759,-9.504981
1703069489,1674654,0.186748,0.057461,-9.428367
1703069489,1674677,0.203507,0.023942,-9.387665
1703069489,1674698,0.201113,0.062249,-9.425972
1703069489,1674718,0.232238,0.023942,-9.481039
1703069489,1674739,0.148441,0.079009,-9.366117
1703069489,1674759,0.165200,0.131681,-9.512163
1703069489,1674780,0.260968,0.067038,-9.447520
1703069489,1674800,0.210690,0.033519,-9.471462
1703069489,1674821,0.203507,-0.009577,-9.442732
1703069489,1674841,0.191536,0.009577,-9.473856
1703069489,1674862,0.141258,0.028730,-9.440337
1703069489,1674882,0.213084,0.052672,-9.464279
1703069489,1674905,0.169988,0.014365,-9.483433
1703069489,1674926,0.196325,0.057461,-9.440337
1703069489,1674946,0.138864,0.031125,-9.428367
1703069489,1674967,0.150835,0.019154,-9.461885
1703069489,1674987,0.296881,0.011971,-9.504981
1703069489,1675008,0.198719,0.045490,-9.433155
1703069489,1675028,0.160412,0.002394,-9.406818
1703069489,1675049,0.196325,0.062249,-9.440337
1703069489,1675069,0.134075,0.023942,-9.526528
1703069489,1675090,0.191536,0.011971,-9.488221
1703069489,1675110,0.150835,0.021548,-9.421184
1703069489,1675133,0.205901,0.047884,-9.533711
1703069489,1675154,0.191536,0.064643,-9.418790
1703069489,1675174,0.193930,0.038307,-9.409213
1703069489,1675195,0.177171,0.090980,-9.471462
1703069489,1675215,0.158017,-0.023942,-9.483433
1703069489,1675236,0.210690,0.052672,-9.423578
1703069489,1675256,0.158017,0.071826,-9.521740
1703069489,1675277,0.217872,0.055067,-9.469068
1703069489,1675297,0.232238,0.074220,-9.483433
1703069489,1675318,0.220267,0.040701,-9.346964
1703069490,1675338,0.153229,0.043096,-9.461885
1703069490,1675361,0.215478,0.045490,-9.495404
1703069490,1675381,0.208296,0.114922,-9.483433
1703069490,1675402,0.205901,-0.009577,-9.485827
1703069490,1675423,0.229843,0.002394,-9.495404
1703069490,1675443,0.208296,0.031125,-9.600749
1703069490,1675463,0.155623,0.009577,-9.414001
1703069490,1675484,0.169988,0.028730,-9.502586
1703069490,1675504,0.215478,-0.002394,-9.437943
1703069490,1675525,0.167594,0.028730,-9.404425
1703069490,1675545,0.213084,0.035913,-9.533711
1703069490,1675566,0.210690,0.090980,-9.457097
1703069490,1675596,0.220267,0.033519,-9.514558
1703069490,1675617,0.141258,0.043096,-9.390059
1703069490,1675637,0.220267,-0.026336,-9.428367
1703069490,1675657,0.198719,0.055067,-9.471462
1703069490,1675678,0.246603,0.040701,-9.354146
1703069490,1675698,0.172383,0.021548,-9.488221
1703069490,1675718,0.205901,-0.019154,-9.488221
1703069490,1675738,0.222661,0.052672,-9.481039
1703069490,1675758,0.210690,0.035913,-9.464279
1703069490,1675778,0.148441,0.035913,-9.447520
1703069490,1675798,0.146046,0.040701,-9.433155
1703069490,1675821,0.186748,0.059855,-9.373300
1703069490,1675841,0.129287,0.076614,-9.366117
1703069490,1675861,0.222661,0.016759,-9.500193
1703069490,1675881,0.193930,0.059855,-9.471462
1703069490,1675902,0.184354,0.090980,-9.464279
1703069490,1675922,0.213084,0.028730,-9.440337
1703069490,1675942,0.174777,-0.031125,-9.414001
1703069490,1675962,0.167594,0.093374,-9.476251
1703069490,1675983,0.229843,0.031125,-9.433155
1703069490,1676003,0.222661,0.062249,-9.442732
1703069490,1676025,0.222661,0.031125,-9.399636
1703069490,1676046,0.205901,0.011971,-9.490616
1703069490,1676066,0.181959,0.064643,-9.440337
1703069490,1676086,0.232238,0.079009,-9.466674
1703069490,1676106,0.167594,0.045490,-9.526528
1703069490,1676126,0.172383,0.043096,-9.471462
1703069490,1676147,0.213084,0.057461,-9.433155
1703069490,1676167,0.203507,0.040701,-9.418790
1703069490,1676187,0.215478,0.067038,-9.485827
1703069490,1676207,0.225055,0.067038,-9.509769
1703069490,1676227,0.217872,-0.004788,-9.528923
1703069490,1676250,0.184354,0.050278,-9.399636
1703069490,1676270,0.241814,0.021548,-9.521740
1703069490,1676290,0.189142,0.007183,-9.481039
1703069490,1676311,0.217872,0.064643,-9.514558
1703069490,1676331,0.251391,0.098162,-9.500193
1703069491,1676351,0.208296,0.059855,-9.452309
1703069491,1676371,0.158017,0.055067,-9.485827
1703069491,1676392,0.172383,0.035913,-9.423578
1703069491,1676412,0.241814,-0.011971,-9.483433
1703069491,1676432,0.146046,0.009577,-9.528923
1703069491,1676452,0.229843,-0.026336,-9.481039
1703069491,1676475,0.162806,0.038307,-9.536105
1703069491,1676495,0.213084,0.000000,-9.464279
1703069491,1676515,0.208296,0.023942,-9.588778
1703069491,1676536,0.210690,0.112527,-9.483433
1703069491,1676556,0.167594,0.110133,-9.490616
1703069491,1676576,0.186748,0.062249,-9.490616
1703069491,1676596,0.167594,0.038307,-9.442732
1703069491,1676616,0.232238,0.055067,-9.428367
1703069491,1676637,0.186748,0.016759,-9.464279
1703069491,1676657,0.143652,0.009577,-9.497798
1703069491,1676677,0.229843,0.057461,-9.442732
1703069491,1676700,0.241814,0.081403,-9.500193
1703069491,1676720,0.184354,0.095768,-9.476251
1703069491,1676740,0.232238,0.031125,-9.459491
1703069491,1676761,0.134075,-0.004788,-9.447520
1703069491,1676781,0.177171,0.007183,-9.404425
1703069491,1676801,0.148441,0.052672,-9.416395
1703069491,1676821,0.186748,0.064643,-9.490616
1703069491,1676841,0.208296,0.019154,-9.521740
1703069491,1676862,0.253785,0.002394,-9.528923
1703069491,1676882,0.220267,0.028730,-9.476251
1703069491,1676902,0.229843,-0.002394,-9.512163
1703069491,1676925,0.234632,0.093374,-9.464279
1703069491,1676945,0.150835,0.071826,-9.445126
1703069491,1676965,0.251391,0.064643,-9.414001
1703069491,1676985,0.186748,0.033519,-9.490616
1703069491,1677006,0.201113,0.009577,-9.516952
1703069491,1677026,0.234632,0.047884,-9.459491
1703069491,1677046,0.201113,0.059855,-9.418790
1703069491,1677066,0.201113,0.035913,-9.485827
1703069491,1677087,0.158017,-0.002394,-9.512163
1703069491,1677107,0.227449,0.023942,-9.397242
1703069491,1677127,0.184354,0.031125,-9.512163
1703069491,1677150,0.179565,0.002394,-9.476251
1703069491,1677170,0.215478,-0.040701,-9.466674
1703069491,1677190,0.220267,0.028730,-9.457097
1703069491,1677210,0.196325,0.021548,-9.442732
1703069491,1677230,0.220267,0.090980,-9.425972
1703069491,1677250,0.227449,0.057461,-9.457097
1703069491,1677270,0.184354,0.038307,-9.473856
1703069491,1677291,0.222661,0.110133,-9.473856
1703069491,1677311,0.165200,0.000000,-9.447520
1703069491,1677331,0.148441,0.019154,-9.433155
1703069492,1677351,0.177171,0.038307,-9.469068
1703069492,1677373,0.160412,0.007183,-9.516952
1703069492,1677394,0.227449,0.035913,-9.440337
1703069492,1677415,0.136469,0.052672,-9.361329
1703069492,1677435,0.208296,-0.023942,-9.524135
1703069492,1677455,0.210690,0.021548,-9.564836
1703069492,1677476,0.148441,0.045490,-9.469068
1703069492,1677496,0.248997,0.093374,-9.414001
1703069492,1677517,0.189142,0.045490,-9.454702
1703069492,1677537,0.189142,0.007183,-9.406818
1703069492,1677558,0.205901,0.004788,-9.519346
1703069492,1677578,0.225055,0.040701,-9.469068
1703069492,1677601,0.169988,0.038307,-9.457097
1703069492,1677621,0.193930,-0.026336,-9.406818
1703069492,1677642,0.205901,0.045490,-9.390059
1703069492,1677662,0.169988,0.074220,-9.454702
1703069492,1677683,0.215478,0.057461,-9.399636
1703069492,1677703,0.213084,0.016759,-9.540894
1703069492,1677724,0.150835,0.023942,-9.447520
1703069492,1677745,0.213084,0.052672,-9.397242
1703069492,1677765,0.213084,0.033519,-9.423578
1703069492,1677786,0.196325,-0.023942,-9.548077
1703069492,1677809,0.141258,0.038307,-9.488221
1703069492,1677829,0.210690,0.035913,-9.469068
1703069492,1677850,0.225055,0.019154,-9.521740
1703069492,1677870,0.205901,0.019154,-9.531317
1703069492,1677891,0.186748,0.112527,-9.445126
1703069492,1677911,0.208296,-0.021548,-9.437943
1703069492,1677932,0.153229,0.076614,-9.497798
1703069492,1677952,0.239420,-0.014365,-9.387665
1703069492,1677973,0.167594,0.059855,-9.442732
1703069492,1677993,0.260968,0.083797,-9.526528
1703069492,1678014,0.160412,-0.002394,-9.509769
1703069492,1678037,0.205901,0.011971,-9.502586
1703069492,1678057,0.251391,0.074220,-9.526528
1703069492,1678078,0.174777,0.045490,-9.380483
1703069492,1678098,0.239420,0.033519,-9.481039
1703069492,1678119,0.191536,0.035913,-9.495404
1703069492,1678139,0.227449,0.004788,-9.528923
1703069492,1678160,0.205901,-0.019154,-9.512163
1703069492,1678180,0.177171,0.031125,-9.411607
1703069492,1678201,0.198719,0.026336,-9.428367
1703069492,1678221,0.222661,0.021548,-9.461885
1703069492,1678242,0.196325,0.071826,-9.483433
1703069492,1678265,0.191536,0.035913,-9.382876
1703069492,1678285,0.179565,0.057461,-9.500193
1703069492,1678306,0.201113,0.002394,-9.452309
1703069492,1678326,0.227449,0.040701,-9.457097
1703069493,1678347,0.184354,0.043096,-9.440337
1703069493,1678367,0.179565,0.059855,-9.634268
1703069493,1678388,0.208296,0.040701,-9.402030
1703069493,1678408,0.196325,-0.007183,-9.435549
1703069493,1678429,0.227449,-0.009577,-9.452309
1703069493,1678449,0.246603,0.031125,-9.402030
1703069493,1678470,0.172383,0.081403,-9.437943
1703069493,1678493,0.189142,0.052672,-9.476251
1703069493,1678513,0.167594,0.028730,-9.514558
1703069493,1678534,0.191536,0.045490,-9.485827
1703069493,1678554,0.237026,0.052672,-9.349358
1703069493,1678575,0.215478,-0.002394,-9.428367
1703069493,1678595,0.203507,0.002394,-9.481039
1703069493,1678616,0.189142,0.028730,-9.440337
1703069493,1678636,0.186748,0.026336,-9.469068
1703069493,1678657,0.186748,0.055067,-9.351752
1703069493,1678677,0.160412,0.071826,-9.502586
1703069493,1678698,0.191536,0.067038,-9.452309
1703069493,1678721,0.296881,0.016759,-9.617508
1703069493,1678741,0.169988,0.038307,-9.406818
1703069493,1678762,0.265756,0.064643,-9.423578
1703069493,1678782,0.158017,0.079009,-9.483433
1703069493,1678803,0.167594,0.000000,-9.406818
1703069493,1678823,0.198719,0.033519,-9.483433
1703069493,1678844,0.244209,0.026336,-9.430760
1703069493,1678864,0.191536,-0.021548,-9.603143
1703069493,1678885,0.237026,0.023942,-9.476251
1703069493,1678905,0.136469,0.067038,-9.533711
1703069493,1678926,0.136469,0.086191,-9.471462
1703069493,1678949,0.131681,0.059855,-9.488221
1703069493,1678969,0.215478,0.074220,-9.469068
1703069493,1678989,0.184354,0.016759,-9.478644
1703069493,1679010,0.246603,0.000000,-9.459491
1703069493,1679030,0.181959,0.004788,-9.445126
1703069493,1679051,0.205901,0.021548,-9.564836
1703069493,1679071,0.201113,0.028730,-9.555259
1703069493,1679092,0.141258,0.016759,-9.442732
1703069493,1679112,0.131681,0.064643,-9.516952
1703069493,1679132,0.167594,-0.009577,-9.478644
1703069493,1679153,0.244209,0.069432,-9.466674
1703069493,1679183,0.210690,0.079009,-9.440337
1703069493,1679204,0.169988,0.047884,-9.454702
1703069493,1679225,0.191536,0.023942,-9.507375
1703069493,1679245,0.201113,0.028730,-9.471462
1703069493,1679265,0.220267,0.019154,-9.507375
1703069493,1679285,0.179565,0.000000,-9.442732
1703069493,1679305,0.189142,0.031125,-9.370906
1703069493,1679325,0.193930,0.055067,-9.449914
1703069494,1679345,0.227449,-0.016759,-9.476251
1703069494,1679366,0.210690,0.043096,-9.447520
1703069494,1679388,0.229843,-0.014365,-9.454702
1703069494,1679408,0.198719,-0.002394,-9.531317
1703069494,1679429,0.263362,0.047884,-9.459491
1703069494,1679449,0.251391,0.074220,-9.488221
1703069494,1679469,0.227449,0.004788,-9.500193
1703069494,1679489,0.201113,0.028730,-9.437943
1703069494,1679509,0.191536,0.019154,-9.485827
1703069494,1679530,0.203507,0.000000,-9.500193
1703069494,1679550,0.174777,0.076614,-9.459491
1703069494,1679570,0.158017,0.026336,-9.502586
1703069494,1679590,0.174777,0.002394,-9.552865
1703069494,1679613,0.181959,-0.011971,-9.445126
1703069494,1679633,0.198719,0.045490,-9.490616
1703069494,1679653,0.155623,0.045490,-9.445126
1703069494,1679673,0.222661,0.038307,-9.435549
1703069494,1679694,0.210690,0.055067,-9.459491
1703069494,1679714,0.153229,0.069432,-9.428367
1703069494,1679734,0.208296,0.093374,-9.428367
1703069494,1679754,0.160412,0.019154,-9.437943
1703069494,1679775,0.193930,0.007183,-9.394848
1703069494,1679795,0.210690,0.088585,-9.514558
1703069494,1679815,0.213084,0.040701,-9.531317
1703069494,1679838,0.241814,0.062249,-9.583989
1703069494,1679858,0.193930,0.055067,-9.447520
1703069494,1679878,0.174777,0.045490,-9.473856
1703069494,1679898,0.174777,0.000000,-9.437943
1703069494,1679918,0.232238,0.047884,-9.454702
1703069494,1679939,0.248997,0.064643,-9.469068
1703069494,1679959,0.217872,0.071826,-9.483433
1703069494,1679979,0.205901,-0.016759,-9.490616
1703069494,1679999,0.160412,0.031125,-9.490616
1703069494,1680019,0.210690,0.023942,-9.478644
1703069494,1680040,0.181959,-0.002394,-9.500193
1703069494,1680062,0.241814,0.002394,-9.478644
1703069494,1680082,0.186748,-0.004788,-9.478644
1703069494,1680103,0.174777,0.074220,-9.447520
1703069494,1680123,0.220267,0.021548,-9.414001
1703069494,1680143,0.193930,-0.019154,-9.421184
1703069494,1680163,0.196325,0.069432,-9.473856
1703069494,1680184,0.141258,0.050278,-9.552865
1703069494,1680204,0.227449,0.028730,-9.526528
1703069494,1680224,0.227449,0.011971,-9.435549
1703069494,1680244,0.179565,0.033519,-9.538500
1703069494,1680265,0.201113,0.040701,-9.552865
1703069494,1680287,0.124498,0.043096,-9.454702
1703069494,1680307,0.193930,0.016759,-9.445126
1703069494,1680328,0.203507,0.045490,-9.531317
1703069495,1680348,0.196325,-0.004788,-9.380483
1703069495,1680368,0.220267,-0.059855,-9.516952
1703069495,1680388,0.227449,0.083797,-9.378088
1703069495,1680409,0.210690,0.050278,-9.504981
1703069495,1680429,0.165200,0.026336,-9.471462
1703069495,1680449,0.213084,0.000000,-9.457097
1703069495,1680469,0.181959,-0.009577,-9.493010
1703069495,1680490,0.189142,0.026336,-9.351752
1703069495,1680512,0.256180,0.064643,-9.449914
1703069495,1680532,0.248997,0.093374,-9.402030
1703069495,1680553,0.193930,0.059855,-9.385271
1703069495,1680573,0.148441,-0.016759,-9.504981
1703069495,1680593,0.189142,0.009577,-9.452309
1703069495,1680613,0.181959,0.083797,-9.488221
1703069495,1680634,0.275333,0.009577,-9.531317
1703069495,1680654,0.201113,0.083797,-9.502586
1703069495,1680674,0.270545,0.016759,-9.485827
1703069495,1680694,0.201113,-0.038307,-9.440337
1703069495,1680725,0.191536,-0.014365,-9.358934
1703069495,1680748,0.222661,0.050278,-9.466674
1703069495,1680768,0.169988,-0.028730,-9.485827
1703069495,1680788,0.248997,0.033519,-9.495404
1703069495,1680808,0.148441,0.055067,-9.488221
1703069495,1680828,0.174777,0.011971,-9.425972
1703069495,1680848,0.222661,-0.009577,-9.545682
1703069495,1680868,0.138864,0.019154,-9.449914
1703069495,1680888,0.196325,0.050278,-9.528923
1703069495,1680908,0.244209,0.083797,-9.435549
1703069495,1680929,0.241814,0.064643,-9.406818
1703069495,1680951,0.225055,-0.007183,-9.447520
1703069495,1680971,0.193930,0.033519,-9.375694
1703069495,1680992,0.210690,0.000000,-9.488221
1703069495,1681012,0.181959,0.009577,-9.416395
1703069495,1681033,0.193930,0.045490,-9.476251
1703069495,1681053,0.198719,0.028730,-9.368511
1703069495,1681074,0.213084,0.014365,-9.478644
1703069495,1681094,0.205901,0.038307,-9.545682
1703069495,1681115,0.229843,0.002394,-9.485827
1703069495,1681135,0.201113,-0.057461,-9.488221
1703069495,1681155,0.217872,-0.011971,-9.552865
1703069495,1681178,0.181959,0.007183,-9.502586
1703069495,1681199,0.213084,0.033519,-9.469068
1703069495,1681219,0.191536,0.014365,-9.512163
1703069495,1681240,0.227449,0.002394,-9.414001
1703069495,1681260,0.117316,-0.031125,-9.469068
1703069495,1681281,0.196325,0.038307,-9.447520
1703069495,1681301,0.172383,0.059855,-9.418790
1703069495,1681322,0.222661,0.011971,-9.435549
1703069496,1681342,0.169988,0.076614,-9.572019
1703069496,1681363,0.193930,0.016759,-9.526528
1703069496,1681383,0.165200,-0.004788,-9.414001
1703069496,1681406,0.201113,0.009577,-9.461885
1703069496,1681427,0.201113,0.047884,-9.454702
1703069496,1681447,0.205901,0.038307,-9.428367
1703069496,1681468,0.162806,0.016759,-9.469068
1703069496,1681488,0.098162,-0.023942,-9.495404
1703069496,1681509,0.184354,0.035913,-9.493010
1703069496,1681529,0.189142,0.021548,-9.490616
1703069496,1681550,0.196325,0.076614,-9.528923
1703069496,1681570,0.196325,0.069432,-9.514558
1703069496,1681591,0.167594,0.069432,-9.423578
1703069496,1681611,0.232238,0.052672,-9.469068
1703069496,1681634,0.220267,0.031125,-9.473856
1703069496,1681655,0.169988,0.052672,-9.416395
1703069496,1681675,0.174777,0.016759,-9.449914
1703069496,1681696,0.268151,0.021548,-9.449914
1703069496,1681716,0.174777,0.074220,-9.473856
1703069496,1681737,0.258574,0.033519,-9.509769
1703069496,1681757,0.208296,0.052672,-9.476251
1703069496,1681778,0.215478,0.019154,-9.526528
1703069496,1681798,0.201113,0.071826,-9.425972
1703069496,1681819,0.167594,0.093374,-9.449914
1703069496,1681839,0.179565,0.074220,-9.447520
1703069496,1681862,0.205901,0.069432,-9.514558
1703069496,1681883,0.232238,-0.026336,-9.476251
1703069496,1681903,0.213084,-0.026336,-9.425972
1703069496,1681924,0.203507,0.019154,-9.402030
1703069496,1681944,0.225055,0.028730,-9.449914
1703069496,1681965,0.256180,0.076614,-9.442732
1703069496,1681985,0.227449,0.050278,-9.485827
1703069496,1682006,0.160412,-0.031125,-9.481039
1703069496,1682026,0.241814,0.050278,-9.447520
1703069496,1682047,0.232238,0.007183,-9.481039
1703069496,1682067,0.193930,0.016759,-9.526528
1703069496,1682090,0.184354,0.090980,-9.481039
1703069496,1682111,0.155623,0.052672,-9.440337
1703069496,1682131,0.181959,0.019154,-9.464279
1703069496,1682152,0.246603,0.052672,-9.495404
1703069496,1682172,0.181959,0.019154,-9.459491
1703069496,1682193,0.150835,0.023942,-9.416395
1703069496,1682213,0.203507,0.023942,-9.404425
1703069496,1682234,0.201113,0.009577,-9.497798
1703069496,1682254,0.172383,0.090980,-9.457097
1703069496,1682275,0.208296,0.033519,-9.481039
1703069496,1682295,0.189142,-0.033519,-9.428367
1703069496,1682318,0.193930,0.079009,-9.509769
1703069497,1682339,0.186748,0.071826,-9.425972
1703069497,1682359,0.191536,0.047884,-9.500193
1703069497,1682380,0.141258,0.059855,-9.543288
1703069497,1682400,0.198719,-0.014365,-9.552865
1703069497,1682421,0.232238,0.062249,-9.500193
1703069497,1682441,0.229843,0.129287,-9.562442
1703069497,1682462,0.141258,0.033519,-9.497798
1703069497,1682482,0.136469,0.071826,-9.414001
1703069497,1682503,0.229843,0.090980,-9.416395
1703069497,1682526,0.210690,0.011971,-9.469068
1703069497,1682546,0.153229,-0.009577,-9.459491
1703069497,1682567,0.258574,0.014365,-9.459491
1703069497,1682587,0.146046,0.052672,-9.531317
1703069497,1682608,0.208296,0.050278,-9.495404
1703069497,1682628,0.210690,0.011971,-9.366117
1703069497,1682648,0.169988,0.031125,-9.354146
1703069497,1682669,0.167594,0.028730,-9.469068
1703069497,1682689,0.193930,0.011971,-9.519346
1703069497,1682710,0.196325,0.040701,-9.488221
1703069497,1682730,0.229843,0.090980,-9.392453
1703069497,1682761,0.174777,0.071826,-9.423578
1703069497,1682782,0.177171,0.040701,-9.509769
1703069497,1682802,0.220267,0.038307,-9.493010
1703069497,1682822,0.227449,-0.016759,-9.397242
1703069497,1682842,0.205901,0.043096,-9.509769
1703069497,1682862,0.148441,0.059855,-9.454702
1703069497,1682882,0.294487,0.019154,-9.447520
1703069497,1682903,0.196325,0.083797,-9.548077
1703069497,1682923,0.136469,0.057461,-9.538500
1703069497,1682943,0.167594,0.050278,-9.394848
1703069497,1682963,0.256180,0.047884,-9.495404
1703069497,1682986,0.232238,-0.038307,-9.500193
1703069497,1683006,0.260968,0.052672,-9.464279
1703069497,1683026,0.193930,-0.004788,-9.519346
1703069497,1683046,0.179565,0.074220,-9.483433
1703069497,1683066,0.258574,0.031125,-9.454702
1703069497,1683087,0.210690,0.016759,-9.493010
1703069497,1683107,0.239420,0.043096,-9.545682
1703069497,1683127,0.193930,0.081403,-9.507375
1703069497,1683147,0.201113,0.043096,-9.440337
1703069497,1683167,0.167594,-0.004788,-9.385271
1703069497,1683188,0.239420,0.047884,-9.497798
1703069497,1683210,0.184354,0.067038,-9.416395
1703069497,1683230,0.210690,-0.023942,-9.509769
1703069497,1683251,0.237026,0.043096,-9.433155
1703069497,1683271,0.205901,0.045490,-9.569624
1703069497,1683291,0.191536,0.050278,-9.538500
1703069497,1683311,0.234632,0.093374,-9.433155
1703069497,1683331,0.205901,0.028730,-9.538500
1703069498,1683352,0.150835,0.105345,-9.339781
1703069498,1683372,0.217872,0.040701,-9.485827
1703069498,1683392,0.165200,0.019154,-9.471462
1703069498,1683412,0.162806,-0.040701,-9.423578
1703069498,1683435,0.265756,0.000000,-9.423578
1703069498,1683455,0.301669,0.038307,-9.500193
1703069498,1683475,0.210690,0.067038,-9.402030
1703069498,1683496,0.237026,0.026336,-9.414001
1703069498,1683516,0.179565,0.009577,-9.423578
1703069498,1683536,0.205901,0.131681,-9.610326
1703069498,1683556,0.210690,0.047884,-9.473856
1703069498,1683576,0.201113,0.028730,-9.536105
1703069498,1683597,0.167594,0.026336,-9.461885
1703069498,1683617,0.181959,0.050278,-9.433155
1703069498,1683637,0.169988,0.067038,-9.490616
1703069498,1683660,0.201113,-0.002394,-9.433155
1703069498,1683680,0.225055,0.071826,-9.473856
1703069498,1683700,0.234632,0.023942,-9.437943
1703069498,1683720,0.239420,0.035913,-9.406818
1703069498,1683741,0.174777,0.014365,-9.387665
1703069498,1683761,0.186748,0.028730,-9.490616
1703069498,1683781,0.186748,0.033519,-9.512163
1703069498,1683801,0.222661,0.019154,-9.428367
1703069498,1683822,0.193930,0.043096,-9.512163
1703069498,1683842,0.162806,0.014365,-9.476251
1703069498,1683862,0.213084,0.016759,-9.490616
1703069498,1683885,0.201113,0.043096,-9.382876
1703069498,1683905,0.220267,0.031125,-9.466674
1703069498,1683925,0.177171,0.057461,-9.428367
1703069498,1683945,0.208296,0.043096,-9.320627
1703069498,1683966,0.174777,0.052672,-9.557653
1703069498,1683986,0.191536,0.050278,-9.533711
1703069498,1684006,0.258574,0.035913,-9.447520
1703069498,1684026,0.193930,-0.002394,-9.495404
1703069498,1684047,0.169988,0.038307,-9.440337
1703069498,1684067,0.222661,0.052672,-9.454702
1703069498,1684089,0.169988,-0.019154,-9.442732
1703069498,1684110,0.138864,0.026336,-9.418790
1703069498,1684130,0.136469,0.045490,-9.366117
1703069498,1684150,0.201113,0.069432,-9.411607
1703069498,1684170,0.201113,0.021548,-9.557653
1703069498,1684191,0.153229,0.040701,-9.457097
1703069498,1684211,0.172383,0.045490,-9.425972
1703069498,1684231,0.165200,-0.023942,-9.481039
1703069498,1684251,0.184354,0.059855,-9.502586
1703069498,1684272,0.229843,0.002394,-9.478644
1703069498,1684292,0.205901,0.071826,-9.502586
1703069498,1684314,0.150835,0.071826,-9.457097
1703069498,1684335,0.186748,0.002394,-9.502586
1703069499,1684355,0.098162,0.019154,-9.402030
1703069499,1684375,0.210690,0.086191,-9.421184
1703069499,1684395,0.181959,0.059855,-9.363723
1703069499,1684415,0.186748,0.004788,-9.416395
1703069499,1684435,0.146046,0.055067,-9.414001
1703069499,1684456,0.208296,0.019154,-9.437943
1703069499,1684476,0.177171,0.052672,-9.356541
1703069499,1684496,0.220267,-0.023942,-9.445126
1703069499,1684516,0.217872,0.043096,-9.500193
1703069499,1684538,0.205901,0.021548,-9.435549
1703069499,1684559,0.181959,0.028730,-9.447520
1703069499,1684579,0.234632,0.079009,-9.445126
1703069499,1684600,0.208296,0.021548,-9.481039
1703069499,1684620,0.172383,0.062249,-9.433155
1703069499,1684641,0.184354,0.002394,-9.454702
1703069499,1684661,0.296881,0.052672,-9.490616
1703069499,1684681,0.184354,0.031125,-9.428367
1703069499,1684702,0.191536,0.028730,-9.411607
1703069499,1684722,0.210690,0.009577,-9.411607
1703069499,1684743,0.225055,0.026336,-9.461885
1703069499,1684766,0.193930,0.026336,-9.459491
1703069499,1684786,0.150835,0.055067,-9.437943
1703069499,1684807,0.270545,0.009577,-9.378088
1703069499,1684827,0.239420,0.069432,-9.411607
1703069499,1684848,0.184354,0.043096,-9.552865
1703069499,1684868,0.162806,0.014365,-9.533711
1703069499,1684889,0.208296,0.071826,-9.521740
1703069499,1684909,0.189142,0.043096,-9.447520
1703069499,1684930,0.150835,0.071826,-9.430760
1703069499,1684950,0.289698,0.045490,-9.526528
1703069499,1684971,0.191536,0.014365,-9.507375
1703069499,1684994,0.220267,0.007183,-9.449914
1703069499,1685014,0.208296,0.052672,-9.483433
1703069499,1685035,0.205901,0.079009,-9.519346
1703069499,1685055,0.213084,0.043096,-9.454702
1703069499,1685076,0.177171,0.043096,-9.476251
1703069499,1685096,0.217872,0.004788,-9.521740
1703069499,1685117,0.155623,0.021548,-9.404425
1703069499,1685137,0.177171,0.038307,-9.437943
1703069499,1685158,0.237026,0.074220,-9.466674
1703069499,1685178,0.244209,0.059855,-9.358934
1703069499,1685199,0.165200,-0.007183,-9.493010
1703069499,1685222,0.237026,0.043096,-9.380483
1703069499,1685242,0.184354,0.047884,-9.471462
1703069499,1685263,0.184354,0.052672,-9.473856
1703069499,1685283,0.169988,0.035913,-9.459491
1703069499,1685304,0.189142,0.045490,-9.495404
1703069499,1685324,0.215478,0.021548,-9.526528
1703069500,1685345,0.193930,0.055067,-9.457097
1703069500,1685365,0.205901,0.057461,-9.454702
1703069500,1685386,0.184354,0.016759,-9.524135
1703069500,1685406,0.189142,0.028730,-9.473856
1703069500,1685427,0.177171,-0.011971,-9.516952
1703069500,1685450,0.181959,0.071826,-9.488221
1703069500,1685470,0.232238,0.023942,-9.358934
1703069500,1685491,0.184354,-0.028730,-9.425972
1703069500,1685511,0.272939,-0.028730,-9.402030
1703069500,1685532,0.169988,0.095768,-9.402030
1703069500,1685552,0.126893,-0.009577,-9.497798
1703069500,1685573,0.232238,0.019154,-9.409213
1703069500,1685593,0.189142,0.093374,-9.459491
1703069500,1685614,0.181959,0.074220,-9.509769
1703069500,1685634,0.203507,0.069432,-9.473856
1703069500,1685655,0.150835,-0.023942,-9.469068
1703069500,1685678,0.177171,0.009577,-9.442732
1703069500,1685698,0.232238,0.088585,-9.370906
1703069500,1685719,0.222661,-0.004788,-9.392453
1703069500,1685739,0.203507,-0.031125,-9.435549
1703069500,1685760,0.229843,0.043096,-9.469068
1703069500,1685780,0.136469,0.021548,-9.507375
1703069500,1685801,0.246603,0.055067,-9.473856
1703069500,1685821,0.196325,0.023942,-9.531317
1703069500,1685842,0.184354,0.033519,-9.442732
1703069500,1685862,0.268151,0.011971,-9.481039
1703069500,1685885,0.158017,0.000000,-9.533711
1703069500,1685906,0.143652,0.028730,-9.378088
1703069500,1685926,0.181959,0.026336,-9.423578
1703069500,1685947,0.217872,0.071826,-9.447520
1703069500,1685967,0.148441,0.050278,-9.433155
1703069500,1685988,0.227449,0.069432,-9.452309
1703069500,1686008,0.186748,0.009577,-9.442732
1703069500,1686029,0.146046,0.016759,-9.490616
1703069500,1686049,0.193930,-0.002394,-9.409213
1703069500,1686070,0.225055,-0.014365,-9.409213
1703069500,1686090,0.241814,0.028730,-9.459491
1703069500,1686113,0.193930,-0.028730,-9.392453
1703069500,1686134,0.158017,0.090980,-9.452309
1703069500,1686154,0.215478,0.026336,-9.509769
1703069500,1686175,0.172383,0.055067,-9.483433
1703069500,1686195,0.205901,0.067038,-9.430760
1703069500,1686215,0.215478,0.014365,-9.418790
1703069500,1686236,0.213084,0.067038,-9.495404
1703069500,1686256,0.265756,0.035913,-9.425972
1703069500,1686277,0.220267,0.035913,-9.445126
1703069500,1686297,0.203507,0.031125,-9.514558
1703069500,1686318,0.196325,-0.004788,-9.471462
1703069501,1686348,0.205901,0.059855,-9.536105
1703069501,1686369,0.155623,0.033519,-9.452309
1703069501,1686389,0.229843,0.007183,-9.447520
1703069501,1686410,0.210690,-0.002394,-9.430760
1703069501,1686430,0.215478,-0.023942,-9.418790
1703069501,1686450,0.234632,0.086191,-9.469068
1703069501,1686470,0.167594,0.014365,-9.521740
1703069501,1686490,0.272939,0.045490,-9.464279
1703069501,1686510,0.162806,0.035913,-9.464279
1703069501,1686530,0.184354,0.002394,-9.495404
1703069501,1686551,0.220267,0.023942,-9.435549
1703069501,1686573,0.210690,-0.004788,-9.433155
1703069501,1686593,0.189142,0.009577,-9.454702
1703069501,1686613,0.167594,0.031125,-9.481039
1703069501,1686634,0.208296,0.014365,-9.555259
1703069501,1686654,0.203507,-0.031125,-9.531317
1703069501,1686674,0.153229,-0.002394,-9.514558
1703069501,1686694,0.153229,0.028730,-9.521740
1703069501,1686715,0.237026,0.059855,-9.442732
1703069501,1686735,0.162806,0.002394,-9.512163
1703069501,1686755,0.201113,0.090980,-9.445126
1703069501,1686775,0.158017,0.040701,-9.473856
1703069501,1686798,0.160412,0.000000,-9.437943
1703069501,1686818,0.201113,-0.028730,-9.509769
1703069501,1686838,0.215478,0.074220,-9.552865
1703069501,1686858,0.146046,0.028730,-9.378088
1703069501,1686879,0.205901,0.016759,-9.437943
1703069501,1686899,0.292093,-0.043096,-9.509769
1703069501,1686919,0.234632,0.004788,-9.531317
1703069501,1686939,0.225055,0.081403,-9.421184
1703069501,1686960,0.184354,0.059855,-9.440337
1703069501,1686980,0.184354,0.002394,-9.428367
1703069501,1687000,0.179565,-0.014365,-9.404425
1703069501,1687022,0.186748,0.067038,-9.459491
1703069501,1687043,0.205901,-0.009577,-9.464279
1703069501,1687063,0.169988,-0.011971,-9.471462
1703069501,1687083,0.169988,0.011971,-9.514558
1703069501,1687103,0.215478,0.052672,-9.457097
1703069501,1687124,0.186748,0.079009,-9.464279
1703069501,1687144,0.229843,0.035913,-9.500193
1703069501,1687164,0.186748,0.031125,-9.469068
1703069501,1687184,0.167594,0.050278,-9.526528
1703069501,1687204,0.196325,0.002394,-9.409213
1703069501,1687227,0.239420,0.100556,-9.490616
1703069501,1687247,0.198719,0.002394,-9.464279
1703069501,1687267,0.210690,0.031125,-9.449914
1703069501,1687288,0.169988,-0.009577,-9.493010
1703069501,1687308,0.220267,0.026336,-9.531317
1703069501,1687328,0.239420,0.047884,-9.402030
1703069502,1687348,0.215478,0.019154,-9.358934
1703069502,1687369,0.239420,0.062249,-9.528923
1703069502,1687389,0.160412,0.067038,-9.591172
1703069502,1687409,0.246603,-0.016759,-9.507375
1703069502,1687429,0.198719,0.028730,-9.536105
1703069502,1687452,0.251391,0.055067,-9.521740
1703069502,1687472,0.126893,0.083797,-9.397242
1703069502,1687492,0.203507,-0.011971,-9.433155
1703069502,1687513,0.222661,-0.004788,-9.540894
1703069502,1687533,0.222661,0.047884,-9.442732
1703069502,1687553,0.246603,0.038307,-9.507375
1703069502,1687573,0.148441,0.021548,-9.416395
1703069502,1687594,0.203507,0.047884,-9.521740
1703069502,1687614,0.193930,-0.019154,-9.437943
1703069502,1687634,0.191536,0.069432,-9.349358
1703069502,1687654,0.165200,0.002394,-9.428367
1703069502,1687677,0.227449,0.033519,-9.449914
1703069502,1687697,0.205901,0.004788,-9.409213
1703069502,1687718,0.169988,0.047884,-9.483433
1703069502,1687738,0.222661,0.059855,-9.397242
1703069502,1687758,0.174777,0.079009,-9.469068
1703069502,1687778,0.177171,0.047884,-9.399636
1703069502,1687799,0.169988,0.004788,-9.512163
1703069502,1687819,0.251391,0.031125,-9.430760
1703069502,1687839,0.203507,0.057461,-9.428367
1703069502,1687859,0.186748,0.045490,-9.449914
1703069502,1687879,0.227449,0.088585,-9.428367
1703069502,1687902,0.184354,-0.019154,-9.457097
1703069502,1687922,0.256180,-0.016759,-9.481039
1703069502,1687943,0.167594,0.009577,-9.418790
1703069502,1687963,0.201113,0.055067,-9.512163
1703069502,1687983,0.181959,0.009577,-9.457097
1703069502,1688003,0.167594,0.031125,-9.473856
1703069502,1688023,0.129287,0.009577,-9.514558
1703069502,1688043,0.196325,-0.007183,-9.459491
1703069502,1688063,0.272939,0.067038,-9.471462
1703069502,1688083,0.227449,0.064643,-9.363723
1703069502,1688104,0.241814,0.047884,-9.435549
1703069502,1688126,0.160412,0.045490,-9.425972
1703069502,1688146,0.143652,-0.002394,-9.361329
1703069502,1688167,0.208296,0.067038,-9.471462
1703069502,1688187,0.201113,0.035913,-9.514558
1703069502,1688208,0.220267,0.047884,-9.356541
1703069502,1688228,0.237026,0.014365,-9.483433
1703069502,1688249,0.227449,0.014365,-9.406818
1703069502,1688269,0.237026,0.062249,-9.452309
1703069502,1688289,0.160412,0.052672,-9.538500
1703069502,1688310,0.232238,0.086191,-9.406818
1703069502,1688330,0.167594,0.016759,-9.507375
1703069503,1688353,0.167594,0.086191,-9.387665
1703069503,1688374,0.196325,0.043096,-9.516952
1703069503,1688394,0.234632,0.043096,-9.545682
1703069503,1688415,0.167594,0.052672,-9.485827
1703069503,1688435,0.196325,0.112527,-9.469068
1703069503,1688456,0.241814,-0.026336,-9.435549
1703069503,1688476,0.184354,0.050278,-9.490616
1703069503,1688497,0.205901,-0.007183,-9.519346
1703069503,1688517,0.225055,0.088585,-9.423578
1703069503,1688538,0.253785,0.055067,-9.428367
1703069503,1688558,0.193930,0.055067,-9.430760
1703069503,1688581,0.280122,-0.028730,-9.495404
1703069503,1688602,0.208296,0.000000,-9.495404
1703069503,1688622,0.210690,0.071826,-9.490616
1703069503,1688643,0.239420,0.009577,-9.481039
1703069503,1688663,0.213084,-0.045490,-9.423578
1703069503,1688684,0.251391,0.052672,-9.485827
1703069503,1688704,0.205901,0.035913,-9.509769
1703069503,1688725,0.174777,0.050278,-9.406818
1703069503,1688745,0.205901,0.026336,-9.440337
1703069503,1688766,0.169988,-0.028730,-9.373300
1703069503,1688789,0.234632,0.067038,-9.457097
1703069503,1688809,0.241814,0.019154,-9.435549
1703069503,1688830,0.174777,0.000000,-9.447520
1703069503,1688850,0.203507,0.062249,-9.495404
1703069503,1688871,0.217872,0.050278,-9.399636
1703069503,1688891,0.215478,0.035913,-9.478644
1703069503,1688912,0.186748,0.019154,-9.452309
1703069503,1688932,0.227449,0.031125,-9.457097
1703069503,1688953,0.198719,-0.002394,-9.476251
1703069503,1688973,0.215478,-0.016759,-9.536105
1703069503,1688994,0.169988,0.028730,-9.414001
1703069503,1689017,0.258574,0.038307,-9.440337
1703069503,1689037,0.186748,0.052672,-9.375694
1703069503,1689058,0.184354,0.031125,-9.459491
1703069503,1689078,0.265756,0.062249,-9.421184
1703069503,1689099,0.189142,-0.002394,-9.385271
1703069503,1689119,0.201113,0.021548,-9.531317
1703069503,1689140,0.174777,-0.004788,-9.485827
1703069503,1689160,0.220267,0.052672,-9.502586
1703069503,1689181,0.251391,-0.026336,-9.495404
1703069503,1689201,0.193930,0.040701,-9.550470
1703069503,1689222,0.186748,0.071826,-9.531317
1703069503,1689245,0.129287,0.011971,-9.435549
1703069503,1689265,0.198719,0.050278,-9.524135
1703069503,1689286,0.203507,0.064643,-9.543288
1703069503,1689306,0.193930,0.040701,-9.471462
1703069503,1689327,0.184354,0.000000,-9.516952
