timestamp,millis,AccX.AccY,AccZ,GyroX,GyroY,GyroZ
1703069261,1446358,0.220267,0.021548,-9.471462
1703069261,1446380,0.148441,0.074220,-9.425972
1703069261,1446399,0.227449,0.081403,-9.380483
1703069261,1446418,0.141258,0.059855,-9.493010
1703069261,1446437,0.217872,0.023942,-9.416395
1703069261,1446456,0.191536,0.043096,-9.490616
1703069261,1446475,0.258574,-0.019154,-9.521740
1703069261,1446494,0.193930,0.009577,-9.433155
1703069261,1446513,0.220267,0.028730,-9.497798
1703069261,1446533,0.217872,0.021548,-9.497798
1703069261,1446552,0.234632,0.016759,-9.416395
1703069261,1446571,0.237026,0.059855,-9.526528
1703069261,1446596,0.177171,0.016759,-9.452309
1703069261,1446616,0.220267,0.064643,-9.526528
1703069261,1446635,0.239420,-0.004788,-9.536105
1703069261,1446654,0.172383,0.000000,-9.481039
1703069261,1446672,0.260968,0.064643,-9.473856
1703069261,1446691,0.160412,0.064643,-9.495404
1703069261,1446710,0.189142,0.040701,-9.550470
1703069261,1446729,0.239420,0.016759,-9.471462
1703069261,1446748,0.232238,0.062249,-9.457097
1703069261,1446767,0.229843,0.026336,-9.581595
1703069261,1446788,0.205901,0.045490,-9.466674
1703069261,1446807,0.225055,0.050278,-9.488221
1703069261,1446825,0.184354,0.086191,-9.509769
1703069261,1446844,0.177171,0.026336,-9.366117
1703069261,1446863,0.186748,-0.004788,-9.483433
1703069261,1446882,0.134075,0.059855,-9.411607
1703069261,1446901,0.201113,0.023942,-9.485827
1703069261,1446920,0.229843,0.050278,-9.406818
1703069261,1446939,0.205901,0.038307,-9.418790
1703069261,1446958,0.136469,0.009577,-9.500193
1703069261,1446976,0.169988,0.040701,-9.435549
1703069261,1446998,0.248997,0.033519,-9.421184
1703069261,1447017,0.201113,-0.002394,-9.404425
1703069261,1447035,0.129287,0.043096,-9.516952
1703069261,1447054,0.155623,0.009577,-9.428367
1703069261,1447073,0.210690,-0.033519,-9.421184
1703069261,1447092,0.167594,0.102951,-9.370906
1703069261,1447111,0.181959,0.052672,-9.509769
1703069261,1447130,0.186748,0.023942,-9.509769
1703069261,1447149,0.220267,0.026336,-9.402030
1703069261,1447168,0.201113,0.014365,-9.414001
1703069261,1447186,0.205901,0.033519,-9.552865
1703069261,1447208,0.167594,0.023942,-9.454702
1703069261,1447227,0.232238,0.064643,-9.562442
1703069261,1447245,0.210690,0.062249,-9.447520
1703069261,1447264,0.165200,-0.016759,-9.476251
1703069261,1447283,0.193930,-0.016759,-9.457097
1703069261,1447302,0.172383,0.043096,-9.516952
1703069261,1447321,0.225055,0.009577,-9.540894
1703069262,1447340,0.179565,0.035913,-9.540894
1703069262,1447359,0.239420,0.014365,-9.536105
1703069262,1447378,0.177171,0.045490,-9.411607
1703069262,1447397,0.186748,0.052672,-9.478644
1703069262,1447418,0.177171,0.019154,-9.490616
1703069262,1447437,0.181959,0.055067,-9.442732
1703069262,1447456,0.186748,0.033519,-9.473856
1703069262,1447474,0.215478,0.028730,-9.346964
1703069262,1447493,0.239420,0.028730,-9.478644
1703069262,1447512,0.150835,0.016759,-9.500193
1703069262,1447531,0.210690,-0.007183,-9.447520
1703069262,1447550,0.289698,0.047884,-9.507375
1703069262,1447569,0.196325,0.028730,-9.552865
1703069262,1447588,0.225055,0.059855,-9.466674
1703069262,1447607,0.102951,-0.038307,-9.485827
1703069262,1447628,0.201113,0.059855,-9.543288
1703069262,1447647,0.217872,0.047884,-9.390059
1703069262,1447666,0.251391,0.038307,-9.437943
1703069262,1447685,0.217872,0.007183,-9.469068
1703069262,1447703,0.203507,0.035913,-9.428367
1703069262,1447722,0.193930,0.052672,-9.526528
1703069262,1447741,0.227449,0.014365,-9.476251
1703069262,1447760,0.244209,0.052672,-9.454702
1703069262,1447779,0.248997,0.031125,-9.504981
1703069262,1447798,0.222661,-0.014365,-9.397242
1703069262,1447817,0.217872,0.062249,-9.500193
1703069262,1447838,0.179565,-0.011971,-9.497798
1703069262,1447857,0.198719,0.007183,-9.457097
1703069262,1447876,0.201113,0.040701,-9.488221
1703069262,1447895,0.217872,0.050278,-9.373300
1703069262,1447914,0.143652,-0.023942,-9.387665
1703069262,1447932,0.184354,0.047884,-9.495404
1703069262,1447951,0.229843,0.014365,-9.447520
1703069262,1447970,0.215478,0.028730,-9.447520
1703069262,1447989,0.253785,0.114922,-9.488221
1703069262,1448008,0.210690,0.021548,-9.490616
1703069262,1448027,0.201113,-0.011971,-9.440337
1703069262,1448048,0.186748,0.055067,-9.583989
1703069262,1448067,0.191536,0.033519,-9.425972
1703069262,1448086,0.198719,0.069432,-9.435549
1703069262,1448104,0.181959,0.105345,-9.567230
1703069262,1448123,0.222661,0.031125,-9.447520
1703069262,1448142,0.177171,0.043096,-9.548077
1703069262,1448161,0.153229,0.016759,-9.514558
1703069262,1448180,0.201113,0.059855,-9.500193
1703069262,1448199,0.203507,0.045490,-9.583989
1703069262,1448217,0.205901,0.045490,-9.423578
1703069262,1448238,0.150835,0.028730,-9.433155
1703069262,1448258,0.213084,0.059855,-9.414001
1703069262,1448277,0.143652,0.000000,-9.469068
1703069262,1448296,0.203507,0.007183,-9.528923
1703069262,1448315,0.165200,0.071826,-9.473856
1703069262,1448334,0.167594,0.026336,-9.452309
1703069263,1448353,0.220267,0.016759,-9.481039
1703069263,1448372,0.196325,0.062249,-9.409213
1703069263,1448391,0.227449,0.023942,-9.521740
1703069263,1448411,0.134075,0.052672,-9.437943
1703069263,1448430,0.186748,0.074220,-9.447520
1703069263,1448451,0.196325,0.105345,-9.485827
1703069263,1448470,0.196325,0.021548,-9.469068
1703069263,1448490,0.172383,0.047884,-9.409213
1703069263,1448509,0.196325,0.055067,-9.555259
1703069263,1448528,0.172383,0.038307,-9.464279
1703069263,1448547,0.112527,0.055067,-9.447520
1703069263,1448566,0.198719,0.009577,-9.512163
1703069263,1448586,0.205901,0.059855,-9.483433
1703069263,1448605,0.205901,0.043096,-9.375694
1703069263,1448624,0.158017,0.026336,-9.564836
1703069263,1448643,0.205901,0.021548,-9.478644
1703069263,1448665,0.191536,0.028730,-9.454702
1703069263,1448684,0.227449,0.035913,-9.476251
1703069263,1448703,0.177171,0.021548,-9.536105
1703069263,1448722,0.203507,0.016759,-9.540894
1703069263,1448741,0.232238,0.079009,-9.497798
1703069263,1448761,0.186748,0.050278,-9.416395
1703069263,1448780,0.191536,0.088585,-9.533711
1703069263,1448799,0.258574,0.014365,-9.457097
1703069263,1448818,0.220267,0.026336,-9.543288
1703069263,1448837,0.203507,0.038307,-9.481039
1703069263,1448856,0.265756,0.050278,-9.454702
1703069263,1448878,0.227449,0.033519,-9.469068
1703069263,1448897,0.193930,0.000000,-9.459491
1703069263,1448916,0.181959,0.047884,-9.483433
1703069263,1448936,0.141258,0.090980,-9.509769
1703069263,1448955,0.203507,0.016759,-9.516952
1703069263,1448974,0.189142,0.009577,-9.440337
1703069263,1448993,0.234632,0.047884,-9.447520
1703069263,1449012,0.280122,0.019154,-9.514558
1703069263,1449031,0.153229,0.043096,-9.478644
1703069263,1449051,0.241814,0.033519,-9.543288
1703069263,1449070,0.210690,0.062249,-9.433155
1703069263,1449091,0.213084,0.016759,-9.536105
1703069263,1449111,0.179565,0.009577,-9.397242
1703069263,1449130,0.160412,0.011971,-9.414001
1703069263,1449149,0.213084,0.083797,-9.495404
1703069263,1449168,0.256180,-0.011971,-9.394848
1703069263,1449187,0.244209,0.079009,-9.497798
1703069263,1449207,0.174777,-0.033519,-9.497798
1703069263,1449226,0.248997,-0.031125,-9.502586
1703069263,1449245,0.160412,0.057461,-9.406818
1703069263,1449264,0.227449,0.057461,-9.481039
1703069263,1449283,0.227449,0.071826,-9.586384
1703069263,1449305,0.191536,0.023942,-9.497798
1703069263,1449324,0.260968,0.038307,-9.471462
1703069264,1449343,0.198719,0.033519,-9.526528
1703069264,1449363,0.179565,0.021548,-9.428367
1703069264,1449382,0.246603,0.031125,-9.409213
1703069264,1449401,0.232238,0.043096,-9.512163
1703069264,1449420,0.227449,0.045490,-9.471462
1703069264,1449440,0.237026,0.045490,-9.445126
1703069264,1449459,0.174777,0.069432,-9.433155
1703069264,1449478,0.237026,-0.016759,-9.481039
1703069264,1449497,0.222661,0.050278,-9.440337
1703069264,1449519,0.198719,0.112527,-9.504981
1703069264,1449538,0.248997,0.067038,-9.509769
1703069264,1449557,0.179565,0.031125,-9.495404
1703069264,1449577,0.225055,-0.004788,-9.560047
1703069264,1449596,0.201113,0.081403,-9.478644
1703069264,1449615,0.198719,0.052672,-9.495404
1703069264,1449634,0.229843,0.014365,-9.366117
1703069264,1449653,0.150835,0.014365,-9.437943
1703069264,1449672,0.251391,0.059855,-9.473856
1703069264,1449702,0.220267,0.112527,-9.469068
1703069264,1449721,0.167594,0.071826,-9.493010
1703069264,1449743,0.253785,-0.009577,-9.445126
1703069264,1449762,0.196325,0.050278,-9.452309
1703069264,1449781,0.193930,0.086191,-9.442732
1703069264,1449800,0.201113,0.055067,-9.495404
1703069264,1449819,0.177171,0.035913,-9.464279
1703069264,1449838,0.193930,0.090980,-9.464279
1703069264,1449857,0.181959,0.074220,-9.478644
1703069264,1449876,0.220267,0.035913,-9.471462
1703069264,1449895,0.148441,0.004788,-9.533711
1703069264,1449914,0.193930,0.059855,-9.543288
1703069264,1449944,0.160412,0.057461,-9.447520
1703069264,1449963,0.196325,0.071826,-9.454702
1703069264,1449982,0.165200,0.031125,-9.469068
1703069264,1450001,0.241814,0.033519,-9.557653
1703069264,1450020,0.225055,0.040701,-9.414001
1703069264,1450039,0.181959,0.079009,-9.449914
1703069264,1450057,0.208296,0.040701,-9.440337
1703069264,1450076,0.198719,0.023942,-9.457097
1703069264,1450095,0.196325,0.007183,-9.576807
1703069264,1450114,0.213084,0.090980,-9.526528
1703069264,1450133,0.217872,0.086191,-9.481039
1703069264,1450154,0.239420,0.052672,-9.526528
1703069264,1450172,0.213084,0.000000,-9.481039
1703069264,1450191,0.229843,0.035913,-9.375694
1703069264,1450210,0.220267,0.059855,-9.500193
1703069264,1450229,0.205901,0.050278,-9.461885
1703069264,1450248,0.220267,0.038307,-9.538500
1703069264,1450267,0.215478,0.052672,-9.392453
1703069264,1450286,0.181959,0.071826,-9.483433
1703069264,1450305,0.220267,0.059855,-9.521740
1703069264,1450323,0.153229,0.035913,-9.437943
1703069265,1450342,0.205901,0.069432,-9.519346
1703069265,1450363,0.174777,0.009577,-9.476251
1703069265,1450382,0.205901,0.021548,-9.533711
1703069265,1450401,0.191536,-0.038307,-9.380483
1703069265,1450420,0.148441,0.069432,-9.485827
1703069265,1450439,0.205901,0.071826,-9.519346
1703069265,1450458,0.237026,0.047884,-9.425972
1703069265,1450477,0.215478,-0.011971,-9.485827
1703069265,1450496,0.186748,0.117316,-9.500193
1703069265,1450515,0.203507,0.038307,-9.445126
1703069265,1450534,0.239420,0.071826,-9.433155
1703069265,1450552,0.193930,0.040701,-9.502586
1703069265,1450574,0.155623,0.038307,-9.579201
1703069265,1450592,0.203507,0.038307,-9.490616
1703069265,1450611,0.232238,0.011971,-9.552865
1703069265,1450630,0.205901,-0.004788,-9.507375
1703069265,1450649,0.201113,0.043096,-9.428367
1703069265,1450668,0.191536,0.040701,-9.442732
1703069265,1450687,0.172383,0.026336,-9.502586
1703069265,1450706,0.189142,0.088585,-9.519346
1703069265,1450724,0.165200,0.074220,-9.476251
1703069265,1450743,0.263362,-0.004788,-9.521740
1703069265,1450762,0.158017,0.007183,-9.464279
1703069265,1450783,0.205901,0.040701,-9.466674
1703069265,1450802,0.198719,0.021548,-9.504981
1703069265,1450821,0.184354,0.038307,-9.493010
1703069265,1450840,0.153229,0.019154,-9.478644
1703069265,1450859,0.196325,0.019154,-9.363723
1703069265,1450878,0.210690,0.107739,-9.473856
1703069265,1450897,0.169988,0.033519,-9.447520
1703069265,1450915,0.184354,0.023942,-9.521740
1703069265,1450934,0.260968,0.069432,-9.507375
1703069265,1450953,0.203507,0.028730,-9.504981
1703069265,1450972,0.160412,0.067038,-9.502586
1703069265,1450993,0.162806,0.000000,-9.507375
1703069265,1451012,0.244209,0.040701,-9.478644
1703069265,1451031,0.251391,0.038307,-9.548077
1703069265,1451050,0.186748,0.035913,-9.471462
1703069265,1451069,0.158017,-0.002394,-9.536105
1703069265,1451088,0.205901,-0.026336,-9.370906
1703069265,1451107,0.201113,0.035913,-9.519346
1703069265,1451125,0.172383,-0.009577,-9.536105
1703069265,1451144,0.181959,0.004788,-9.402030
1703069265,1451163,0.227449,0.064643,-9.490616
1703069265,1451182,0.167594,0.040701,-9.469068
1703069265,1451203,0.220267,0.035913,-9.493010
1703069265,1451222,0.196325,0.035913,-9.423578
1703069265,1451241,0.193930,0.004788,-9.500193
1703069265,1451260,0.239420,0.055067,-9.514558
1703069265,1451279,0.258574,0.016759,-9.490616
1703069265,1451298,0.167594,0.050278,-9.516952
1703069265,1451316,0.239420,-0.004788,-9.471462
1703069265,1451335,0.179565,0.067038,-9.447520
1703069266,1451354,0.179565,0.026336,-9.454702
1703069266,1451373,0.215478,0.038307,-9.512163
1703069266,1451392,0.184354,0.009577,-9.536105
1703069266,1451409,0.232238,0.033519,-9.545682
1703069266,1451428,0.229843,0.026336,-9.411607
1703069266,1451447,0.203507,0.052672,-9.502586
1703069266,1451466,0.186748,0.067038,-9.488221
1703069266,1451485,0.260968,0.071826,-9.473856
1703069266,1451503,0.210690,0.069432,-9.495404
1703069266,1451522,0.265756,0.021548,-9.428367
1703069266,1451541,0.222661,0.021548,-9.428367
1703069266,1451560,0.215478,0.033519,-9.497798
1703069266,1451579,0.186748,0.052672,-9.514558
1703069266,1451600,0.186748,0.047884,-9.488221
1703069266,1451619,0.193930,0.050278,-9.390059
1703069266,1451638,0.260968,0.000000,-9.481039
1703069266,1451657,0.186748,-0.031125,-9.471462
1703069266,1451676,0.153229,0.023942,-9.402030
1703069266,1451695,0.263362,-0.028730,-9.648633
1703069266,1451714,0.129287,0.043096,-9.414001
1703069266,1451733,0.205901,0.050278,-9.538500
1703069266,1451753,0.234632,0.057461,-9.524135
1703069266,1451772,0.172383,0.026336,-9.464279
1703069266,1451791,0.191536,0.052672,-9.392453
1703069266,1451812,0.186748,0.043096,-9.454702
1703069266,1451831,0.141258,0.014365,-9.409213
1703069266,1451851,0.172383,0.043096,-9.512163
1703069266,1451870,0.237026,-0.004788,-9.478644
1703069266,1451889,0.239420,-0.019154,-9.488221
1703069266,1451908,0.177171,0.011971,-9.461885
1703069266,1451927,0.205901,0.059855,-9.504981
1703069266,1451946,0.179565,0.047884,-9.545682
1703069266,1451966,0.158017,0.040701,-9.478644
1703069266,1451985,0.201113,0.023942,-9.459491
1703069266,1452004,0.198719,0.000000,-9.488221
1703069266,1452025,0.196325,0.052672,-9.521740
1703069266,1452045,0.220267,0.007183,-9.461885
1703069266,1452064,0.208296,-0.026336,-9.459491
1703069266,1452083,0.172383,0.016759,-9.526528
1703069266,1452102,0.184354,0.067038,-9.461885
1703069266,1452121,0.234632,0.007183,-9.447520
1703069266,1452140,0.174777,-0.028730,-9.454702
1703069266,1452160,0.193930,0.064643,-9.449914
1703069266,1452179,0.158017,-0.004788,-9.607931
1703069266,1452198,0.201113,0.052672,-9.588778
1703069266,1452217,0.246603,0.026336,-9.521740
1703069266,1452239,0.177171,0.023942,-9.387665
1703069266,1452258,0.198719,-0.026336,-9.425972
1703069266,1452277,0.215478,0.007183,-9.442732
1703069266,1452296,0.220267,0.067038,-9.516952
1703069266,1452315,0.169988,0.090980,-9.504981
1703069266,1452334,0.169988,0.074220,-9.610326
1703069267,1452354,0.196325,-0.016759,-9.464279
1703069267,1452373,0.179565,-0.016759,-9.447520
1703069267,1452392,0.193930,0.074220,-9.481039
1703069267,1452411,0.246603,0.055067,-9.481039
1703069267,1452430,0.210690,0.000000,-9.610326
1703069267,1452452,0.227449,0.069432,-9.445126
1703069267,1452471,0.169988,0.014365,-9.464279
1703069267,1452490,0.167594,0.074220,-9.476251
1703069267,1452509,0.220267,-0.019154,-9.490616
1703069267,1452529,0.225055,0.002394,-9.437943
1703069267,1452548,0.153229,0.016759,-9.567230
1703069267,1452567,0.205901,0.033519,-9.572019
1703069267,1452586,0.210690,0.016759,-9.452309
1703069267,1452605,0.141258,0.074220,-9.485827
1703069267,1452625,0.210690,0.052672,-9.481039
1703069267,1452644,0.193930,-0.011971,-9.461885
1703069267,1452665,0.186748,0.052672,-9.387665
1703069267,1452685,0.169988,0.002394,-9.536105
1703069267,1452704,0.148441,0.052672,-9.514558
1703069267,1452723,0.186748,0.055067,-9.416395
1703069267,1452742,0.220267,0.021548,-9.540894
1703069267,1452761,0.203507,0.059855,-9.473856
1703069267,1452780,0.234632,0.038307,-9.471462
1703069267,1452800,0.189142,-0.009577,-9.442732
1703069267,1452819,0.225055,0.014365,-9.509769
1703069267,1452838,0.191536,-0.011971,-9.454702
1703069267,1452860,0.162806,0.067038,-9.481039
1703069267,1452879,0.220267,0.057461,-9.536105
1703069267,1452898,0.160412,0.043096,-9.557653
1703069267,1452917,0.260968,0.011971,-9.466674
1703069267,1452936,0.265756,0.055067,-9.519346
1703069267,1452956,0.239420,0.002394,-9.481039
1703069267,1452975,0.189142,0.038307,-9.457097
1703069267,1452994,0.181959,0.009577,-9.457097
1703069267,1453013,0.193930,0.019154,-9.528923
1703069267,1453032,0.241814,0.043096,-9.476251
1703069267,1453052,0.193930,0.007183,-9.464279
1703069267,1453073,0.162806,0.040701,-9.402030
1703069267,1453092,0.208296,-0.028730,-9.471462
1703069267,1453111,0.280122,0.009577,-9.423578
1703069267,1453130,0.158017,0.071826,-9.459491
1703069267,1453150,0.169988,0.014365,-9.464279
1703069267,1453169,0.280122,0.035913,-9.524135
1703069267,1453188,0.205901,0.021548,-9.548077
1703069267,1453207,0.225055,0.031125,-9.483433
1703069267,1453226,0.179565,0.040701,-9.447520
1703069267,1453245,0.203507,0.045490,-9.552865
1703069267,1453264,0.181959,0.059855,-9.562442
1703069267,1453293,0.189142,0.000000,-9.502586
1703069267,1453313,0.205901,0.014365,-9.428367
1703069267,1453332,0.232238,0.081403,-9.440337
1703069268,1453351,0.229843,0.043096,-9.512163
1703069268,1453369,0.136469,0.067038,-9.493010
1703069268,1453388,0.193930,0.107739,-9.512163
1703069268,1453407,0.167594,0.019154,-9.464279
1703069268,1453426,0.172383,0.035913,-9.397242
1703069268,1453445,0.150835,0.033519,-9.459491
1703069268,1453464,0.222661,0.093374,-9.481039
1703069268,1453482,0.217872,0.000000,-9.507375
1703069268,1453504,0.237026,0.009577,-9.497798
1703069268,1453522,0.181959,0.007183,-9.414001
1703069268,1453541,0.174777,0.014365,-9.521740
1703069268,1453560,0.153229,0.016759,-9.516952
1703069268,1453579,0.193930,0.023942,-9.437943
1703069268,1453598,0.193930,0.016759,-9.447520
1703069268,1453617,0.237026,-0.028730,-9.483433
1703069268,1453636,0.213084,0.028730,-9.488221
1703069268,1453655,0.174777,0.043096,-9.397242
1703069268,1453674,0.222661,-0.033519,-9.516952
1703069268,1453692,0.217872,0.083797,-9.569624
1703069268,1453714,0.201113,-0.009577,-9.521740
1703069268,1453733,0.277727,0.031125,-9.533711
1703069268,1453751,0.189142,0.011971,-9.442732
1703069268,1453770,0.251391,-0.031125,-9.514558
1703069268,1453789,0.220267,-0.007183,-9.430760
1703069268,1453808,0.239420,0.021548,-9.473856
1703069268,1453827,0.158017,0.009577,-9.469068
1703069268,1453846,0.217872,0.040701,-9.507375
1703069268,1453865,0.162806,0.059855,-9.564836
1703069268,1453884,0.141258,0.045490,-9.416395
1703069268,1453903,0.167594,0.002394,-9.555259
1703069268,1453924,0.251391,0.026336,-9.471462
1703069268,1453943,0.198719,0.009577,-9.464279
1703069268,1453961,0.237026,-0.014365,-9.409213
1703069268,1453980,0.217872,0.016759,-9.497798
1703069268,1453999,0.217872,0.011971,-9.440337
1703069268,1454018,0.191536,0.021548,-9.454702
1703069268,1454037,0.189142,0.014365,-9.457097
1703069268,1454056,0.201113,-0.031125,-9.459491
1703069268,1454075,0.205901,0.081403,-9.423578
1703069268,1454094,0.177171,0.083797,-9.531317
1703069268,1454113,0.184354,0.035913,-9.516952
1703069268,1454134,0.201113,0.062249,-9.358934
1703069268,1454153,0.177171,-0.038307,-9.526528
1703069268,1454172,0.205901,0.016759,-9.449914
1703069268,1454190,0.213084,0.009577,-9.497798
1703069268,1454209,0.220267,-0.014365,-9.471462
1703069268,1454228,0.174777,0.000000,-9.583989
1703069268,1454247,0.129287,-0.014365,-9.478644
1703069268,1454266,0.172383,0.067038,-9.478644
1703069268,1454285,0.237026,0.071826,-9.442732
1703069268,1454304,0.208296,0.055067,-9.516952
1703069268,1454325,0.167594,0.081403,-9.500193
1703069269,1454344,0.203507,0.023942,-9.464279
1703069269,1454363,0.191536,0.081403,-9.469068
1703069269,1454382,0.177171,0.052672,-9.471462
1703069269,1454401,0.172383,0.031125,-9.509769
1703069269,1454420,0.265756,0.014365,-9.493010
1703069269,1454438,0.201113,0.079009,-9.428367
1703069269,1454457,0.131681,0.002394,-9.500193
1703069269,1454476,0.210690,0.014365,-9.552865
1703069269,1454495,0.129287,0.038307,-9.459491
1703069269,1454514,0.138864,-0.019154,-9.528923
1703069269,1454535,0.225055,0.033519,-9.485827
1703069269,1454554,0.172383,0.057461,-9.382876
1703069269,1454573,0.193930,0.043096,-9.447520
1703069269,1454592,0.177171,-0.026336,-9.461885
1703069269,1454611,0.201113,0.011971,-9.516952
1703069269,1454630,0.253785,0.009577,-9.531317
1703069269,1454649,0.227449,0.043096,-9.476251
1703069269,1454667,0.191536,0.026336,-9.430760
1703069269,1454686,0.213084,-0.047884,-9.507375
1703069269,1454705,0.172383,0.064643,-9.466674
1703069269,1454724,0.213084,0.112527,-9.433155
1703069269,1454745,0.203507,0.064643,-9.493010
1703069269,1454764,0.253785,-0.002394,-9.368511
1703069269,1454783,0.158017,0.004788,-9.512163
1703069269,1454802,0.131681,0.062249,-9.490616
1703069269,1454820,0.146046,0.014365,-9.440337
1703069269,1454839,0.193930,-0.026336,-9.497798
1703069269,1454858,0.196325,0.023942,-9.442732
1703069269,1454877,0.237026,0.074220,-9.521740
1703069269,1454896,0.169988,0.000000,-9.464279
1703069269,1454914,0.284910,-0.004788,-9.500193
1703069269,1454933,0.260968,0.071826,-9.469068
1703069269,1454954,0.237026,0.079009,-9.466674
1703069269,1454973,0.222661,0.067038,-9.471462
1703069269,1454993,0.260968,0.043096,-9.509769
1703069269,1455012,0.222661,0.079009,-9.564836
1703069269,1455031,0.265756,0.062249,-9.509769
1703069269,1455050,0.196325,0.019154,-9.579201
1703069269,1455069,0.162806,-0.023942,-9.454702
1703069269,1455088,0.191536,0.043096,-9.572019
1703069269,1455107,0.150835,-0.040701,-9.526528
1703069269,1455126,0.189142,0.021548,-9.526528
1703069269,1455145,0.241814,0.059855,-9.500193
1703069269,1455167,0.198719,0.035913,-9.428367
1703069269,1455186,0.141258,0.081403,-9.433155
1703069269,1455205,0.217872,0.050278,-9.440337
1703069269,1455224,0.222661,0.021548,-9.457097
1703069269,1455244,0.260968,0.050278,-9.536105
1703069269,1455263,0.162806,-0.007183,-9.557653
1703069269,1455282,0.205901,0.016759,-9.548077
1703069269,1455301,0.263362,0.023942,-9.536105
1703069269,1455320,0.167594,0.047884,-9.519346
1703069270,1455340,0.201113,0.040701,-9.536105
1703069270,1455359,0.172383,0.038307,-9.572019
1703069270,1455380,0.205901,0.050278,-9.526528
1703069270,1455400,0.213084,0.059855,-9.495404
1703069270,1455419,0.160412,0.014365,-9.478644
1703069270,1455438,0.222661,0.026336,-9.435549
1703069270,1455457,0.186748,0.038307,-9.483433
1703069270,1455476,0.256180,0.059855,-9.476251
1703069270,1455496,0.184354,0.031125,-9.531317
1703069270,1455515,0.220267,0.007183,-9.473856
1703069270,1455534,0.213084,0.000000,-9.418790
1703069270,1455553,0.191536,0.067038,-9.521740
1703069270,1455572,0.301669,0.011971,-9.481039
1703069270,1455594,0.146046,0.040701,-9.423578
1703069270,1455613,0.220267,0.076614,-9.464279
1703069270,1455632,0.186748,0.035913,-9.493010
1703069270,1455651,0.232238,-0.021548,-9.490616
1703069270,1455671,0.143652,0.055067,-9.461885
1703069270,1455690,0.203507,0.050278,-9.531317
1703069270,1455709,0.131681,0.026336,-9.531317
1703069270,1455728,0.196325,-0.007183,-9.464279
1703069270,1455747,0.277727,0.007183,-9.457097
1703069270,1455766,0.193930,0.028730,-9.416395
1703069270,1455786,0.191536,0.019154,-9.483433
1703069270,1455803,0.248997,0.062249,-9.402030
1703069270,1455823,0.246603,0.021548,-9.550470
1703069270,1455842,0.205901,0.057461,-9.447520
1703069270,1455861,0.189142,0.014365,-9.543288
1703069270,1455880,0.227449,0.047884,-9.493010
1703069270,1455899,0.256180,0.028730,-9.538500
1703069270,1455919,0.205901,0.007183,-9.603143
1703069270,1455938,0.141258,0.004788,-9.500193
1703069270,1455957,0.232238,0.004788,-9.466674
1703069270,1455976,0.222661,-0.007183,-9.476251
1703069270,1455998,0.208296,0.016759,-9.457097
1703069270,1456017,0.205901,0.074220,-9.428367
1703069270,1456036,0.222661,0.031125,-9.497798
1703069270,1456056,0.177171,0.026336,-9.473856
1703069270,1456075,0.213084,0.031125,-9.435549
1703069270,1456094,0.141258,-0.009577,-9.445126
1703069270,1456113,0.196325,-0.002394,-9.533711
1703069270,1456132,0.208296,0.021548,-9.536105
1703069270,1456152,0.177171,0.011971,-9.507375
1703069270,1456171,0.253785,0.033519,-9.454702
1703069270,1456190,0.143652,-0.019154,-9.457097
1703069270,1456212,0.160412,0.021548,-9.473856
1703069270,1456231,0.213084,0.052672,-9.349358
1703069270,1456250,0.213084,0.069432,-9.478644
1703069270,1456269,0.220267,0.011971,-9.490616
1703069270,1456288,0.186748,0.038307,-9.502586
1703069270,1456308,0.208296,-0.026336,-9.495404
1703069270,1456327,0.193930,0.040701,-9.435549
1703069271,1456346,0.208296,0.031125,-9.380483
1703069271,1456365,0.186748,0.057461,-9.390059
1703069271,1456384,0.193930,-0.026336,-9.605537
1703069271,1456404,0.227449,-0.016759,-9.512163
1703069271,1456425,0.203507,0.009577,-9.370906
1703069271,1456445,0.198719,0.043096,-9.461885
1703069271,1456464,0.160412,-0.009577,-9.502586
1703069271,1456483,0.179565,0.047884,-9.428367
1703069271,1456502,0.244209,0.002394,-9.464279
1703069271,1456521,0.227449,-0.021548,-9.459491
1703069271,1456540,0.174777,0.011971,-9.536105
1703069271,1456559,0.162806,0.035913,-9.356541
1703069271,1456578,0.205901,0.004788,-9.540894
1703069271,1456597,0.138864,0.011971,-9.509769
1703069271,1456616,0.196325,0.000000,-9.449914
1703069271,1456645,0.196325,0.050278,-9.406818
1703069271,1456665,0.184354,0.050278,-9.533711
1703069271,1456684,0.201113,0.050278,-9.464279
1703069271,1456703,0.213084,0.004788,-9.442732
1703069271,1456722,0.234632,0.047884,-9.478644
1703069271,1456740,0.232238,0.064643,-9.454702
1703069271,1456759,0.205901,0.002394,-9.478644
1703069271,1456778,0.222661,0.057461,-9.454702
1703069271,1456797,0.248997,0.076614,-9.555259
1703069271,1456816,0.136469,0.035913,-9.471462
1703069271,1456835,0.265756,0.021548,-9.493010
1703069271,1456856,0.177171,0.021548,-9.504981
1703069271,1456875,0.196325,0.047884,-9.504981
1703069271,1456894,0.191536,0.062249,-9.476251
1703069271,1456912,0.220267,-0.014365,-9.519346
1703069271,1456931,0.260968,0.038307,-9.521740
1703069271,1456950,0.160412,0.050278,-9.521740
1703069271,1456969,0.162806,0.023942,-9.454702
1703069271,1456988,0.181959,0.002394,-9.425972
1703069271,1457007,0.174777,0.047884,-9.495404
1703069271,1457026,0.193930,0.021548,-9.411607
1703069271,1457045,0.256180,0.009577,-9.385271
1703069271,1457066,0.155623,-0.019154,-9.476251
1703069271,1457085,0.220267,0.031125,-9.483433
1703069271,1457104,0.208296,0.031125,-9.459491
1703069271,1457122,0.179565,0.050278,-9.581595
1703069271,1457141,0.251391,0.062249,-9.497798
1703069271,1457160,0.184354,0.067038,-9.399636
1703069271,1457179,0.215478,0.023942,-9.483433
1703069271,1457198,0.191536,0.016759,-9.433155
1703069271,1457217,0.196325,0.026336,-9.495404
1703069271,1457236,0.201113,0.067038,-9.452309
1703069271,1457255,0.239420,0.076614,-9.521740
1703069271,1457276,0.234632,0.062249,-9.476251
1703069271,1457295,0.165200,0.021548,-9.473856
1703069271,1457314,0.213084,0.009577,-9.476251
1703069271,1457333,0.237026,-0.009577,-9.562442
1703069272,1457351,0.189142,-0.009577,-9.552865
1703069272,1457370,0.256180,0.062249,-9.411607
1703069272,1457389,0.083797,0.028730,-9.399636
1703069272,1457408,0.208296,0.009577,-9.445126
1703069272,1457427,0.196325,0.081403,-9.526528
1703069272,1457446,0.186748,0.074220,-9.514558
1703069272,1457467,0.203507,0.023942,-9.509769
1703069272,1457486,0.208296,0.062249,-9.507375
1703069272,1457505,0.205901,0.026336,-9.552865
1703069272,1457524,0.165200,0.002394,-9.425972
1703069272,1457543,0.280122,-0.004788,-9.495404
1703069272,1457562,0.158017,0.016759,-9.404425
1703069272,1457581,0.179565,0.038307,-9.454702
1703069272,1457599,0.186748,0.028730,-9.399636
1703069272,1457618,0.165200,-0.019154,-9.478644
1703069272,1457637,0.191536,0.052672,-9.557653
1703069272,1457656,0.203507,0.043096,-9.464279
1703069272,1457677,0.225055,0.040701,-9.481039
1703069272,1457696,0.215478,0.014365,-9.564836
1703069272,1457715,0.205901,0.069432,-9.500193
1703069272,1457734,0.148441,0.047884,-9.555259
1703069272,1457753,0.217872,0.011971,-9.361329
1703069272,1457772,0.203507,0.016759,-9.454702
1703069272,1457791,0.165200,0.057461,-9.485827
1703069272,1457809,0.177171,-0.002394,-9.500193
1703069272,1457828,0.229843,0.009577,-9.471462
1703069272,1457847,0.143652,0.026336,-9.567230
1703069272,1457866,0.229843,0.045490,-9.457097
1703069272,1457887,0.227449,0.002394,-9.437943
1703069272,1457906,0.220267,0.038307,-9.442732
1703069272,1457925,0.193930,-0.021548,-9.526528
1703069272,1457944,0.232238,0.052672,-9.495404
1703069272,1457963,0.136469,0.035913,-9.502586
1703069272,1457982,0.177171,0.069432,-9.490616
1703069272,1458001,0.186748,0.062249,-9.399636
1703069272,1458020,0.215478,0.083797,-9.507375
1703069272,1458038,0.193930,-0.019154,-9.481039
1703069272,1458057,0.126893,0.067038,-9.514558
1703069272,1458076,0.160412,0.028730,-9.435549
1703069272,1458097,0.184354,0.088585,-9.437943
1703069272,1458116,0.234632,0.045490,-9.509769
1703069272,1458135,0.184354,0.000000,-9.402030
1703069272,1458154,0.205901,0.043096,-9.449914
1703069272,1458173,0.179565,-0.011971,-9.490616
1703069272,1458192,0.234632,0.038307,-9.533711
1703069272,1458210,0.227449,0.021548,-9.533711
1703069272,1458229,0.167594,0.076614,-9.490616
1703069272,1458248,0.196325,-0.014365,-9.488221
1703069272,1458267,0.169988,0.031125,-9.495404
1703069272,1458286,0.208296,0.107739,-9.380483
1703069272,1458307,0.169988,0.019154,-9.481039
1703069272,1458326,0.213084,0.047884,-9.562442
1703069273,1458345,0.225055,0.007183,-9.464279
1703069273,1458364,0.169988,-0.002394,-9.507375
1703069273,1458383,0.160412,0.098162,-9.536105
1703069273,1458402,0.203507,0.076614,-9.600749
1703069273,1458422,0.227449,0.047884,-9.414001
1703069273,1458441,0.191536,0.088585,-9.476251
1703069273,1458460,0.201113,0.071826,-9.545682
1703069273,1458479,0.169988,0.026336,-9.516952
1703069273,1458498,0.205901,0.007183,-9.490616
1703069273,1458520,0.198719,0.074220,-9.476251
1703069273,1458539,0.258574,-0.016759,-9.454702
1703069273,1458558,0.213084,0.011971,-9.414001
1703069273,1458577,0.244209,0.040701,-9.454702
1703069273,1458596,0.201113,0.007183,-9.421184
1703069273,1458615,0.198719,0.045490,-9.481039
1703069273,1458635,0.165200,0.011971,-9.483433
1703069273,1458654,0.196325,0.009577,-9.476251
1703069273,1458673,0.179565,0.014365,-9.516952
1703069273,1458692,0.217872,0.019154,-9.464279
1703069273,1458711,0.225055,0.079009,-9.500193
1703069273,1458733,0.162806,0.011971,-9.447520
1703069273,1458752,0.155623,0.002394,-9.457097
1703069273,1458771,0.265756,0.002394,-9.447520
1703069273,1458790,0.160412,0.100556,-9.454702
1703069273,1458810,0.189142,0.016759,-9.380483
1703069273,1458829,0.241814,0.011971,-9.603143
1703069273,1458848,0.131681,0.057461,-9.564836
1703069273,1458867,0.189142,0.035913,-9.469068
1703069273,1458886,0.220267,0.035913,-9.500193
1703069273,1458905,0.222661,0.026336,-9.514558
1703069273,1458927,0.253785,0.064643,-9.447520
1703069273,1458946,0.155623,0.011971,-9.524135
1703069273,1458965,0.234632,0.047884,-9.437943
1703069273,1458985,0.237026,0.026336,-9.471462
1703069273,1459004,0.205901,0.038307,-9.469068
1703069273,1459023,0.225055,-0.014365,-9.428367
1703069273,1459042,0.160412,0.021548,-9.449914
1703069273,1459061,0.184354,-0.007183,-9.469068
1703069273,1459080,0.198719,0.047884,-9.402030
1703069273,1459100,0.160412,0.086191,-9.452309
1703069273,1459119,0.181959,0.090980,-9.445126
1703069273,1459140,0.201113,-0.011971,-9.471462
1703069273,1459160,0.160412,0.059855,-9.471462
1703069273,1459179,0.205901,0.093374,-9.521740
1703069273,1459198,0.251391,0.055067,-9.409213
1703069273,1459217,0.251391,0.019154,-9.454702
1703069273,1459236,0.205901,0.088585,-9.495404
1703069273,1459255,0.196325,-0.011971,-9.473856
1703069273,1459275,0.251391,0.028730,-9.552865
1703069273,1459294,0.203507,-0.026336,-9.581595
1703069273,1459313,0.191536,0.090980,-9.526528
1703069273,1459332,0.198719,0.050278,-9.507375
1703069274,1459354,0.229843,0.021548,-9.433155
1703069274,1459373,0.258574,0.062249,-9.485827
1703069274,1459392,0.232238,0.023942,-9.524135
1703069274,1459412,0.213084,0.040701,-9.370906
1703069274,1459431,0.160412,0.038307,-9.385271
1703069274,1459450,0.232238,0.011971,-9.414001
1703069274,1459469,0.220267,0.016759,-9.430760
1703069274,1459488,0.158017,0.014365,-9.447520
1703069274,1459508,0.191536,0.009577,-9.538500
1703069274,1459527,0.203507,0.026336,-9.430760
1703069274,1459546,0.198719,0.069432,-9.531317
1703069274,1459568,0.167594,-0.021548,-9.500193
1703069274,1459587,0.165200,0.021548,-9.423578
1703069274,1459606,0.184354,0.059855,-9.512163
1703069274,1459625,0.201113,0.019154,-9.495404
1703069274,1459644,0.222661,0.038307,-9.555259
1703069274,1459664,0.251391,0.047884,-9.493010
1703069274,1459683,0.227449,0.023942,-9.466674
1703069274,1459702,0.141258,0.045490,-9.440337
1703069274,1459721,0.174777,0.040701,-9.445126
1703069274,1459740,0.222661,0.043096,-9.509769
1703069274,1459760,0.184354,0.074220,-9.459491
1703069274,1459781,0.189142,0.057461,-9.473856
1703069274,1459800,0.169988,0.011971,-9.557653
1703069274,1459830,0.186748,-0.004788,-9.457097
1703069274,1459849,0.234632,0.026336,-9.421184
1703069274,1459868,0.174777,0.016759,-9.483433
1703069274,1459887,0.201113,0.057461,-9.521740
1703069274,1459906,0.189142,0.040701,-9.461885
1703069274,1459925,0.189142,0.045490,-9.437943
1703069274,1459944,0.201113,0.035913,-9.471462
1703069274,1459964,0.220267,0.057461,-9.301474
1703069274,1459983,0.181959,0.083797,-9.531317
1703069274,1460012,0.181959,0.086191,-9.452309
1703069274,1460032,0.237026,0.038307,-9.481039
1703069274,1460050,0.160412,0.071826,-9.445126
1703069274,1460069,0.114922,0.011971,-9.500193
1703069274,1460088,0.179565,0.052672,-9.509769
1703069274,1460107,0.222661,0.038307,-9.454702
1703069274,1460126,0.177171,0.031125,-9.481039
1703069274,1460144,0.184354,0.052672,-9.514558
1703069274,1460163,0.193930,0.059855,-9.538500
1703069274,1460182,0.162806,0.019154,-9.433155
1703069274,1460201,0.253785,0.052672,-9.497798
1703069274,1460222,0.222661,0.107739,-9.569624
1703069274,1460241,0.174777,0.038307,-9.416395
1703069274,1460260,0.169988,0.021548,-9.550470
1703069274,1460278,0.196325,0.002394,-9.490616
1703069274,1460297,0.172383,0.026336,-9.495404
1703069274,1460316,0.196325,0.000000,-9.483433
1703069274,1460335,0.232238,0.052672,-9.466674
1703069275,1460354,0.141258,0.052672,-9.473856
1703069275,1460373,0.227449,0.071826,-9.548077
1703069275,1460392,0.165200,0.004788,-9.519346
1703069275,1460411,0.225055,0.040701,-9.459491
1703069275,1460432,0.124498,0.040701,-9.469068
1703069275,1460451,0.184354,0.035913,-9.461885
1703069275,1460470,0.227449,-0.004788,-9.543288
1703069275,1460488,0.215478,0.021548,-9.521740
1703069275,1460507,0.134075,0.038307,-9.435549
1703069275,1460526,0.205901,0.052672,-9.476251
1703069275,1460545,0.203507,-0.023942,-9.366117
1703069275,1460564,0.181959,0.035913,-9.504981
1703069275,1460583,0.222661,0.016759,-9.516952
1703069275,1460602,0.189142,0.071826,-9.552865
1703069275,1460623,0.210690,0.033519,-9.485827
1703069275,1460642,0.208296,0.057461,-9.461885
1703069275,1460661,0.153229,0.079009,-9.344569
1703069275,1460680,0.241814,0.011971,-9.428367
1703069275,1460698,0.177171,0.019154,-9.476251
1703069275,1460717,0.205901,0.038307,-9.442732
1703069275,1460736,0.239420,0.057461,-9.595961
1703069275,1460755,0.275333,0.009577,-9.509769
1703069275,1460774,0.184354,-0.011971,-9.483433
1703069275,1460793,0.227449,0.028730,-9.418790
1703069275,1460812,0.186748,0.038307,-9.440337
1703069275,1460833,0.193930,0.014365,-9.493010
1703069275,1460852,0.179565,0.040701,-9.519346
1703069275,1460871,0.172383,0.031125,-9.433155
1703069275,1460890,0.205901,0.079009,-9.509769
1703069275,1460908,0.208296,0.002394,-9.526528
1703069275,1460927,0.251391,0.050278,-9.473856
1703069275,1460946,0.203507,-0.059855,-9.464279
1703069275,1460965,0.225055,0.086191,-9.406818
1703069275,1460984,0.191536,0.007183,-9.433155
1703069275,1461003,0.220267,-0.009577,-9.540894
1703069275,1461022,0.150835,0.071826,-9.423578
1703069275,1461043,0.237026,0.007183,-9.454702
1703069275,1461062,0.184354,0.035913,-9.433155
1703069275,1461081,0.246603,0.023942,-9.533711
1703069275,1461099,0.213084,0.095768,-9.414001
1703069275,1461118,0.191536,0.045490,-9.519346
1703069275,1461137,0.222661,-0.004788,-9.447520
1703069275,1461156,0.222661,0.057461,-9.564836
1703069275,1461175,0.196325,0.062249,-9.387665
1703069275,1461194,0.237026,0.014365,-9.476251
1703069275,1461213,0.239420,0.047884,-9.464279
1703069275,1461232,0.251391,0.074220,-9.490616
1703069275,1461253,0.189142,0.047884,-9.481039
1703069275,1461272,0.181959,-0.009577,-9.457097
1703069275,1461290,0.186748,0.007183,-9.445126
1703069275,1461309,0.203507,0.035913,-9.519346
1703069275,1461328,0.167594,0.028730,-9.562442
1703069276,1461347,0.193930,0.035913,-9.430760
1703069276,1461366,0.256180,0.028730,-9.516952
1703069276,1461385,0.239420,0.059855,-9.531317
1703069276,1461404,0.239420,0.059855,-9.464279
1703069276,1461423,0.203507,0.057461,-9.579201
1703069276,1461442,0.232238,0.047884,-9.490616
1703069276,1461463,0.174777,0.057461,-9.528923
1703069276,1461481,0.196325,0.057461,-9.435549
1703069276,1461500,0.234632,-0.009577,-9.430760
1703069276,1461519,0.220267,0.021548,-9.524135
1703069276,1461538,0.160412,-0.004788,-9.442732
1703069276,1461557,0.217872,0.021548,-9.457097
1703069276,1461575,0.174777,0.026336,-9.514558
1703069276,1461594,0.169988,0.011971,-9.483433
1703069276,1461613,0.191536,0.074220,-9.397242
1703069276,1461632,0.150835,0.114922,-9.423578
1703069276,1461651,0.201113,0.047884,-9.538500
1703069276,1461672,0.205901,0.021548,-9.390059
1703069276,1461691,0.162806,0.098162,-9.399636
1703069276,1461710,0.234632,0.067038,-9.442732
1703069276,1461729,0.217872,0.052672,-9.416395
1703069276,1461748,0.186748,-0.004788,-9.402030
1703069276,1461767,0.186748,0.028730,-9.469068
1703069276,1461786,0.167594,0.050278,-9.512163
1703069276,1461805,0.201113,0.090980,-9.497798
1703069276,1461824,0.220267,0.076614,-9.452309
1703069276,1461844,0.167594,0.009577,-9.524135
1703069276,1461863,0.167594,0.007183,-9.495404
1703069276,1461884,0.196325,0.045490,-9.519346
1703069276,1461903,0.193930,0.100556,-9.490616
1703069276,1461923,0.186748,0.007183,-9.370906
1703069276,1461942,0.193930,0.038307,-9.423578
1703069276,1461961,0.210690,0.083797,-9.526528
1703069276,1461980,0.191536,-0.002394,-9.538500
1703069276,1461999,0.114922,0.050278,-9.454702
1703069276,1462018,0.215478,0.038307,-9.497798
1703069276,1462038,0.179565,0.052672,-9.548077
1703069276,1462057,0.134075,0.031125,-9.481039
1703069276,1462078,0.205901,0.043096,-9.464279
1703069276,1462097,0.165200,0.007183,-9.433155
1703069276,1462117,0.162806,0.002394,-9.631873
1703069276,1462136,0.117316,0.052672,-9.483433
1703069276,1462155,0.143652,0.062249,-9.485827
1703069276,1462174,0.184354,0.019154,-9.370906
1703069276,1462193,0.203507,0.067038,-9.531317
1703069276,1462212,0.138864,0.040701,-9.418790
1703069276,1462232,0.205901,0.019154,-9.433155
1703069276,1462251,0.213084,0.021548,-9.526528
1703069276,1462270,0.158017,-0.057461,-9.464279
1703069276,1462291,0.251391,0.076614,-9.454702
1703069276,1462311,0.229843,-0.014365,-9.437943
1703069276,1462330,0.213084,0.016759,-9.437943
1703069277,1462349,0.253785,0.064643,-9.473856
1703069277,1462368,0.172383,0.021548,-9.425972
1703069277,1462387,0.213084,0.047884,-9.447520
1703069277,1462407,0.198719,0.090980,-9.416395
1703069277,1462426,0.256180,-0.047884,-9.536105
1703069277,1462445,0.246603,0.021548,-9.502586
1703069277,1462464,0.227449,-0.014365,-9.461885
1703069277,1462483,0.203507,0.043096,-9.459491
1703069277,1462505,0.198719,0.000000,-9.442732
1703069277,1462524,0.203507,0.038307,-9.421184
1703069277,1462543,0.186748,0.076614,-9.483433
1703069277,1462562,0.160412,0.079009,-9.545682
1703069277,1462582,0.229843,-0.059855,-9.457097
1703069277,1462601,0.222661,0.086191,-9.414001
1703069277,1462620,0.208296,0.052672,-9.425972
1703069277,1462639,0.239420,0.074220,-9.536105
1703069277,1462658,0.165200,0.011971,-9.414001
1703069277,1462677,0.198719,0.002394,-9.402030
1703069277,1462697,0.150835,0.071826,-9.538500
1703069277,1462718,0.232238,0.011971,-9.536105
1703069277,1462737,0.229843,0.043096,-9.495404
1703069277,1462757,0.193930,-0.016759,-9.543288
1703069277,1462776,0.229843,0.057461,-9.411607
1703069277,1462795,0.186748,0.007183,-9.481039
1703069277,1462814,0.220267,-0.021548,-9.411607
1703069277,1462833,0.184354,0.057461,-9.555259
1703069277,1462853,0.232238,0.023942,-9.478644
1703069277,1462872,0.270545,-0.004788,-9.394848
1703069277,1462891,0.229843,0.052672,-9.461885
1703069277,1462910,0.181959,0.057461,-9.425972
1703069277,1462932,0.217872,0.086191,-9.493010
1703069277,1462951,0.196325,0.050278,-9.536105
1703069277,1462970,0.177171,0.007183,-9.397242
1703069277,1462989,0.210690,0.067038,-9.548077
1703069277,1463009,0.205901,0.021548,-9.490616
1703069277,1463028,0.292093,0.081403,-9.488221
1703069277,1463047,0.208296,0.016759,-9.579201
1703069277,1463066,0.179565,-0.007183,-9.452309
1703069277,1463085,0.232238,-0.011971,-9.497798
1703069277,1463104,0.205901,0.052672,-9.437943
1703069277,1463124,0.232238,0.050278,-9.521740
1703069277,1463145,0.227449,0.035913,-9.574412
1703069277,1463164,0.193930,0.007183,-9.473856
1703069277,1463183,0.138864,0.007183,-9.464279
1703069277,1463203,0.177171,-0.019154,-9.550470
1703069277,1463222,0.246603,0.021548,-9.459491
1703069277,1463241,0.177171,0.031125,-9.504981
1703069277,1463260,0.198719,0.028730,-9.526528
1703069277,1463279,0.258574,0.007183,-9.483433
1703069277,1463298,0.270545,0.014365,-9.418790
1703069277,1463317,0.141258,0.026336,-9.402030
1703069277,1463336,0.222661,0.059855,-9.557653
1703069278,1463365,0.179565,0.028730,-9.466674
1703069278,1463385,0.201113,0.067038,-9.483433
1703069278,1463404,0.234632,0.076614,-9.533711
1703069278,1463423,0.196325,0.021548,-9.471462
1703069278,1463442,0.210690,0.028730,-9.485827
1703069278,1463461,0.138864,0.069432,-9.545682
1703069278,1463479,0.287304,0.088585,-9.572019
1703069278,1463498,0.239420,-0.033519,-9.516952
1703069278,1463517,0.234632,0.069432,-9.437943
1703069278,1463536,0.186748,0.016759,-9.428367
1703069278,1463557,0.213084,0.062249,-9.464279
1703069278,1463576,0.191536,0.011971,-9.528923
1703069278,1463595,0.172383,0.067038,-9.385271
1703069278,1463614,0.196325,0.079009,-9.447520
1703069278,1463633,0.229843,0.019154,-9.442732
1703069278,1463651,0.225055,-0.009577,-9.457097
1703069278,1463670,0.246603,0.009577,-9.447520
1703069278,1463689,0.160412,0.031125,-9.528923
1703069278,1463708,0.205901,0.002394,-9.497798
1703069278,1463727,0.237026,0.043096,-9.483433
1703069278,1463746,0.181959,0.028730,-9.512163
1703069278,1463767,0.203507,0.023942,-9.471462
1703069278,1463786,0.193930,0.043096,-9.445126
1703069278,1463805,0.229843,0.086191,-9.469068
1703069278,1463824,0.181959,0.040701,-9.466674
1703069278,1463843,0.184354,0.067038,-9.497798
1703069278,1463861,0.198719,0.079009,-9.481039
1703069278,1463880,0.181959,0.045490,-9.502586
1703069278,1463899,0.215478,0.057461,-9.428367
1703069278,1463918,0.263362,0.043096,-9.495404
1703069278,1463937,0.205901,0.014365,-9.416395
1703069278,1463956,0.227449,0.028730,-9.490616
1703069278,1463977,0.193930,-0.009577,-9.552865
1703069278,1463996,0.184354,0.057461,-9.524135
1703069278,1464015,0.227449,-0.002394,-9.459491
1703069278,1464034,0.213084,0.002394,-9.526528
1703069278,1464053,0.263362,0.055067,-9.469068
1703069278,1464072,0.186748,0.033519,-9.502586
1703069278,1464090,0.213084,0.028730,-9.497798
1703069278,1464109,0.217872,0.033519,-9.476251
1703069278,1464128,0.184354,0.043096,-9.454702
1703069278,1464147,0.179565,0.102951,-9.397242
1703069278,1464166,0.184354,0.021548,-9.454702
1703069278,1464187,0.253785,-0.009577,-9.531317
1703069278,1464206,0.196325,0.004788,-9.555259
1703069278,1464225,0.184354,0.007183,-9.461885
1703069278,1464244,0.239420,0.050278,-9.552865
1703069278,1464263,0.158017,-0.028730,-9.519346
1703069278,1464282,0.191536,-0.014365,-9.519346
1703069278,1464301,0.191536,0.079009,-9.464279
1703069278,1464319,0.203507,0.035913,-9.447520
1703069279,1464338,0.229843,0.002394,-9.421184
1703069279,1464357,0.213084,0.019154,-9.567230
1703069279,1464376,0.205901,-0.002394,-9.440337
1703069279,1464397,0.222661,0.035913,-9.421184
1703069279,1464416,0.191536,-0.007183,-9.502586
1703069279,1464435,0.258574,0.033519,-9.437943
1703069279,1464454,0.184354,0.011971,-9.516952
1703069279,1464473,0.260968,0.026336,-9.593566
1703069279,1464492,0.169988,-0.004788,-9.536105
1703069279,1464511,0.131681,0.040701,-9.528923
1703069279,1464530,0.251391,0.098162,-9.504981
1703069279,1464549,0.196325,0.009577,-9.454702
1703069279,1464568,0.172383,0.016759,-9.473856
1703069279,1464586,0.201113,0.031125,-9.423578
1703069279,1464608,0.146046,0.007183,-9.370906
1703069279,1464627,0.220267,-0.007183,-9.469068
1703069279,1464645,0.213084,0.000000,-9.485827
1703069279,1464664,0.210690,0.052672,-9.488221
1703069279,1464683,0.191536,0.004788,-9.459491
1703069279,1464702,0.213084,0.019154,-9.495404
1703069279,1464721,0.193930,-0.014365,-9.548077
1703069279,1464740,0.201113,0.031125,-9.440337
1703069279,1464759,0.217872,0.000000,-9.437943
1703069279,1464778,0.217872,0.007183,-9.509769
1703069279,1464797,0.167594,0.057461,-9.519346
1703069279,1464818,0.213084,0.050278,-9.445126
1703069279,1464837,0.205901,0.050278,-9.452309
1703069279,1464855,0.193930,-0.026336,-9.476251
1703069279,1464874,0.220267,0.064643,-9.457097
1703069279,1464893,0.189142,-0.026336,-9.452309
1703069279,1464912,0.208296,0.028730,-9.411607
1703069279,1464931,0.222661,-0.043096,-9.445126
1703069279,1464949,0.213084,0.002394,-9.536105
1703069279,1464968,0.220267,0.000000,-9.452309
1703069279,1464987,0.272939,-0.014365,-9.550470
1703069279,1465008,0.186748,0.002394,-9.418790
1703069279,1465027,0.177171,0.050278,-9.521740
1703069279,1465046,0.150835,0.086191,-9.552865
1703069279,1465066,0.155623,0.000000,-9.552865
1703069279,1465085,0.232238,0.093374,-9.502586
1703069279,1465104,0.241814,0.002394,-9.500193
1703069279,1465123,0.248997,0.057461,-9.473856
1703069279,1465142,0.277727,0.031125,-9.414001
1703069279,1465161,0.237026,0.067038,-9.497798
1703069279,1465180,0.205901,0.050278,-9.397242
1703069279,1465199,0.210690,-0.023942,-9.531317
1703069279,1465221,0.215478,-0.062249,-9.476251
1703069279,1465240,0.186748,-0.019154,-9.526528
1703069279,1465259,0.193930,0.052672,-9.488221
1703069279,1465278,0.234632,0.019154,-9.531317
1703069279,1465298,0.237026,0.021548,-9.423578
1703069279,1465317,0.229843,0.043096,-9.514558
1703069279,1465336,0.232238,0.062249,-9.437943
1703069280,1465355,0.220267,0.038307,-9.490616
1703069280,1465374,0.198719,0.064643,-9.481039
1703069280,1465394,0.217872,0.040701,-9.411607
1703069280,1465413,0.186748,0.153229,-9.440337
1703069280,1465434,0.237026,0.004788,-9.461885
1703069280,1465454,0.232238,0.028730,-9.445126
1703069280,1465473,0.213084,0.026336,-9.457097
1703069280,1465492,0.222661,0.019154,-9.399636
1703069280,1465511,0.208296,0.088585,-9.502586
1703069280,1465530,0.229843,0.064643,-9.454702
1703069280,1465550,0.177171,0.045490,-9.473856
1703069280,1465569,0.169988,0.064643,-9.442732
1703069280,1465588,0.160412,0.002394,-9.504981
1703069280,1465607,0.148441,0.021548,-9.469068
1703069280,1465626,0.158017,-0.004788,-9.414001
1703069280,1465648,0.186748,0.069432,-9.466674
1703069280,1465667,0.203507,0.007183,-9.469068
1703069280,1465686,0.220267,0.038307,-9.423578
1703069280,1465705,0.193930,0.035913,-9.473856
1703069280,1465725,0.217872,0.067038,-9.493010
1703069280,1465744,0.203507,0.023942,-9.500193
1703069280,1465763,0.196325,0.043096,-9.454702
1703069280,1465782,0.201113,0.057461,-9.454702
1703069280,1465801,0.179565,0.031125,-9.497798
1703069280,1465821,0.201113,0.050278,-9.574412
1703069280,1465840,0.237026,0.055067,-9.402030
1703069280,1465861,0.181959,-0.002394,-9.569624
1703069280,1465881,0.179565,0.033519,-9.447520
1703069280,1465900,0.177171,0.062249,-9.469068
1703069280,1465919,0.198719,0.007183,-9.528923
1703069280,1465938,0.191536,0.007183,-9.524135
1703069280,1465957,0.193930,0.033519,-9.536105
1703069280,1465976,0.213084,0.064643,-9.452309
1703069280,1465996,0.186748,0.019154,-9.493010
1703069280,1466015,0.165200,0.035913,-9.469068
1703069280,1466034,0.150835,0.047884,-9.447520
1703069280,1466053,0.162806,0.014365,-9.533711
1703069280,1466075,0.253785,0.028730,-9.437943
1703069280,1466094,0.158017,-0.019154,-9.442732
1703069280,1466113,0.165200,0.086191,-9.469068
1703069280,1466133,0.217872,-0.021548,-9.425972
1703069280,1466152,0.162806,0.007183,-9.497798
1703069280,1466171,0.220267,0.004788,-9.473856
1703069280,1466190,0.169988,0.050278,-9.447520
1703069280,1466209,0.201113,0.019154,-9.476251
1703069280,1466229,0.160412,0.031125,-9.540894
1703069280,1466248,0.184354,0.043096,-9.512163
1703069280,1466267,0.258574,0.114922,-9.464279
1703069280,1466289,0.196325,0.028730,-9.521740
1703069280,1466308,0.220267,0.062249,-9.442732
1703069280,1466327,0.205901,0.040701,-9.366117
1703069281,1466346,0.196325,0.050278,-9.615114
1703069281,1466365,0.162806,0.016759,-9.418790
1703069281,1466385,0.210690,0.100556,-9.428367
1703069281,1466404,0.225055,0.021548,-9.397242
1703069281,1466423,0.229843,0.067038,-9.485827
1703069281,1466442,0.201113,0.069432,-9.406818
1703069281,1466462,0.213084,0.069432,-9.445126
1703069281,1466481,0.174777,0.067038,-9.481039
1703069281,1466499,0.253785,0.055067,-9.440337
1703069281,1466518,0.198719,0.035913,-9.545682
1703069281,1466537,0.191536,0.040701,-9.423578
1703069281,1466556,0.186748,0.023942,-9.481039
1703069281,1466575,0.167594,0.016759,-9.433155
1703069281,1466594,0.189142,0.057461,-9.500193
1703069281,1466614,0.191536,-0.028730,-9.471462
1703069281,1466633,0.201113,0.050278,-9.504981
1703069281,1466652,0.217872,-0.011971,-9.394848
1703069281,1466671,0.177171,0.028730,-9.538500
1703069281,1466700,0.193930,0.069432,-9.500193
1703069281,1466720,0.232238,0.059855,-9.461885
1703069281,1466738,0.136469,0.069432,-9.514558
1703069281,1466757,0.239420,0.071826,-9.588778
1703069281,1466776,0.201113,0.045490,-9.416395
1703069281,1466795,0.181959,0.023942,-9.390059
1703069281,1466814,0.198719,0.007183,-9.473856
1703069281,1466833,0.174777,0.052672,-9.449914
1703069281,1466851,0.153229,0.009577,-9.497798
1703069281,1466870,0.215478,0.007183,-9.493010
1703069281,1466889,0.213084,0.004788,-9.481039
1703069281,1466910,0.158017,0.026336,-9.411607
1703069281,1466929,0.263362,-0.016759,-9.449914
1703069281,1466948,0.158017,0.038307,-9.459491
1703069281,1466967,0.148441,-0.011971,-9.461885
1703069281,1466986,0.184354,0.023942,-9.476251
1703069281,1467005,0.165200,0.007183,-9.481039
1703069281,1467023,0.222661,0.052672,-9.502586
1703069281,1467042,0.134075,-0.007183,-9.416395
1703069281,1467061,0.217872,0.004788,-9.579201
1703069281,1467080,0.179565,0.031125,-9.490616
1703069281,1467099,0.174777,0.050278,-9.442732
1703069281,1467120,0.225055,0.088585,-9.512163
1703069281,1467139,0.146046,-0.007183,-9.512163
1703069281,1467158,0.189142,0.031125,-9.382876
1703069281,1467177,0.265756,-0.019154,-9.452309
1703069281,1467196,0.167594,0.074220,-9.490616
1703069281,1467215,0.198719,0.055067,-9.461885
1703069281,1467234,0.181959,0.052672,-9.466674
1703069281,1467252,0.201113,0.038307,-9.483433
1703069281,1467271,0.213084,0.002394,-9.437943
1703069281,1467290,0.217872,0.026336,-9.514558
1703069281,1467309,0.191536,0.026336,-9.421184
1703069281,1467330,0.215478,0.007183,-9.476251
1703069282,1467349,0.198719,-0.016759,-9.485827
1703069282,1467368,0.234632,-0.007183,-9.473856
1703069282,1467387,0.203507,0.002394,-9.512163
1703069282,1467406,0.237026,0.071826,-9.536105
1703069282,1467425,0.217872,0.028730,-9.433155
1703069282,1467444,0.253785,-0.011971,-9.531317
1703069282,1467463,0.177171,-0.007183,-9.485827
1703069282,1467482,0.198719,0.074220,-9.538500
1703069282,1467500,0.189142,0.014365,-9.493010
1703069282,1467519,0.201113,0.062249,-9.471462
1703069282,1467541,0.213084,0.043096,-9.509769
1703069282,1467559,0.186748,0.023942,-9.449914
1703069282,1467578,0.217872,0.011971,-9.473856
1703069282,1467597,0.172383,0.088585,-9.504981
1703069282,1467616,0.191536,-0.002394,-9.473856
1703069282,1467635,0.184354,0.062249,-9.471462
1703069282,1467654,0.201113,0.023942,-9.572019
1703069282,1467673,0.181959,0.031125,-9.464279
1703069282,1467692,0.186748,0.040701,-9.435549
1703069282,1467711,0.213084,0.093374,-9.564836
1703069282,1467729,0.222661,0.057461,-9.490616
1703069282,1467751,0.258574,0.014365,-9.452309
1703069282,1467770,0.232238,0.031125,-9.459491
1703069282,1467788,0.162806,0.019154,-9.464279
1703069282,1467807,0.246603,0.083797,-9.581595
1703069282,1467826,0.222661,0.067038,-9.454702
1703069282,1467845,0.213084,0.014365,-9.572019
1703069282,1467864,0.210690,-0.009577,-9.600749
1703069282,1467883,0.196325,-0.004788,-9.416395
1703069282,1467902,0.198719,0.004788,-9.488221
1703069282,1467921,0.143652,0.052672,-9.540894
1703069282,1467942,0.198719,-0.016759,-9.445126
1703069282,1467961,0.248997,0.021548,-9.473856
1703069282,1467980,0.210690,-0.038307,-9.370906
1703069282,1467999,0.191536,-0.021548,-9.490616
1703069282,1468017,0.246603,0.011971,-9.504981
1703069282,1468036,0.205901,0.069432,-9.473856
1703069282,1468055,0.181959,0.021548,-9.449914
1703069282,1468074,0.174777,0.026336,-9.397242
1703069282,1468093,0.191536,0.055067,-9.416395
1703069282,1468112,0.272939,0.007183,-9.466674
1703069282,1468131,0.196325,0.031125,-9.375694
1703069282,1468152,0.158017,0.052672,-9.416395
1703069282,1468171,0.172383,0.002394,-9.392453
1703069282,1468190,0.186748,-0.026336,-9.500193
1703069282,1468208,0.179565,0.021548,-9.528923
1703069282,1468227,0.225055,0.040701,-9.490616
1703069282,1468246,0.193930,0.081403,-9.449914
1703069282,1468265,0.198719,0.050278,-9.466674
1703069282,1468284,0.244209,0.064643,-9.392453
1703069282,1468302,0.237026,0.026336,-9.459491
1703069282,1468321,0.225055,0.019154,-9.526528
1703069283,1468340,0.181959,0.112527,-9.521740
1703069283,1468361,0.201113,0.076614,-9.442732
1703069283,1468380,0.253785,0.014365,-9.493010
1703069283,1468400,0.169988,-0.002394,-9.464279
1703069283,1468419,0.225055,0.033519,-9.473856
1703069283,1468438,0.253785,0.064643,-9.433155
1703069283,1468457,0.248997,0.081403,-9.476251
1703069283,1468476,0.198719,0.112527,-9.411607
1703069283,1468495,0.196325,0.000000,-9.540894
1703069283,1468514,0.225055,0.021548,-9.504981
1703069283,1468533,0.227449,-0.026336,-9.428367
1703069283,1468552,0.158017,0.090980,-9.521740
1703069283,1468574,0.186748,0.052672,-9.471462
1703069283,1468593,0.222661,0.038307,-9.567230
1703069283,1468612,0.205901,0.028730,-9.349358
1703069283,1468632,0.237026,0.038307,-9.399636
1703069283,1468651,0.220267,0.014365,-9.430760
1703069283,1468670,0.196325,0.071826,-9.392453
1703069283,1468689,0.165200,0.033519,-9.512163
1703069283,1468708,0.198719,0.016759,-9.454702
1703069283,1468727,0.198719,0.021548,-9.392453
1703069283,1468747,0.201113,0.031125,-9.490616
1703069283,1468766,0.162806,0.059855,-9.548077
1703069283,1468787,0.201113,-0.004788,-9.423578
1703069283,1468807,0.215478,0.004788,-9.495404
1703069283,1468826,0.237026,0.035913,-9.425972
1703069283,1468845,0.251391,0.081403,-9.495404
1703069283,1468864,0.208296,0.021548,-9.531317
1703069283,1468883,0.186748,0.040701,-9.447520
1703069283,1468902,0.153229,0.007183,-9.447520
1703069283,1468922,0.203507,0.021548,-9.457097
1703069283,1468941,0.217872,0.035913,-9.440337
1703069283,1468960,0.203507,0.045490,-9.473856
1703069283,1468979,0.229843,0.045490,-9.442732
1703069283,1469001,0.205901,0.035913,-9.464279
1703069283,1469020,0.181959,0.019154,-9.473856
1703069283,1469039,0.251391,0.052672,-9.452309
1703069283,1469058,0.167594,0.055067,-9.375694
1703069283,1469077,0.148441,0.047884,-9.528923
1703069283,1469097,0.174777,0.021548,-9.423578
1703069283,1469116,0.258574,0.019154,-9.457097
1703069283,1469135,0.251391,0.045490,-9.536105
1703069283,1469154,0.217872,0.064643,-9.538500
1703069283,1469173,0.155623,-0.019154,-9.418790
1703069283,1469193,0.167594,0.019154,-9.478644
1703069283,1469214,0.193930,0.035913,-9.437943
1703069283,1469233,0.203507,0.007183,-9.509769
1703069283,1469253,0.227449,0.014365,-9.519346
1703069283,1469272,0.217872,0.043096,-9.402030
1703069283,1469291,0.153229,-0.038307,-9.488221
1703069283,1469310,0.201113,0.045490,-9.416395
1703069283,1469329,0.181959,0.069432,-9.442732
1703069284,1469348,0.198719,0.043096,-9.533711
1703069284,1469368,0.237026,0.067038,-9.397242
1703069284,1469387,0.191536,0.050278,-9.536105
1703069284,1469406,0.193930,0.043096,-9.521740
1703069284,1469428,0.172383,0.086191,-9.507375
1703069284,1469447,0.196325,-0.014365,-9.433155
1703069284,1469466,0.222661,0.067038,-9.481039
1703069284,1469485,0.124498,-0.009577,-9.416395
1703069284,1469505,0.193930,0.043096,-9.524135
1703069284,1469524,0.280122,0.045490,-9.493010
1703069284,1469543,0.184354,0.040701,-9.409213
1703069284,1469562,0.210690,0.076614,-9.533711
1703069284,1469581,0.220267,0.038307,-9.452309
1703069284,1469601,0.184354,0.031125,-9.461885
1703069284,1469622,0.186748,0.021548,-9.504981
1703069284,1469642,0.213084,0.079009,-9.540894
1703069284,1469661,0.215478,0.052672,-9.516952
1703069284,1469680,0.181959,0.016759,-9.540894
1703069284,1469699,0.105345,0.067038,-9.404425
1703069284,1469718,0.193930,0.007183,-9.548077
1703069284,1469738,0.225055,0.045490,-9.497798
1703069284,1469757,0.217872,0.045490,-9.454702
1703069284,1469776,0.201113,0.090980,-9.495404
1703069284,1469795,0.177171,0.062249,-9.473856
1703069284,1469814,0.210690,0.016759,-9.497798
1703069284,1469836,0.198719,0.021548,-9.442732
1703069284,1469855,0.198719,0.002394,-9.485827
1703069284,1469874,0.172383,-0.019154,-9.555259
1703069284,1469893,0.198719,0.026336,-9.507375
1703069284,1469912,0.177171,0.071826,-9.437943
1703069284,1469932,0.227449,0.076614,-9.356541
1703069284,1469951,0.232238,0.031125,-9.442732
1703069284,1469981,0.205901,-0.021548,-9.497798
1703069284,1470000,0.172383,0.033519,-9.478644
1703069284,1470019,0.203507,-0.011971,-9.466674
1703069284,1470038,0.155623,0.067038,-9.562442
1703069284,1470067,0.205901,0.114922,-9.493010
1703069284,1470086,0.215478,0.023942,-9.366117
1703069284,1470105,0.181959,-0.009577,-9.490616
1703069284,1470124,0.169988,-0.014365,-9.449914
1703069284,1470143,0.148441,0.055067,-9.435549
1703069284,1470162,0.203507,0.002394,-9.442732
1703069284,1470180,0.141258,0.067038,-9.493010
1703069284,1470199,0.158017,0.047884,-9.430760
1703069284,1470218,0.191536,0.009577,-9.466674
1703069284,1470237,0.215478,0.026336,-9.536105
1703069284,1470256,0.239420,0.071826,-9.488221
1703069284,1470277,0.201113,-0.007183,-9.490616
1703069284,1470296,0.186748,0.071826,-9.519346
1703069284,1470315,0.141258,0.057461,-9.502586
1703069284,1470333,0.146046,0.050278,-9.483433
1703069285,1470352,0.141258,0.057461,-9.471462
1703069285,1470371,0.239420,0.052672,-9.557653
1703069285,1470390,0.165200,0.043096,-9.540894
1703069285,1470409,0.213084,0.016759,-9.442732
1703069285,1470428,0.174777,0.074220,-9.528923
1703069285,1470447,0.229843,0.000000,-9.358934
1703069285,1470466,0.215478,0.067038,-9.507375
1703069285,1470487,0.167594,0.050278,-9.457097
1703069285,1470506,0.213084,0.050278,-9.583989
1703069285,1470525,0.136469,0.062249,-9.476251
1703069285,1470543,0.198719,0.050278,-9.457097
1703069285,1470562,0.220267,0.019154,-9.464279
1703069285,1470581,0.239420,0.052672,-9.445126
1703069285,1470600,0.184354,0.019154,-9.557653
1703069285,1470619,0.146046,0.088585,-9.418790
1703069285,1470638,0.196325,0.062249,-9.507375
1703069285,1470657,0.205901,0.002394,-9.473856
1703069285,1470676,0.222661,0.062249,-9.543288
1703069285,1470697,0.220267,0.028730,-9.476251
1703069285,1470716,0.222661,0.071826,-9.418790
1703069285,1470735,0.222661,0.009577,-9.435549
1703069285,1470753,0.134075,0.074220,-9.514558
1703069285,1470772,0.184354,0.038307,-9.437943
1703069285,1470791,0.205901,0.038307,-9.481039
1703069285,1470810,0.232238,0.052672,-9.454702
1703069285,1470829,0.220267,0.004788,-9.416395
1703069285,1470848,0.205901,0.045490,-9.485827
1703069285,1470867,0.215478,0.009577,-9.442732
1703069285,1470886,0.213084,0.038307,-9.449914
1703069285,1470907,0.201113,0.028730,-9.495404
1703069285,1470926,0.229843,0.007183,-9.461885
1703069285,1470945,0.239420,0.014365,-9.392453
1703069285,1470963,0.165200,0.057461,-9.512163
1703069285,1470982,0.222661,0.040701,-9.471462
1703069285,1471001,0.169988,0.026336,-9.481039
1703069285,1471020,0.160412,0.074220,-9.433155
1703069285,1471039,0.162806,0.023942,-9.514558
1703069285,1471058,0.162806,0.043096,-9.473856
1703069285,1471077,0.189142,-0.007183,-9.536105
1703069285,1471098,0.095768,-0.004788,-9.425972
1703069285,1471117,0.213084,0.026336,-9.390059
1703069285,1471136,0.186748,0.016759,-9.442732
1703069285,1471154,0.227449,0.067038,-9.543288
1703069285,1471173,0.177171,0.059855,-9.476251
1703069285,1471192,0.217872,0.016759,-9.466674
1703069285,1471211,0.174777,0.102951,-9.495404
1703069285,1471230,0.184354,0.021548,-9.471462
1703069285,1471249,0.213084,-0.011971,-9.504981
1703069285,1471268,0.208296,0.059855,-9.423578
1703069285,1471287,0.186748,0.026336,-9.404425
1703069285,1471308,0.237026,0.086191,-9.459491
1703069285,1471327,0.232238,0.057461,-9.440337
1703069286,1471346,0.189142,0.062249,-9.390059
1703069286,1471364,0.193930,0.011971,-9.476251
1703069286,1471383,0.225055,-0.007183,-9.411607
1703069286,1471402,0.229843,0.014365,-9.339781
1703069286,1471421,0.217872,0.033519,-9.454702
1703069286,1471440,0.208296,0.055067,-9.526528
1703069286,1471459,0.225055,0.045490,-9.512163
1703069286,1471478,0.153229,-0.004788,-9.385271
1703069286,1471497,0.169988,0.067038,-9.447520
1703069286,1471518,0.203507,0.007183,-9.430760
1703069286,1471537,0.198719,0.040701,-9.543288
1703069286,1471555,0.193930,0.086191,-9.464279
1703069286,1471574,0.141258,0.040701,-9.504981
1703069286,1471593,0.198719,0.019154,-9.495404
1703069286,1471612,0.229843,0.074220,-9.478644
1703069286,1471631,0.234632,0.028730,-9.526528
1703069286,1471649,0.237026,0.023942,-9.428367
1703069286,1471668,0.268151,-0.016759,-9.466674
1703069286,1471687,0.217872,-0.016759,-9.425972
1703069286,1471706,0.186748,-0.019154,-9.548077
1703069286,1471727,0.217872,0.009577,-9.471462
1703069286,1471746,0.167594,0.021548,-9.406818
1703069286,1471765,0.196325,-0.007183,-9.507375
1703069286,1471784,0.165200,0.016759,-9.497798
1703069286,1471803,0.186748,0.035913,-9.481039
1703069286,1471822,0.227449,0.045490,-9.488221
1703069286,1471842,0.239420,-0.011971,-9.452309
1703069286,1471861,0.198719,-0.007183,-9.528923
1703069286,1471880,0.181959,0.031125,-9.433155
1703069286,1471899,0.222661,0.011971,-9.533711
1703069286,1471918,0.234632,0.026336,-9.504981
1703069286,1471939,0.213084,0.033519,-9.433155
1703069286,1471959,0.203507,0.045490,-9.471462
1703069286,1471978,0.177171,0.019154,-9.548077
1703069286,1471997,0.253785,0.057461,-9.459491
1703069286,1472016,0.227449,-0.023942,-9.445126
1703069286,1472035,0.196325,0.086191,-9.564836
1703069286,1472054,0.225055,0.016759,-9.564836
1703069286,1472074,0.225055,-0.033519,-9.447520
1703069286,1472093,0.150835,0.076614,-9.445126
1703069286,1472112,0.215478,0.100556,-9.514558
1703069286,1472131,0.174777,0.069432,-9.473856
1703069286,1472153,0.215478,0.007183,-9.454702
1703069286,1472172,0.268151,-0.055067,-9.509769
1703069286,1472191,0.162806,0.014365,-9.437943
1703069286,1472210,0.289698,0.035913,-9.375694
1703069286,1472229,0.205901,-0.026336,-9.466674
1703069286,1472249,0.193930,0.055067,-9.380483
1703069286,1472268,0.186748,0.083797,-9.483433
1703069286,1472287,0.129287,0.062249,-9.473856
1703069286,1472306,0.227449,-0.002394,-9.493010
1703069286,1472325,0.294487,0.079009,-9.504981
1703069287,1472344,0.158017,0.014365,-9.483433
1703069287,1472366,0.165200,0.071826,-9.399636
1703069287,1472385,0.129287,0.002394,-9.493010
1703069287,1472404,0.193930,0.112527,-9.404425
1703069287,1472424,0.208296,0.083797,-9.483433
1703069287,1472443,0.241814,0.074220,-9.538500
1703069287,1472462,0.201113,0.055067,-9.411607
1703069287,1472481,0.198719,0.000000,-9.481039
1703069287,1472500,0.141258,0.052672,-9.435549
1703069287,1472519,0.148441,0.021548,-9.464279
1703069287,1472539,0.220267,0.064643,-9.392453
1703069287,1472560,0.169988,0.007183,-9.572019
1703069287,1472579,0.114922,0.009577,-9.500193
1703069287,1472599,0.241814,0.035913,-9.447520
1703069287,1472618,0.227449,0.028730,-9.421184
1703069287,1472637,0.165200,0.052672,-9.516952
1703069287,1472656,0.248997,0.038307,-9.421184
1703069287,1472675,0.162806,0.004788,-9.528923
1703069287,1472694,0.189142,0.050278,-9.440337
1703069287,1472714,0.193930,0.009577,-9.562442
1703069287,1472733,0.198719,0.004788,-9.397242
1703069287,1472752,0.179565,0.023942,-9.512163
1703069287,1472774,0.179565,0.052672,-9.521740
1703069287,1472793,0.198719,0.007183,-9.653421
1703069287,1472812,0.196325,0.038307,-9.519346
1703069287,1472831,0.189142,0.093374,-9.469068
1703069287,1472850,0.205901,0.016759,-9.552865
1703069287,1472870,0.229843,-0.011971,-9.437943
1703069287,1472889,0.227449,0.014365,-9.528923
1703069287,1472908,0.117316,-0.023942,-9.567230
1703069287,1472927,0.150835,-0.002394,-9.493010
1703069287,1472946,0.198719,0.076614,-9.449914
1703069287,1472965,0.179565,0.114922,-9.373300
1703069287,1472987,0.150835,0.050278,-9.478644
1703069287,1473006,0.141258,0.023942,-9.454702
1703069287,1473026,0.265756,0.028730,-9.445126
1703069287,1473045,0.237026,0.052672,-9.485827
1703069287,1473064,0.225055,0.033519,-9.514558
1703069287,1473083,0.160412,0.148441,-9.416395
1703069287,1473102,0.222661,0.043096,-9.437943
1703069287,1473122,0.179565,0.038307,-9.495404
1703069287,1473141,0.148441,-0.014365,-9.490616
1703069287,1473160,0.193930,0.047884,-9.459491
1703069287,1473179,0.232238,0.071826,-9.461885
1703069287,1473201,0.205901,0.004788,-9.502586
1703069287,1473220,0.184354,0.040701,-9.521740
1703069287,1473239,0.246603,0.062249,-9.473856
1703069287,1473258,0.217872,-0.019154,-9.476251
1703069287,1473277,0.260968,-0.035913,-9.469068
1703069287,1473296,0.196325,0.043096,-9.521740
1703069287,1473315,0.229843,-0.019154,-9.392453
1703069287,1473335,0.160412,0.035913,-9.504981
1703069288,1473354,0.210690,0.102951,-9.512163
1703069288,1473373,0.205901,0.000000,-9.543288
1703069288,1473392,0.179565,0.031125,-9.497798
1703069288,1473421,0.241814,0.043096,-9.469068
1703069288,1473441,0.260968,0.067038,-9.454702
1703069288,1473460,0.146046,0.074220,-9.404425
1703069288,1473478,0.141258,0.014365,-9.464279
1703069288,1473497,0.191536,0.050278,-9.490616
1703069288,1473516,0.179565,0.035913,-9.375694
1703069288,1473535,0.193930,0.000000,-9.490616
1703069288,1473554,0.158017,0.000000,-9.512163
1703069288,1473573,0.167594,0.086191,-9.397242
1703069288,1473591,0.191536,0.033519,-9.521740
1703069288,1473610,0.196325,0.004788,-9.509769
1703069288,1473631,0.222661,-0.004788,-9.504981
1703069288,1473650,0.198719,0.088585,-9.552865
1703069288,1473669,0.205901,0.062249,-9.488221
1703069288,1473688,0.160412,0.009577,-9.447520
1703069288,1473707,0.213084,0.062249,-9.421184
1703069288,1473726,0.143652,0.100556,-9.433155
1703069288,1473745,0.203507,0.062249,-9.421184
1703069288,1473764,0.217872,0.050278,-9.481039
1703069288,1473783,0.193930,0.016759,-9.548077
1703069288,1473801,0.213084,0.059855,-9.459491
1703069288,1473820,0.260968,0.086191,-9.569624
1703069288,1473842,0.265756,0.069432,-9.488221
1703069288,1473860,0.143652,0.064643,-9.459491
1703069288,1473879,0.239420,0.038307,-9.528923
1703069288,1473898,0.222661,0.040701,-9.481039
1703069288,1473917,0.227449,0.064643,-9.521740
1703069288,1473936,0.222661,0.014365,-9.502586
1703069288,1473955,0.239420,0.009577,-9.579201
1703069288,1473974,0.155623,-0.002394,-9.464279
1703069288,1473993,0.191536,0.014365,-9.461885
1703069288,1474012,0.215478,0.074220,-9.493010
1703069288,1474033,0.248997,0.055067,-9.536105
1703069288,1474052,0.227449,0.064643,-9.461885
1703069288,1474071,0.244209,0.016759,-9.500193
1703069288,1474089,0.165200,0.007183,-9.572019
1703069288,1474108,0.117316,0.059855,-9.497798
1703069288,1474127,0.248997,0.021548,-9.485827
1703069288,1474146,0.215478,-0.026336,-9.435549
1703069288,1474165,0.222661,0.028730,-9.373300
1703069288,1474184,0.153229,0.004788,-9.500193
1703069288,1474203,0.196325,0.062249,-9.509769
1703069288,1474222,0.179565,-0.002394,-9.399636
1703069288,1474243,0.213084,0.059855,-9.504981
1703069288,1474262,0.201113,0.050278,-9.425972
1703069288,1474281,0.222661,0.026336,-9.390059
1703069288,1474300,0.189142,0.038307,-9.536105
1703069288,1474318,0.246603,0.035913,-9.442732
1703069288,1474337,0.215478,0.014365,-9.425972
