timestamp,millis,AccX.AccY,AccZ,GyroX,GyroY,GyroZ
1706615372,1620823,0.052672,-0.026336,-9.461885,-0.012524,0.017587,-0.022649
1706615372,1620846,0.083797,-0.055067,-9.600749,-0.014389,0.016521,-0.021051
1706615372,1620868,0.107739,0.035913,-9.500193,-0.011458,0.014922,-0.021850
1706615372,1620891,0.102951,0.000000,-9.555259,-0.014123,0.017587,-0.022116
1706615372,1620913,0.150835,0.031125,-9.598354,-0.014655,0.014389,-0.021317
1706615372,1620936,0.090980,-0.014365,-9.504981,-0.009060,0.021583,-0.022916
1706615372,1620961,0.124498,0.009577,-9.545682,-0.012524,0.014123,-0.019985
1706615372,1620984,0.098162,0.009577,-9.548077,-0.014389,0.018919,-0.021583
1706615372,1621006,0.138864,0.043096,-9.610326,-0.017320,0.018652,-0.020251
1706615372,1621029,0.095768,-0.023942,-9.447520,-0.014922,0.015455,-0.019185
1706615372,1621052,0.107739,-0.062249,-9.588778,-0.015988,0.017587,-0.021583
1706615372,1621075,0.064643,0.023942,-9.504981,-0.015988,0.016787,-0.017587
1706615372,1621100,0.062249,-0.019154,-9.605537,-0.014922,0.018386,-0.020784
1706615372,1621122,0.155623,-0.007183,-9.552865,-0.014922,0.015721,-0.021317
1706615372,1621145,0.100556,-0.026336,-9.457097,-0.014922,0.018386,-0.021850
1706615372,1621168,0.100556,0.031125,-9.516952,-0.013856,0.017054,-0.020784
1706615372,1621191,0.064643,-0.033519,-9.555259,-0.013856,0.018386,-0.021583
1706615372,1621213,0.086191,-0.014365,-9.495404,-0.012257,0.019985,-0.022116
1706615372,1621236,0.090980,0.000000,-9.524135,-0.014922,0.018119,-0.019718
1706615372,1621261,0.067038,-0.014365,-9.481039,-0.012790,0.019452,-0.019718
1706615372,1621284,0.153229,-0.019154,-9.516952,-0.014922,0.017853,-0.020518
1706615372,1621306,0.119710,-0.007183,-9.509769,-0.013590,0.014922,-0.021583
1706615372,1621329,0.059855,-0.038307,-9.504981,-0.012790,0.017587,-0.020251
1706615372,1621352,0.126893,-0.033519,-9.500193,-0.014123,0.016521,-0.019185
1706615372,1621375,0.162806,-0.004788,-9.500193,-0.014389,0.016254,-0.021051
1706615372,1621397,0.143652,0.014365,-9.586384,-0.013323,0.015455,-0.021583
1706615372,1621422,0.079009,0.021548,-9.497798,-0.012790,0.015455,-0.019985
1706615372,1621445,0.119710,-0.038307,-9.457097,-0.014123,0.019718,-0.021850
1706615372,1621468,0.138864,-0.052672,-9.555259,-0.015188,0.016787,-0.018386
1706615372,1621491,0.095768,0.011971,-9.615114,-0.012524,0.017853,-0.020518
1706615372,1621513,0.114922,-0.009577,-9.437943,-0.014655,0.017054,-0.017853
1706615372,1621536,0.076614,-0.004788,-9.552865,-0.014922,0.018919,-0.020251
1706615372,1621561,0.148441,-0.059855,-9.502586,-0.011991,0.016787,-0.020784
1706615372,1621584,0.076614,0.007183,-9.485827,-0.015455,0.016521,-0.022383
1706615372,1621606,0.122104,0.000000,-9.528923,-0.015455,0.020518,-0.017587
1706615372,1621629,0.040701,-0.011971,-9.555259,-0.014123,0.015988,-0.021317
1706615372,1621652,0.134075,-0.052672,-9.481039,-0.011724,0.016521,-0.019985
1706615372,1621675,0.093374,-0.019154,-9.440337,-0.012524,0.013856,-0.020784
1706615372,1621697,0.155623,-0.023942,-9.555259,-0.015988,0.021051,-0.021583
1706615372,1621722,0.155623,-0.040701,-9.497798,-0.013856,0.015188,-0.023449
1706615372,1621745,0.071826,-0.033519,-9.540894,-0.014389,0.018119,-0.023449
1706615372,1621768,0.079009,-0.004788,-9.588778,-0.015188,0.016787,-0.021317
1706615373,1621790,0.114922,0.007183,-9.457097,-0.015721,0.017853,-0.021051
1706615373,1621813,0.093374,-0.055067,-9.524135,-0.013323,0.017054,-0.020251
1706615373,1621836,0.143652,-0.019154,-9.605537,-0.014389,0.020784,-0.019985
1706615373,1621859,0.131681,0.028730,-9.543288,-0.012524,0.016521,-0.019452
1706615373,1621883,0.083797,-0.043096,-9.524135,-0.014123,0.016787,-0.019718
1706615373,1621906,0.114922,-0.016759,-9.507375,-0.014922,0.018919,-0.022383
1706615373,1621929,0.119710,-0.035913,-9.500193,-0.014389,0.020251,-0.020251
1706615373,1621951,0.071826,0.007183,-9.509769,-0.015988,0.017853,-0.020251
1706615373,1621974,0.181959,-0.004788,-9.452309,-0.012257,0.017320,-0.019718
1706615373,1621997,0.076614,0.009577,-9.607931,-0.010925,0.018919,-0.018919
1706615373,1622019,0.124498,-0.045490,-9.483433,-0.012257,0.016787,-0.022383
1706615373,1622044,0.110133,-0.035913,-9.516952,-0.012524,0.016521,-0.021850
1706615373,1622067,0.105345,0.019154,-9.500193,-0.014655,0.014389,-0.021051
1706615373,1622090,0.100556,-0.026336,-9.528923,-0.011724,0.015988,-0.019718
1706615373,1622113,0.055067,-0.033519,-9.557653,-0.014655,0.019452,-0.022916
1706615373,1622136,0.090980,0.002394,-9.538500,-0.012524,0.015988,-0.020251
1706615373,1622159,0.138864,-0.026336,-9.497798,-0.013856,0.018386,-0.020784
1706615373,1622184,0.100556,-0.088585,-9.567230,-0.013323,0.016787,-0.020784
1706615373,1622207,0.083797,-0.076614,-9.533711,-0.015188,0.017054,-0.019985
1706615373,1622230,0.086191,-0.026336,-9.488221,-0.016254,0.018119,-0.020784
1706615373,1622253,0.126893,-0.047884,-9.449914,-0.013856,0.015988,-0.021317
1706615373,1622276,0.134075,0.004788,-9.548077,-0.013856,0.021051,-0.022116
1706615373,1622299,0.079009,-0.004788,-9.512163,-0.014123,0.017853,-0.022116
1706615373,1622322,0.131681,0.031125,-9.538500,-0.015188,0.017853,-0.021051
1706615373,1622348,0.062249,0.000000,-9.469068,-0.013323,0.013323,-0.022649
1706615373,1622371,0.110133,-0.021548,-9.562442,-0.013856,0.017853,-0.019185
1706615373,1622394,0.126893,0.019154,-9.619903,-0.011724,0.017853,-0.021583
1706615373,1622417,0.057461,-0.023942,-9.545682,-0.015988,0.015188,-0.020518
1706615373,1622440,0.088585,-0.016759,-9.466674,-0.011191,0.018386,-0.020518
1706615373,1622463,0.050278,-0.016759,-9.545682,-0.014922,0.018652,-0.022649
1706615373,1622486,0.138864,-0.043096,-9.485827,-0.011724,0.017054,-0.022116
1706615373,1622511,0.107739,-0.023942,-9.507375,-0.015721,0.016521,-0.023449
1706615373,1622534,0.090980,0.000000,-9.543288,-0.012257,0.017853,-0.021317
1706615373,1622557,0.110133,-0.079009,-9.512163,-0.013590,0.018386,-0.021850
1706615373,1622580,0.071826,0.050278,-9.593566,-0.012790,0.017587,-0.020784
1706615373,1622603,0.141258,0.033519,-9.519346,-0.014389,0.016521,-0.022383
1706615373,1622626,0.083797,0.000000,-9.449914,-0.014123,0.017320,-0.022649
1706615373,1622652,0.062249,0.014365,-9.516952,-0.012257,0.018386,-0.021051
1706615373,1622675,0.079009,0.000000,-9.562442,-0.014123,0.019718,-0.021051
1706615373,1622698,0.124498,0.007183,-9.488221,-0.015455,0.018386,-0.019985
1706615373,1622721,0.136469,-0.028730,-9.519346,-0.013590,0.018652,-0.021051
1706615373,1622744,0.079009,-0.007183,-9.538500,-0.011458,0.017853,-0.023982
1706615373,1622767,0.045490,0.002394,-9.414001,-0.013323,0.017587,-0.020518
1706615374,1622790,0.064643,0.009577,-9.531317,-0.012524,0.019985,-0.019185
1706615374,1622815,0.035913,0.016759,-9.397242,-0.017320,0.017853,-0.023449
1706615374,1622838,0.050278,-0.026336,-9.445126,-0.013590,0.016787,-0.018652
1706615374,1622861,0.114922,0.002394,-9.524135,-0.014922,0.017587,-0.018919
1706615374,1622884,0.143652,0.000000,-9.504981,-0.011991,0.016787,-0.022649
1706615374,1622907,0.064643,-0.028730,-9.639056,-0.015721,0.020784,-0.019718
1706615374,1622930,0.088585,0.045490,-9.586384,-0.014389,0.018652,-0.022116
1706615374,1622953,0.124498,0.014365,-9.552865,-0.013856,0.020784,-0.018386
1706615374,1622979,0.105345,-0.031125,-9.576807,-0.014389,0.017320,-0.021317
1706615374,1623002,0.081403,-0.095768,-9.550470,-0.016521,0.018652,-0.019452
1706615374,1623025,0.107739,-0.016759,-9.646238,-0.012524,0.017320,-0.019985
1706615374,1623048,0.126893,0.043096,-9.459491,-0.014922,0.020518,-0.021850
1706615374,1623071,0.110133,0.019154,-9.533711,-0.012524,0.018652,-0.022116
1706615374,1623094,0.086191,0.021548,-9.473856,-0.012790,0.014389,-0.019452
1706615374,1623119,0.090980,-0.035913,-9.538500,-0.014389,0.022383,-0.022383
1706615374,1623142,0.117316,-0.002394,-9.490616,-0.013323,0.018386,-0.021051
1706615374,1623165,0.126893,0.031125,-9.519346,-0.014389,0.017320,-0.021051
1706615374,1623188,0.095768,-0.021548,-9.449914,-0.012524,0.018386,-0.021051
1706615374,1623211,0.129287,-0.014365,-9.567230,-0.014123,0.017054,-0.021051
1706615374,1623234,0.076614,0.026336,-9.481039,-0.013590,0.019718,-0.026113
1706615374,1623257,0.093374,-0.062249,-9.519346,-0.014922,0.018652,-0.024781
1706615374,1623290,0.055067,-0.014365,-9.595961,-0.012257,0.014655,-0.018652
1706615374,1623315,0.088585,-0.038307,-9.567230,-0.011458,0.018386,-0.022916
1706615374,1623337,0.064643,-0.004788,-9.543288,-0.014655,0.019185,-0.019185
1706615374,1623360,0.090980,-0.023942,-9.562442,-0.015988,0.018119,-0.020251
1706615374,1623382,0.098162,0.028730,-9.500193,-0.013856,0.018119,-0.017587
1706615374,1623405,0.112527,-0.047884,-9.536105,-0.015188,0.015988,-0.021317
1706615374,1623428,0.155623,-0.009577,-9.543288,-0.014922,0.020784,-0.021317
1706615374,1623453,0.098162,-0.019154,-9.538500,-0.014123,0.018386,-0.020518
1706615374,1623476,0.114922,0.009577,-9.555259,-0.013057,0.018652,-0.022116
1706615374,1623498,0.102951,-0.043096,-9.495404,-0.015455,0.021583,-0.019452
1706615374,1623521,0.064643,-0.011971,-9.540894,-0.013057,0.013856,-0.020784
1706615374,1623544,0.165200,-0.023942,-9.533711,-0.014655,0.018919,-0.024781
1706615374,1623567,0.062249,0.021548,-9.493010,-0.013856,0.018119,-0.021850
1706615374,1623592,0.105345,-0.062249,-9.459491,-0.014655,0.017054,-0.021850
1706615374,1623614,0.126893,-0.002394,-9.526528,-0.015455,0.018919,-0.020251
1706615374,1623637,0.126893,-0.040701,-9.521740,-0.013590,0.015988,-0.020251
1706615374,1623660,0.102951,-0.052672,-9.476251,-0.015188,0.018119,-0.021051
1706615374,1623683,0.090980,-0.019154,-9.564836,-0.013856,0.022383,-0.021317
1706615374,1623705,0.110133,0.002394,-9.502586,-0.014655,0.014389,-0.025314
1706615374,1623728,0.076614,0.019154,-9.600749,-0.012524,0.018919,-0.021583
1706615374,1623753,0.122104,-0.007183,-9.572019,-0.014922,0.014389,-0.019185
1706615375,1623776,0.136469,0.002394,-9.526528,-0.012790,0.016254,-0.020251
1706615375,1623799,0.143652,-0.023942,-9.500193,-0.015721,0.016254,-0.021850
1706615375,1623821,0.126893,-0.004788,-9.497798,-0.013057,0.016254,-0.018919
1706615375,1623844,0.050278,-0.045490,-9.545682,-0.014922,0.011991,-0.019452
1706615375,1623867,0.074220,-0.028730,-9.552865,-0.012790,0.020784,-0.020784
1706615375,1623890,0.122104,0.028730,-9.490616,-0.011991,0.018919,-0.022916
1706615375,1623915,0.119710,0.000000,-9.598354,-0.014123,0.021051,-0.019452
1706615375,1623938,0.076614,-0.019154,-9.469068,-0.015988,0.015988,-0.020784
1706615375,1623960,0.090980,-0.045490,-9.593566,-0.011191,0.018119,-0.022383
1706615375,1623983,0.098162,-0.035913,-9.488221,-0.010925,0.017587,-0.017853
1706615375,1624006,0.110133,-0.016759,-9.576807,-0.012790,0.014922,-0.023715
1706615375,1624029,0.181959,-0.009577,-9.495404,-0.013590,0.015988,-0.021583
1706615375,1624054,0.102951,0.023942,-9.557653,-0.014655,0.020518,-0.020518
1706615375,1624076,0.093374,-0.007183,-9.588778,-0.014389,0.015988,-0.021051
1706615375,1624099,0.136469,-0.007183,-9.452309,-0.013057,0.016521,-0.024248
1706615375,1624122,0.062249,0.055067,-9.442732,-0.012790,0.015455,-0.020518
1706615375,1624145,0.105345,0.031125,-9.454702,-0.014655,0.015988,-0.019452
1706615375,1624167,0.100556,-0.055067,-9.567230,-0.013590,0.018119,-0.022116
1706615375,1624190,0.153229,-0.019154,-9.512163,-0.015721,0.020251,-0.020518
1706615375,1624215,0.124498,-0.038307,-9.588778,-0.013057,0.016254,-0.022916
1706615375,1624238,0.055067,0.031125,-9.512163,-0.012257,0.018386,-0.017853
1706615375,1624261,0.129287,-0.004788,-9.540894,-0.015988,0.017853,-0.021317
1706615375,1624283,0.067038,-0.028730,-9.560047,-0.011991,0.015188,-0.021051
1706615375,1624306,0.112527,-0.071826,-9.521740,-0.013323,0.017054,-0.020784
1706615375,1624329,0.047884,-0.081403,-9.557653,-0.014389,0.015988,-0.023449
1706615375,1624352,0.102951,-0.033519,-9.564836,-0.012790,0.015988,-0.021583
1706615375,1624376,0.033519,-0.004788,-9.536105,-0.014389,0.016254,-0.019718
1706615375,1624399,0.095768,-0.028730,-9.478644,-0.014655,0.018652,-0.020784
1706615375,1624422,0.107739,-0.026336,-9.619903,-0.013323,0.019718,-0.019185
1706615375,1624445,0.095768,-0.021548,-9.411607,-0.012257,0.017320,-0.023449
1706615375,1624467,0.181959,0.031125,-9.550470,-0.013590,0.019185,-0.023715
1706615375,1624490,0.150835,0.004788,-9.526528,-0.012790,0.018119,-0.021583
1706615375,1624515,0.136469,-0.045490,-9.485827,-0.012524,0.017853,-0.021051
1706615375,1624538,0.067038,0.071826,-9.526528,-0.015455,0.019718,-0.020784
1706615375,1624561,0.050278,-0.052672,-9.459491,-0.014655,0.015455,-0.017587
1706615375,1624584,0.079009,-0.043096,-9.483433,-0.014123,0.021583,-0.020518
1706615375,1624607,0.112527,-0.088585,-9.514558,-0.015455,0.020251,-0.020518
1706615375,1624630,0.074220,-0.045490,-9.531317,-0.014655,0.018119,-0.019985
1706615375,1624653,0.105345,0.047884,-9.473856,-0.013590,0.016521,-0.022649
1706615375,1624678,0.074220,-0.026336,-9.574412,-0.014389,0.019718,-0.021317
1706615375,1624701,0.050278,0.004788,-9.595961,-0.013856,0.022649,-0.022383
1706615375,1624724,0.057461,-0.021548,-9.576807,-0.014922,0.016254,-0.019718
1706615375,1624747,0.122104,-0.026336,-9.583989,-0.013590,0.015988,-0.023715
1706615375,1624770,0.098162,0.009577,-9.543288,-0.013590,0.018119,-0.019985
1706615376,1624793,0.040701,0.021548,-9.548077,-0.015188,0.018919,-0.020784
1706615376,1624816,0.114922,0.002394,-9.533711,-0.014123,0.017587,-0.018119
1706615376,1624841,0.086191,-0.043096,-9.509769,-0.015188,0.018652,-0.019718
1706615376,1624864,0.095768,-0.009577,-9.469068,-0.014922,0.018652,-0.022649
1706615376,1624887,0.083797,-0.035913,-9.488221,-0.008793,0.017587,-0.020251
1706615376,1624910,0.112527,-0.019154,-9.512163,-0.011458,0.018652,-0.020784
1706615376,1624933,0.114922,-0.016759,-9.464279,-0.015721,0.015988,-0.023182
1706615376,1624956,0.143652,-0.040701,-9.502586,-0.012524,0.016521,-0.019985
1706615376,1624982,0.107739,-0.021548,-9.569624,-0.013323,0.015188,-0.023182
1706615376,1625005,0.117316,-0.064643,-9.514558,-0.016254,0.016521,-0.019985
1706615376,1625028,0.124498,0.016759,-9.504981,-0.014922,0.017054,-0.020518
1706615376,1625051,0.136469,0.023942,-9.519346,-0.012790,0.015188,-0.019185
1706615376,1625074,0.160412,-0.023942,-9.504981,-0.014123,0.017587,-0.022649
1706615376,1625097,0.131681,0.028730,-9.483433,-0.015455,0.016521,-0.022116
1706615376,1625120,0.093374,-0.023942,-9.507375,-0.012524,0.016787,-0.018919
1706615376,1625145,0.124498,0.002394,-9.528923,-0.013856,0.018386,-0.021850
1706615376,1625168,0.119710,-0.009577,-9.548077,-0.013590,0.020784,-0.021583
1706615376,1625191,0.069432,-0.040701,-9.490616,-0.011991,0.020251,-0.021051
1706615376,1625214,0.126893,0.007183,-9.545682,-0.014123,0.015988,-0.020251
1706615376,1625237,0.141258,-0.011971,-9.464279,-0.013856,0.016254,-0.022383
1706615376,1625260,0.189142,-0.047884,-9.471462,-0.015188,0.015988,-0.023715
1706615376,1625283,0.124498,-0.059855,-9.454702,-0.015455,0.014389,-0.019985
1706615376,1625309,0.215478,0.016759,-9.447520,-0.013590,0.016254,-0.019718
1706615376,1625332,0.146046,-0.019154,-9.531317,-0.016254,0.019452,-0.022116
1706615376,1625355,0.126893,0.011971,-9.425972,-0.014123,0.016254,-0.019718
1706615376,1625378,0.136469,-0.007183,-9.605537,-0.013590,0.020251,-0.023715
1706615376,1625401,0.143652,0.009577,-9.435549,-0.015721,0.017853,-0.019985
1706615376,1625424,0.134075,0.009577,-9.521740,-0.012257,0.018919,-0.022116
1706615376,1625447,0.165200,-0.014365,-9.548077,-0.012790,0.018119,-0.021850
1706615376,1625469,0.098162,0.023942,-9.548077,-0.012257,0.019452,-0.021583
1706615376,1625492,0.105345,-0.047884,-9.552865,-0.012524,0.018119,-0.022116
1706615376,1625515,0.126893,-0.026336,-9.516952,-0.014123,0.023449,-0.019718
1706615376,1625538,0.095768,-0.009577,-9.481039,-0.013323,0.014123,-0.021051
1706615376,1625561,0.172383,-0.004788,-9.469068,-0.016254,0.017587,-0.021051
1706615376,1625584,0.069432,-0.021548,-9.447520,-0.011991,0.016787,-0.018652
1706615376,1625609,0.107739,0.000000,-9.588778,-0.014655,0.016787,-0.019452
1706615376,1625632,0.052672,-0.009577,-9.423578,-0.013590,0.017054,-0.019985
1706615376,1625655,0.107739,-0.028730,-9.512163,-0.013856,0.015455,-0.021051
1706615376,1625678,0.055067,0.016759,-9.576807,-0.015188,0.020251,-0.019452
1706615376,1625701,0.102951,0.000000,-9.507375,-0.013057,0.017587,-0.025314
1706615376,1625724,0.074220,-0.031125,-9.459491,-0.011724,0.017320,-0.020518
1706615376,1625747,0.138864,-0.016759,-9.471462,-0.013590,0.017587,-0.019452
1706615377,1625780,0.110133,-0.038307,-9.550470,-0.013057,0.018119,-0.019452
1706615377,1625805,0.033519,0.026336,-9.564836,-0.012790,0.017054,-0.019452
1706615377,1625827,0.136469,0.035913,-9.485827,-0.016521,0.015988,-0.019985
1706615377,1625850,0.059855,0.009577,-9.490616,-0.014123,0.014922,-0.017587
1706615377,1625873,0.162806,-0.038307,-9.548077,-0.014123,0.013057,-0.020518
1706615377,1625895,0.095768,-0.023942,-9.483433,-0.012257,0.017587,-0.022383
1706615377,1625918,0.050278,-0.021548,-9.502586,-0.011458,0.016787,-0.020518
1706615377,1625943,0.004788,-0.033519,-9.497798,-0.013323,0.012257,-0.019718
1706615377,1625966,0.153229,-0.009577,-9.473856,-0.014655,0.018119,-0.021317
1706615377,1625988,0.095768,-0.043096,-9.457097,-0.011991,0.019452,-0.021317
1706615377,1626011,0.050278,0.007183,-9.545682,-0.011458,0.019452,-0.016254
1706615377,1626034,0.098162,-0.043096,-9.514558,-0.013323,0.017853,-0.022916
1706615377,1626057,0.105345,0.011971,-9.548077,-0.015455,0.022916,-0.019718
1706615377,1626081,0.122104,-0.002394,-9.528923,-0.015455,0.015455,-0.022916
1706615377,1626104,0.052672,0.028730,-9.617508,-0.014922,0.017587,-0.021583
1706615377,1626127,0.138864,0.043096,-9.543288,-0.014922,0.018652,-0.019185
1706615377,1626150,0.136469,0.002394,-9.488221,-0.012790,0.017054,-0.021850
1706615377,1626173,0.124498,-0.038307,-9.476251,-0.012790,0.018652,-0.021051
1706615377,1626195,0.100556,-0.038307,-9.473856,-0.010658,0.019718,-0.021317
1706615377,1626218,0.141258,-0.031125,-9.514558,-0.011724,0.018652,-0.020784
1706615377,1626243,0.074220,0.033519,-9.442732,-0.014123,0.015988,-0.022383
1706615377,1626266,0.079009,-0.040701,-9.557653,-0.017320,0.020251,-0.022916
1706615377,1626288,0.129287,0.009577,-9.536105,-0.012257,0.013590,-0.022649
1706615377,1626311,0.090980,0.016759,-9.490616,-0.015188,0.018652,-0.019718
1706615377,1626334,0.124498,-0.014365,-9.509769,-0.014922,0.017054,-0.021317
1706615377,1626357,0.090980,-0.031125,-9.583989,-0.013323,0.014922,-0.021850
1706615377,1626379,0.081403,-0.026336,-9.567230,-0.014389,0.020784,-0.021051
1706615377,1626404,0.114922,-0.002394,-9.531317,-0.013057,0.016787,-0.020784
1706615377,1626427,0.090980,-0.004788,-9.423578,-0.011191,0.017054,-0.021051
1706615377,1626450,0.110133,0.035913,-9.514558,-0.014655,0.016787,-0.020784
1706615377,1626473,0.112527,0.057461,-9.481039,-0.013323,0.017587,-0.020784
1706615377,1626495,0.098162,-0.002394,-9.464279,-0.014922,0.015188,-0.020251
1706615377,1626518,0.083797,-0.031125,-9.402030,-0.012790,0.018919,-0.019452
1706615377,1626543,0.114922,-0.062249,-9.579201,-0.016254,0.020518,-0.020518
1706615377,1626566,0.098162,0.016759,-9.476251,-0.016787,0.016787,-0.019718
1706615377,1626589,0.090980,-0.074220,-9.476251,-0.016254,0.016254,-0.020784
1706615377,1626611,0.114922,0.004788,-9.502586,-0.015988,0.016787,-0.019985
1706615377,1626634,0.031125,0.023942,-9.512163,-0.013057,0.015988,-0.020518
1706615377,1626657,0.067038,0.023942,-9.524135,-0.012790,0.017853,-0.020784
1706615377,1626679,0.122104,-0.011971,-9.481039,-0.014123,0.020784,-0.019985
1706615377,1626704,0.055067,-0.016759,-9.437943,-0.014123,0.017587,-0.023982
1706615377,1626727,0.107739,-0.023942,-9.464279,-0.015188,0.021583,-0.023182
1706615377,1626750,0.143652,-0.026336,-9.576807,-0.013590,0.018919,-0.021850
1706615377,1626773,0.064643,-0.014365,-9.526528,-0.017320,0.017587,-0.022916
1706615378,1626795,0.150835,-0.026336,-9.423578,-0.015188,0.018652,-0.018652
1706615378,1626818,0.088585,-0.095768,-9.600749,-0.011991,0.015721,-0.021317
1706615378,1626841,0.079009,-0.031125,-9.531317,-0.015455,0.018386,-0.021583
1706615378,1626866,0.055067,-0.014365,-9.533711,-0.011458,0.015721,-0.019185
1706615378,1626888,0.090980,-0.035913,-9.509769,-0.013590,0.018119,-0.020251
1706615378,1626911,0.112527,0.007183,-9.464279,-0.012790,0.015188,-0.019985
1706615378,1626934,0.136469,0.031125,-9.557653,-0.015721,0.018119,-0.019985
1706615378,1626956,0.100556,-0.028730,-9.574412,-0.014655,0.017320,-0.019718
1706615378,1626979,0.045490,-0.009577,-9.572019,-0.013590,0.017853,-0.017853
1706615378,1627004,0.107739,-0.007183,-9.567230,-0.013856,0.018119,-0.027712
1706615378,1627027,0.179565,0.023942,-9.476251,-0.010925,0.015188,-0.021051
1706615378,1627050,0.086191,-0.007183,-9.531317,-0.011191,0.018652,-0.020784
1706615378,1627073,0.117316,0.028730,-9.560047,-0.017587,0.019452,-0.018386
1706615378,1627096,0.069432,-0.038307,-9.512163,-0.013856,0.016787,-0.019452
1706615378,1627119,0.114922,0.014365,-9.540894,-0.013590,0.019452,-0.019185
1706615378,1627142,0.114922,-0.004788,-9.514558,-0.014655,0.019718,-0.023982
1706615378,1627167,0.057461,0.021548,-9.528923,-0.014655,0.019452,-0.020784
1706615378,1627190,0.062249,-0.055067,-9.574412,-0.014123,0.019452,-0.019452
1706615378,1627213,0.064643,-0.035913,-9.466674,-0.014123,0.019718,-0.021583
1706615378,1627236,0.110133,-0.007183,-9.533711,-0.013057,0.016787,-0.020784
1706615378,1627259,0.090980,-0.055067,-9.540894,-0.011724,0.015988,-0.022383
1706615378,1627282,0.143652,-0.016759,-9.423578,-0.011458,0.017853,-0.019718
1706615378,1627305,0.165200,0.045490,-9.552865,-0.016254,0.018119,-0.020784
1706615378,1627331,0.105345,0.004788,-9.490616,-0.013590,0.019185,-0.021051
1706615378,1627354,0.071826,-0.023942,-9.562442,-0.013590,0.018919,-0.021583
1706615378,1627377,0.081403,-0.009577,-9.504981,-0.013590,0.017587,-0.021051
1706615378,1627400,0.081403,0.009577,-9.519346,-0.012257,0.019452,-0.019718
1706615378,1627423,0.004788,0.045490,-9.502586,-0.014922,0.015721,-0.020784
1706615378,1627446,0.153229,-0.004788,-9.526528,-0.014655,0.015988,-0.021850
1706615378,1627472,0.112527,-0.007183,-9.507375,-0.013590,0.014922,-0.020251
1706615378,1627495,0.095768,-0.014365,-9.610326,-0.015455,0.017054,-0.020251
1706615378,1627518,0.124498,-0.052672,-9.552865,-0.015455,0.017320,-0.021051
1706615378,1627541,0.167594,0.023942,-9.504981,-0.014922,0.015988,-0.022916
1706615378,1627564,0.117316,0.016759,-9.543288,-0.013057,0.019185,-0.019452
1706615378,1627587,0.146046,-0.009577,-9.636662,-0.016254,0.019185,-0.019452
1706615378,1627610,0.160412,0.000000,-9.524135,-0.013323,0.016254,-0.019718
1706615378,1627635,0.110133,-0.026336,-9.548077,-0.014922,0.018119,-0.020518
1706615378,1627658,0.102951,-0.004788,-9.516952,-0.013856,0.020784,-0.019985
1706615378,1627681,0.150835,-0.016759,-9.521740,-0.014123,0.016787,-0.023182
1706615378,1627704,0.093374,-0.021548,-9.540894,-0.014389,0.017054,-0.021583
1706615378,1627727,0.126893,-0.011971,-9.526528,-0.014922,0.019185,-0.021317
1706615378,1627750,0.079009,-0.038307,-9.612720,-0.016521,0.016787,-0.019985
1706615378,1627773,0.167594,-0.047884,-9.528923,-0.015188,0.022383,-0.020784
1706615379,1627799,0.067038,0.002394,-9.524135,-0.012790,0.018386,-0.019718
1706615379,1627822,0.100556,0.026336,-9.586384,-0.011191,0.017587,-0.021850
1706615379,1627845,0.088585,-0.038307,-9.454702,-0.011191,0.018919,-0.019718
1706615379,1627868,0.088585,0.004788,-9.576807,-0.013057,0.018652,-0.020518
1706615379,1627891,0.117316,-0.090980,-9.552865,-0.015721,0.017320,-0.019185
1706615379,1627914,0.150835,-0.002394,-9.545682,-0.014922,0.017320,-0.022649
1706615379,1627939,0.095768,0.021548,-9.461885,-0.011724,0.018119,-0.021051
1706615379,1627962,0.143652,-0.004788,-9.519346,-0.011724,0.017853,-0.022383
1706615379,1627985,0.088585,-0.033519,-9.512163,-0.015721,0.019452,-0.021850
1706615379,1628008,0.088585,-0.016759,-9.528923,-0.011458,0.016787,-0.021317
1706615379,1628031,0.122104,0.019154,-9.519346,-0.013856,0.015721,-0.022116
1706615379,1628054,0.055067,0.014365,-9.569624,-0.015721,0.012790,-0.021051
1706615379,1628077,0.107739,-0.047884,-9.507375,-0.013590,0.019452,-0.021051
1706615379,1628103,0.112527,-0.011971,-9.493010,-0.014922,0.016787,-0.021317
1706615379,1628126,0.064643,-0.059855,-9.514558,-0.013057,0.017587,-0.019185
1706615379,1628149,0.019154,0.000000,-9.493010,-0.013590,0.020784,-0.022116
1706615379,1628172,0.138864,-0.083797,-9.497798,-0.016521,0.015721,-0.021051
1706615379,1628195,0.114922,0.021548,-9.478644,-0.013590,0.015188,-0.021317
1706615379,1628218,0.098162,0.026336,-9.548077,-0.016521,0.017054,-0.022916
1706615379,1628241,0.083797,0.052672,-9.459491,-0.012790,0.017320,-0.021850
1706615379,1628274,0.114922,0.023942,-9.502586,-0.013323,0.017587,-0.020784
1706615379,1628299,0.107739,-0.033519,-9.385271,-0.012790,0.019185,-0.022916
1706615379,1628321,0.126893,-0.035913,-9.533711,-0.014922,0.015188,-0.019185
1706615379,1628344,0.153229,0.009577,-9.560047,-0.013323,0.019452,-0.018386
1706615379,1628366,0.136469,-0.043096,-9.641450,-0.014655,0.017054,-0.021317
1706615379,1628389,0.076614,0.031125,-9.502586,-0.011991,0.018652,-0.021583
1706615379,1628414,0.100556,0.009577,-9.598354,-0.015721,0.022116,-0.021850
1706615379,1628437,0.079009,0.016759,-9.536105,-0.017054,0.018119,-0.022916
1706615379,1628460,0.119710,0.023942,-9.452309,-0.015988,0.019185,-0.022649
1706615379,1628482,0.102951,-0.019154,-9.471462,-0.015721,0.016787,-0.020784
1706615379,1628505,0.114922,0.026336,-9.406818,-0.015455,0.018652,-0.022649
1706615379,1628528,0.136469,0.007183,-9.469068,-0.018386,0.016521,-0.022649
1706615379,1628551,0.057461,-0.031125,-9.466674,-0.014123,0.014922,-0.018652
1706615379,1628576,0.131681,-0.031125,-9.466674,-0.013057,0.017054,-0.022116
1706615379,1628598,0.138864,-0.031125,-9.504981,-0.015455,0.015721,-0.023715
1706615379,1628621,0.155623,0.002394,-9.588778,-0.014655,0.012524,-0.020251
1706615379,1628644,0.126893,0.007183,-9.504981,-0.016254,0.015988,-0.023182
1706615379,1628667,0.107739,-0.023942,-9.531317,-0.013590,0.017853,-0.019718
1706615379,1628689,0.141258,-0.031125,-9.569624,-0.014123,0.016787,-0.021317
1706615379,1628712,0.114922,-0.035913,-9.579201,-0.014922,0.017853,-0.021850
1706615379,1628737,0.131681,-0.047884,-9.488221,-0.014922,0.019718,-0.022383
1706615379,1628760,0.143652,-0.045490,-9.464279,-0.015721,0.017587,-0.019985
1706615380,1628782,0.143652,-0.011971,-9.634268,-0.015188,0.017853,-0.024248
1706615380,1628805,0.122104,0.007183,-9.524135,-0.010925,0.017587,-0.023182
1706615380,1628828,0.117316,-0.031125,-9.557653,-0.013590,0.017054,-0.021583
1706615380,1628851,0.062249,-0.023942,-9.497798,-0.014389,0.016787,-0.021051
1706615380,1628873,0.146046,-0.021548,-9.536105,-0.015455,0.013323,-0.023715
1706615380,1628895,0.143652,-0.021548,-9.512163,-0.012790,0.017587,-0.023449
1706615380,1628918,0.083797,0.021548,-9.473856,-0.013057,0.015721,-0.022916
1706615380,1628940,0.102951,-0.031125,-9.550470,-0.011458,0.015721,-0.019185
1706615380,1628963,0.083797,0.007183,-9.536105,-0.014389,0.015721,-0.019985
1706615380,1628986,0.079009,-0.055067,-9.531317,-0.014655,0.017054,-0.018919
1706615380,1629009,0.146046,-0.035913,-9.483433,-0.013856,0.012257,-0.023982
1706615380,1629034,0.131681,-0.031125,-9.488221,-0.013057,0.018119,-0.021850
1706615380,1629056,0.095768,0.016759,-9.528923,-0.013323,0.019185,-0.021850
1706615380,1629079,0.107739,0.011971,-9.543288,-0.015455,0.019185,-0.021583
1706615380,1629102,0.098162,-0.004788,-9.416395,-0.013856,0.018919,-0.025314
1706615380,1629125,0.081403,0.011971,-9.390059,-0.015721,0.018119,-0.021850
1706615380,1629147,0.110133,-0.033519,-9.490616,-0.015455,0.016787,-0.023449
1706615380,1629170,0.124498,-0.011971,-9.502586,-0.015455,0.018652,-0.022649
1706615380,1629195,0.112527,-0.011971,-9.605537,-0.012257,0.016521,-0.021850
1706615380,1629218,0.167594,0.002394,-9.548077,-0.014389,0.014123,-0.020784
1706615380,1629240,0.088585,-0.009577,-9.516952,-0.014922,0.019452,-0.020518
1706615380,1629263,0.119710,0.000000,-9.507375,-0.011724,0.019185,-0.019452
1706615380,1629286,0.122104,-0.071826,-9.516952,-0.015721,0.018386,-0.020251
1706615380,1629309,0.158017,0.035913,-9.512163,-0.013856,0.020251,-0.019452
1706615380,1629331,0.122104,0.002394,-9.473856,-0.015188,0.015721,-0.018119
1706615380,1629356,0.102951,0.000000,-9.524135,-0.013856,0.018386,-0.022649
1706615380,1629379,0.189142,0.014365,-9.555259,-0.015455,0.016787,-0.020518
1706615380,1629402,0.079009,-0.007183,-9.574412,-0.014389,0.017054,-0.019718
1706615380,1629424,0.167594,-0.062249,-9.531317,-0.013057,0.017054,-0.022649
1706615380,1629447,0.067038,-0.007183,-9.526528,-0.016254,0.017587,-0.023715
1706615380,1629470,0.086191,-0.088585,-9.519346,-0.013856,0.018919,-0.023715
1706615380,1629495,0.143652,-0.035913,-9.500193,-0.013856,0.019452,-0.022116
1706615380,1629518,0.126893,0.002394,-9.471462,-0.014123,0.018652,-0.020251
1706615380,1629541,0.105345,-0.009577,-9.488221,-0.011991,0.017320,-0.020784
1706615380,1629564,0.088585,-0.009577,-9.464279,-0.015455,0.014655,-0.015721
1706615380,1629587,0.114922,0.043096,-9.502586,-0.014655,0.020251,-0.022383
1706615380,1629610,0.114922,-0.009577,-9.495404,-0.013057,0.019185,-0.020784
1706615380,1629633,0.124498,-0.035913,-9.502586,-0.013856,0.018919,-0.019718
1706615380,1629658,0.076614,-0.007183,-9.473856,-0.012524,0.016254,-0.023182
1706615380,1629681,0.095768,0.023942,-9.485827,-0.018386,0.018652,-0.021317
1706615380,1629704,0.098162,-0.059855,-9.552865,-0.015188,0.013856,-0.019185
1706615380,1629727,0.081403,-0.086191,-9.411607,-0.012524,0.019452,-0.020251
1706615380,1629750,0.122104,-0.045490,-9.543288,-0.012524,0.016521,-0.021051
1706615380,1629773,0.079009,-0.062249,-9.483433,-0.014123,0.015721,-0.023182
1706615381,1629796,0.134075,0.028730,-9.569624,-0.015455,0.018119,-0.020784
1706615381,1629821,0.086191,-0.019154,-9.543288,-0.013323,0.016787,-0.022383
1706615381,1629844,0.114922,-0.028730,-9.471462,-0.013856,0.018919,-0.021583
1706615381,1629867,0.055067,-0.047884,-9.603143,-0.012257,0.018386,-0.020784
1706615381,1629890,0.095768,-0.004788,-9.488221,-0.013590,0.019718,-0.021850
1706615381,1629913,0.160412,0.007183,-9.598354,-0.013856,0.018652,-0.021051
1706615381,1629936,0.126893,-0.038307,-9.478644,-0.017054,0.022383,-0.020518
1706615381,1629962,0.088585,-0.026336,-9.521740,-0.013057,0.020784,-0.018119
1706615381,1629985,0.126893,-0.052672,-9.531317,-0.017587,0.014655,-0.020518
1706615381,1630008,0.112527,0.043096,-9.560047,-0.012790,0.017853,-0.020518
1706615381,1630031,0.119710,0.028730,-9.442732,-0.015988,0.015721,-0.021583
1706615381,1630054,0.090980,0.014365,-9.459491,-0.014389,0.018386,-0.022383
1706615381,1630077,0.095768,0.002394,-9.595961,-0.015721,0.018919,-0.019452
1706615381,1630100,0.045490,-0.002394,-9.560047,-0.015988,0.019452,-0.020784
1706615381,1630125,0.095768,-0.028730,-9.521740,-0.012524,0.015988,-0.019985
1706615381,1630148,0.055067,0.035913,-9.579201,-0.016521,0.014123,-0.018919
1706615381,1630171,0.143652,0.038307,-9.516952,-0.014922,0.018652,-0.018386
1706615381,1630194,0.083797,-0.043096,-9.512163,-0.011991,0.017054,-0.018652
1706615381,1630217,0.114922,0.023942,-9.533711,-0.014922,0.019185,-0.021317
1706615381,1630240,0.040701,0.031125,-9.437943,-0.016521,0.021317,-0.024248
1706615381,1630263,0.105345,-0.067038,-9.562442,-0.011991,0.018652,-0.019718
1706615381,1630289,0.114922,-0.011971,-9.555259,-0.016254,0.018119,-0.021051
1706615381,1630312,0.105345,-0.043096,-9.533711,-0.015988,0.022383,-0.020784
1706615381,1630335,0.076614,0.028730,-9.481039,-0.013856,0.017853,-0.020251
1706615381,1630358,0.100556,-0.035913,-9.526528,-0.013856,0.014123,-0.022116
1706615381,1630381,0.158017,-0.019154,-9.579201,-0.013323,0.018119,-0.021583
1706615381,1630404,0.107739,0.043096,-9.469068,-0.012257,0.016787,-0.019985
1706615381,1630429,0.112527,0.016759,-9.490616,-0.015188,0.018652,-0.019452
1706615381,1630452,0.112527,-0.057461,-9.461885,-0.014922,0.016787,-0.017853
1706615381,1630475,0.076614,-0.038307,-9.457097,-0.015455,0.018386,-0.021583
1706615381,1630498,0.160412,-0.009577,-9.490616,-0.012790,0.014389,-0.025047
1706615381,1630521,0.119710,-0.028730,-9.593566,-0.015188,0.014389,-0.021583
1706615381,1630544,0.067038,0.004788,-9.581595,-0.016787,0.019718,-0.022116
1706615381,1630567,0.088585,0.009577,-9.440337,-0.015188,0.015988,-0.021583
1706615381,1630593,0.035913,-0.014365,-9.516952,-0.012790,0.017320,-0.017853
1706615381,1630616,0.105345,0.000000,-9.555259,-0.010392,0.018119,-0.019985
1706615381,1630638,0.079009,-0.004788,-9.481039,-0.013590,0.017853,-0.018652
1706615381,1630661,0.098162,0.002394,-9.493010,-0.015721,0.015188,-0.020251
1706615381,1630684,0.126893,-0.016759,-9.526528,-0.014655,0.018386,-0.022116
1706615381,1630707,0.069432,0.000000,-9.643845,-0.016787,0.018386,-0.022383
1706615381,1630730,0.095768,0.009577,-9.560047,-0.014922,0.021850,-0.023449
1706615381,1630764,0.124498,-0.033519,-9.526528,-0.011724,0.018919,-0.021850
1706615382,1630788,0.114922,0.023942,-9.555259,-0.015188,0.018652,-0.020518
1706615382,1630811,0.165200,-0.023942,-9.574412,-0.014655,0.017587,-0.021850
1706615382,1630833,0.105345,-0.019154,-9.521740,-0.014922,0.018119,-0.022383
1706615382,1630856,0.102951,-0.057461,-9.531317,-0.012790,0.016254,-0.020518
1706615382,1630879,0.167594,0.014365,-9.493010,-0.013856,0.014922,-0.021583
1706615382,1630904,0.069432,-0.035913,-9.512163,-0.014922,0.013323,-0.022916
1706615382,1630926,0.160412,-0.007183,-9.519346,-0.015455,0.016787,-0.020784
1706615382,1630949,0.138864,-0.021548,-9.598354,-0.013323,0.015455,-0.025314
1706615382,1630972,0.102951,0.014365,-9.557653,-0.014389,0.018652,-0.019718
1706615382,1630995,0.102951,-0.057461,-9.507375,-0.012524,0.017054,-0.020251
1706615382,1631017,0.055067,0.023942,-9.459491,-0.012790,0.018919,-0.018652
1706615382,1631040,0.105345,-0.002394,-9.490616,-0.015188,0.016254,-0.020251
1706615382,1631065,0.146046,0.047884,-9.433155,-0.012790,0.020784,-0.019452
1706615382,1631088,0.150835,0.035913,-9.624691,-0.014922,0.018386,-0.019985
1706615382,1631111,0.100556,0.004788,-9.521740,-0.012524,0.014922,-0.021850
1706615382,1631133,0.074220,-0.023942,-9.564836,-0.016787,0.018119,-0.019985
1706615382,1631156,0.119710,-0.016759,-9.540894,-0.013057,0.020784,-0.023715
1706615382,1631179,0.086191,0.002394,-9.483433,-0.011191,0.020784,-0.022916
1706615382,1631202,0.095768,0.021548,-9.473856,-0.010658,0.015188,-0.018386
1706615382,1631227,0.122104,-0.026336,-9.607931,-0.014655,0.015455,-0.018119
1706615382,1631249,0.052672,0.023942,-9.493010,-0.012790,0.017320,-0.021850
1706615382,1631272,0.105345,-0.026336,-9.579201,-0.014123,0.017320,-0.018919
1706615382,1631295,0.093374,0.045490,-9.440337,-0.013856,0.015721,-0.021051
1706615382,1631318,0.165200,0.023942,-9.607931,-0.012790,0.017054,-0.021850
1706615382,1631340,0.083797,-0.059855,-9.576807,-0.015188,0.016787,-0.020518
1706615382,1631365,0.033519,-0.095768,-9.557653,-0.014655,0.018652,-0.023982
1706615382,1631388,0.079009,-0.002394,-9.516952,-0.017054,0.014123,-0.020784
1706615382,1631411,0.102951,-0.050278,-9.562442,-0.017320,0.020518,-0.018386
1706615382,1631434,0.150835,-0.040701,-9.562442,-0.014655,0.017320,-0.019985
1706615382,1631457,0.105345,-0.033519,-9.521740,-0.013590,0.022116,-0.021850
1706615382,1631479,0.136469,-0.007183,-9.490616,-0.013057,0.015455,-0.021317
1706615382,1631502,0.124498,-0.033519,-9.610326,-0.011724,0.016254,-0.020784
1706615382,1631527,0.105345,-0.081403,-9.567230,-0.011724,0.017587,-0.022116
1706615382,1631550,0.117316,0.043096,-9.478644,-0.013856,0.014389,-0.020251
1706615382,1631573,0.086191,-0.038307,-9.528923,-0.013323,0.016254,-0.021317
1706615382,1631595,0.138864,0.014365,-9.519346,-0.013856,0.017587,-0.020251
1706615382,1631618,0.119710,0.014365,-9.447520,-0.015455,0.015455,-0.021051
1706615382,1631641,0.095768,-0.076614,-9.488221,-0.014389,0.022116,-0.021051
1706615382,1631664,0.043096,0.033519,-9.533711,-0.013590,0.018386,-0.022916
1706615382,1631689,0.110133,-0.004788,-9.605537,-0.015455,0.018652,-0.023449
1706615382,1631711,0.105345,0.021548,-9.495404,-0.011724,0.015188,-0.017853
1706615382,1631734,0.107739,-0.014365,-9.624691,-0.015721,0.015988,-0.019452
1706615382,1631757,0.074220,-0.043096,-9.600749,-0.014389,0.016254,-0.018919
1706615383,1631780,0.122104,-0.021548,-9.490616,-0.012257,0.018652,-0.017054
1706615383,1631802,0.119710,0.007183,-9.488221,-0.015988,0.018119,-0.022649
1706615383,1631836,0.083797,0.009577,-9.536105,-0.013590,0.015988,-0.018119
1706615383,1631858,0.083797,0.000000,-9.473856,-0.015188,0.015988,-0.019985
1706615383,1631880,0.062249,0.016759,-9.461885,-0.014389,0.018652,-0.019452
1706615383,1631903,0.136469,0.023942,-9.600749,-0.012524,0.018119,-0.024248
1706615383,1631925,0.095768,0.009577,-9.610326,-0.010925,0.016521,-0.021051
1706615383,1631948,0.098162,-0.028730,-9.521740,-0.013590,0.021051,-0.019718
1706615383,1631971,0.090980,0.002394,-9.478644,-0.011191,0.018919,-0.022116
1706615383,1631996,0.086191,-0.026336,-9.512163,-0.013057,0.018919,-0.021583
1706615383,1632019,0.129287,-0.011971,-9.504981,-0.014655,0.021051,-0.017054
1706615383,1632041,0.102951,-0.079009,-9.540894,-0.013590,0.021583,-0.020251
1706615383,1632064,0.134075,0.038307,-9.593566,-0.010126,0.016521,-0.019452
1706615383,1632087,0.117316,-0.016759,-9.500193,-0.015988,0.017320,-0.021051
1706615383,1632110,0.136469,-0.045490,-9.516952,-0.014123,0.018119,-0.018386
1706615383,1632133,0.083797,-0.035913,-9.514558,-0.015188,0.017054,-0.020518
1706615383,1632159,0.117316,-0.014365,-9.495404,-0.014655,0.014922,-0.020518
1706615383,1632182,0.112527,-0.028730,-9.526528,-0.015988,0.016521,-0.021051
1706615383,1632205,0.107739,0.016759,-9.545682,-0.014922,0.013856,-0.020251
1706615383,1632228,0.112527,-0.079009,-9.459491,-0.013323,0.019718,-0.021850
1706615383,1632251,0.093374,0.031125,-9.557653,-0.012257,0.017320,-0.022116
1706615383,1632274,0.126893,-0.016759,-9.466674,-0.013856,0.016521,-0.019985
1706615383,1632297,0.110133,0.045490,-9.512163,-0.016254,0.013323,-0.022116
1706615383,1632322,0.095768,-0.031125,-9.500193,-0.013856,0.015188,-0.018652
1706615383,1632345,0.122104,-0.043096,-9.502586,-0.015455,0.015455,-0.022383
1706615383,1632368,0.102951,-0.023942,-9.528923,-0.014123,0.015721,-0.021051
1706615383,1632391,0.110133,0.026336,-9.574412,-0.010925,0.016787,-0.021317
1706615383,1632414,0.105345,0.014365,-9.502586,-0.013323,0.017320,-0.019718
1706615383,1632437,0.107739,-0.019154,-9.572019,-0.013057,0.017853,-0.022383
1706615383,1632463,0.114922,-0.047884,-9.653421,-0.015721,0.019452,-0.021850
1706615383,1632486,0.100556,-0.033519,-9.552865,-0.013323,0.014922,-0.021583
1706615383,1632509,0.095768,0.009577,-9.524135,-0.012524,0.017587,-0.018119
1706615383,1632532,0.100556,-0.004788,-9.524135,-0.015188,0.017054,-0.023182
1706615383,1632555,0.107739,-0.067038,-9.524135,-0.011991,0.018386,-0.019718
1706615383,1632578,0.076614,-0.014365,-9.543288,-0.014389,0.017853,-0.022916
1706615383,1632601,0.112527,-0.026336,-9.562442,-0.013856,0.018386,-0.022116
1706615383,1632626,0.114922,-0.045490,-9.536105,-0.013856,0.018386,-0.019185
1706615383,1632649,0.105345,-0.004788,-9.557653,-0.012257,0.019185,-0.020518
1706615383,1632672,0.090980,-0.038307,-9.574412,-0.014655,0.018119,-0.019985
1706615383,1632695,0.110133,0.035913,-9.483433,-0.014123,0.021051,-0.022916
1706615383,1632718,0.102951,-0.004788,-9.469068,-0.014922,0.020518,-0.024248
1706615383,1632741,0.081403,-0.047884,-9.452309,-0.013590,0.018119,-0.021317
1706615383,1632764,0.129287,-0.011971,-9.437943,-0.013856,0.016254,-0.020518
1706615384,1632790,0.189142,-0.074220,-9.500193,-0.016787,0.017853,-0.022383
1706615384,1632813,0.119710,-0.026336,-9.481039,-0.015188,0.016787,-0.022383
1706615384,1632836,0.059855,-0.026336,-9.516952,-0.012790,0.018652,-0.021583
1706615384,1632859,0.124498,-0.016759,-9.521740,-0.013323,0.015721,-0.025047
1706615384,1632882,0.136469,0.045490,-9.536105,-0.011991,0.018119,-0.020251
1706615384,1632905,0.119710,0.035913,-9.447520,-0.014922,0.017320,-0.019718
1706615384,1632930,0.102951,-0.045490,-9.555259,-0.012790,0.021583,-0.021850
1706615384,1632953,0.090980,-0.033519,-9.488221,-0.012790,0.021850,-0.019985
1706615384,1632976,0.167594,0.002394,-9.445126,-0.015721,0.015455,-0.020518
1706615384,1632999,0.146046,0.002394,-9.586384,-0.012524,0.015988,-0.021583
1706615384,1633022,0.107739,-0.083797,-9.562442,-0.012524,0.017054,-0.021317
1706615384,1633045,0.102951,-0.033519,-9.526528,-0.014922,0.019452,-0.021850
1706615384,1633068,0.069432,-0.059855,-9.461885,-0.015721,0.018386,-0.019185
1706615384,1633093,0.093374,0.045490,-9.564836,-0.012257,0.015988,-0.022116
1706615384,1633116,0.110133,-0.023942,-9.607931,-0.016521,0.015988,-0.020784
1706615384,1633139,0.095768,-0.057461,-9.490616,-0.011991,0.017587,-0.022916
1706615384,1633162,0.050278,-0.076614,-9.478644,-0.016521,0.021317,-0.022916
1706615384,1633185,0.093374,-0.040701,-9.521740,-0.016254,0.014389,-0.021850
1706615384,1633208,0.055067,0.035913,-9.464279,-0.012790,0.015988,-0.018386
1706615384,1633231,0.098162,0.002394,-9.526528,-0.014389,0.016521,-0.019452
1706615384,1633265,0.126893,-0.052672,-9.581595,-0.012790,0.020251,-0.021051
1706615384,1633289,0.181959,0.000000,-9.514558,-0.016254,0.016787,-0.018386
1706615384,1633312,0.114922,0.057461,-9.560047,-0.017320,0.021583,-0.022383
1706615384,1633334,0.081403,0.004788,-9.531317,-0.016787,0.016521,-0.022116
1706615384,1633357,0.114922,0.026336,-9.464279,-0.014655,0.016787,-0.021317
1706615384,1633380,0.119710,-0.045490,-9.504981,-0.014922,0.014922,-0.021317
1706615384,1633405,0.110133,-0.007183,-9.512163,-0.014389,0.017853,-0.020251
1706615384,1633427,0.158017,-0.038307,-9.514558,-0.014922,0.017320,-0.019985
1706615384,1633450,0.059855,0.019154,-9.512163,-0.013323,0.017587,-0.022116
1706615384,1633473,0.119710,0.028730,-9.538500,-0.012524,0.019718,-0.022649
1706615384,1633496,0.064643,-0.043096,-9.593566,-0.014655,0.014922,-0.019185
1706615384,1633518,0.114922,-0.019154,-9.497798,-0.011991,0.014922,-0.023449
1706615384,1633541,0.088585,-0.023942,-9.454702,-0.016787,0.017054,-0.020518
1706615384,1633566,0.167594,-0.007183,-9.469068,-0.017320,0.017320,-0.021583
1706615384,1633589,0.129287,-0.069432,-9.502586,-0.014389,0.017054,-0.021583
1706615384,1633612,0.064643,0.016759,-9.454702,-0.013323,0.022649,-0.023449
1706615384,1633634,0.155623,-0.028730,-9.507375,-0.014922,0.019185,-0.023982
1706615384,1633657,0.119710,-0.011971,-9.612720,-0.013590,0.020251,-0.021317
1706615384,1633680,0.110133,-0.023942,-9.552865,-0.016254,0.015721,-0.023715
1706615384,1633703,0.086191,0.011971,-9.598354,-0.013856,0.015188,-0.021583
1706615384,1633728,0.126893,-0.009577,-9.478644,-0.011191,0.019185,-0.021051
1706615384,1633750,0.119710,0.011971,-9.469068,-0.013590,0.017587,-0.024781
1706615384,1633773,0.062249,-0.007183,-9.540894,-0.013057,0.018119,-0.018386
1706615385,1633796,0.093374,0.043096,-9.564836,-0.012524,0.018919,-0.021850
1706615385,1633818,0.095768,0.004788,-9.428367,-0.013057,0.018119,-0.022649
1706615385,1633841,0.112527,0.035913,-9.569624,-0.013590,0.018919,-0.023982
1706615385,1633866,0.126893,-0.021548,-9.567230,-0.013323,0.015188,-0.022916
1706615385,1633889,0.083797,-0.009577,-9.528923,-0.016254,0.016787,-0.017853
1706615385,1633912,0.134075,-0.011971,-9.430760,-0.013590,0.019718,-0.020251
1706615385,1633934,0.100556,-0.011971,-9.512163,-0.014655,0.013856,-0.022383
1706615385,1633957,0.119710,-0.002394,-9.588778,-0.015455,0.019718,-0.017853
1706615385,1633980,0.069432,-0.014365,-9.600749,-0.014655,0.014922,-0.022116
1706615385,1634003,0.098162,-0.002394,-9.651027,-0.013590,0.016787,-0.021850
1706615385,1634028,0.045490,-0.069432,-9.504981,-0.014389,0.019185,-0.022649
1706615385,1634050,0.074220,0.023942,-9.481039,-0.013856,0.014655,-0.021317
1706615385,1634073,0.153229,-0.040701,-9.512163,-0.011724,0.017054,-0.023449
1706615385,1634096,0.124498,0.004788,-9.509769,-0.013856,0.016254,-0.019985
1706615385,1634119,0.095768,-0.045490,-9.579201,-0.010925,0.016787,-0.017320
1706615385,1634141,0.158017,-0.011971,-9.473856,-0.013057,0.016787,-0.020251
1706615385,1634164,0.028730,-0.007183,-9.493010,-0.012790,0.016787,-0.020518
1706615385,1634189,0.069432,-0.021548,-9.579201,-0.011191,0.017054,-0.019985
1706615385,1634212,0.129287,-0.004788,-9.481039,-0.015721,0.018386,-0.021317
1706615385,1634235,0.081403,-0.004788,-9.519346,-0.013590,0.018386,-0.021317
1706615385,1634257,0.050278,-0.045490,-9.583989,-0.011724,0.017587,-0.019985
1706615385,1634280,0.043096,-0.026336,-9.540894,-0.011724,0.018919,-0.020518
1706615385,1634303,0.117316,0.000000,-9.514558,-0.013057,0.019452,-0.019985
1706615385,1634328,0.074220,-0.004788,-9.560047,-0.012257,0.021051,-0.021051
1706615385,1634350,0.093374,-0.016759,-9.516952,-0.012257,0.019185,-0.020784
1706615385,1634373,0.119710,-0.045490,-9.521740,-0.015988,0.017320,-0.020518
1706615385,1634396,0.110133,-0.023942,-9.495404,-0.009593,0.016787,-0.020251
1706615385,1634419,0.052672,-0.007183,-9.447520,-0.014922,0.017054,-0.022116
1706615385,1634441,0.076614,-0.009577,-9.524135,-0.011991,0.018652,-0.019985
1706615385,1634464,0.169988,0.004788,-9.437943,-0.015188,0.020784,-0.019452
1706615385,1634489,0.141258,-0.033519,-9.555259,-0.012790,0.015988,-0.023715
1706615385,1634512,0.119710,-0.002394,-9.548077,-0.014655,0.017853,-0.022116
1706615385,1634535,0.088585,-0.026336,-9.430760,-0.015721,0.015988,-0.020784
1706615385,1634558,0.131681,0.014365,-9.600749,-0.014123,0.019452,-0.023182
1706615385,1634581,0.131681,-0.007183,-9.483433,-0.017054,0.020251,-0.022916
1706615385,1634604,0.102951,-0.045490,-9.581595,-0.015455,0.015455,-0.021317
1706615385,1634627,0.079009,-0.059855,-9.536105,-0.015455,0.019452,-0.021051
1706615385,1634652,0.076614,-0.014365,-9.469068,-0.013323,0.018119,-0.022116
1706615385,1634675,0.122104,-0.009577,-9.507375,-0.014922,0.016787,-0.022383
1706615385,1634698,0.122104,-0.071826,-9.445126,-0.015721,0.015988,-0.021317
1706615385,1634721,0.102951,0.007183,-9.459491,-0.014922,0.017054,-0.018919
1706615385,1634744,0.138864,-0.002394,-9.473856,-0.014655,0.015188,-0.021850
1706615385,1634767,0.112527,0.040701,-9.548077,-0.014922,0.018652,-0.022116
1706615386,1634792,0.090980,-0.047884,-9.442732,-0.011724,0.016521,-0.021051
1706615386,1634816,0.126893,-0.011971,-9.442732,-0.013590,0.018652,-0.021850
1706615386,1634839,0.136469,-0.040701,-9.521740,-0.010126,0.016521,-0.020518
1706615386,1634862,0.074220,-0.019154,-9.564836,-0.013057,0.014389,-0.020784
1706615386,1634885,0.112527,0.011971,-9.495404,-0.013057,0.015188,-0.019452
1706615386,1634908,0.107739,-0.023942,-9.430760,-0.015455,0.019985,-0.019718
1706615386,1634931,0.112527,0.014365,-9.682152,-0.016787,0.018119,-0.019185
1706615386,1634956,0.110133,-0.009577,-9.533711,-0.017320,0.017587,-0.021317
1706615386,1634979,0.095768,0.040701,-9.414001,-0.012524,0.019185,-0.021850
1706615386,1635002,0.069432,0.028730,-9.502586,-0.011458,0.014123,-0.022116
1706615386,1635025,0.114922,0.023942,-9.358934,-0.011191,0.020784,-0.021051
1706615386,1635048,0.095768,-0.011971,-9.615114,-0.015455,0.017587,-0.019718
1706615386,1635071,0.136469,-0.021548,-9.478644,-0.013057,0.017320,-0.021850
1706615386,1635094,0.052672,-0.033519,-9.574412,-0.015988,0.018119,-0.024781
1706615386,1635119,0.107739,0.062249,-9.581595,-0.012790,0.021850,-0.019452
1706615386,1635142,0.141258,0.033519,-9.516952,-0.013057,0.011724,-0.019718
1706615386,1635165,0.155623,-0.002394,-9.485827,-0.017054,0.016521,-0.018652
1706615386,1635189,0.107739,-0.007183,-9.500193,-0.011724,0.015188,-0.022916
1706615386,1635212,0.093374,-0.019154,-9.521740,-0.013323,0.019718,-0.019452
1706615386,1635235,0.086191,-0.011971,-9.488221,-0.013323,0.016254,-0.022916
1706615386,1635260,0.069432,-0.062249,-9.528923,-0.013590,0.017320,-0.018919
1706615386,1635283,0.146046,-0.059855,-9.593566,-0.013856,0.014655,-0.019985
1706615386,1635306,0.079009,-0.011971,-9.452309,-0.010925,0.018652,-0.022383
1706615386,1635329,0.134075,-0.016759,-9.504981,-0.013590,0.015455,-0.020251
1706615386,1635352,0.021548,-0.045490,-9.488221,-0.012524,0.014389,-0.019985
1706615386,1635375,0.158017,-0.011971,-9.552865,-0.016254,0.015721,-0.020784
1706615386,1635398,0.098162,0.028730,-9.533711,-0.013590,0.015988,-0.019985
1706615386,1635424,0.126893,-0.031125,-9.442732,-0.014655,0.017054,-0.021051
1706615386,1635447,0.102951,0.033519,-9.497798,-0.014922,0.016787,-0.019452
1706615386,1635470,0.016759,0.031125,-9.490616,-0.016787,0.019452,-0.019985
1706615386,1635493,0.090980,0.002394,-9.502586,-0.014123,0.015455,-0.018919
1706615386,1635516,0.107739,-0.031125,-9.548077,-0.014655,0.019452,-0.023715
1706615386,1635539,0.083797,0.038307,-9.572019,-0.013323,0.017320,-0.022649
1706615386,1635562,0.076614,-0.043096,-9.545682,-0.013323,0.018119,-0.022916
1706615386,1635587,0.074220,-0.055067,-9.567230,-0.014655,0.015721,-0.022116
1706615386,1635610,0.117316,0.000000,-9.488221,-0.012790,0.016254,-0.021317
1706615386,1635633,0.136469,-0.050278,-9.514558,-0.014655,0.018652,-0.019718
1706615386,1635656,0.079009,-0.033519,-9.581595,-0.012257,0.016254,-0.021051
1706615386,1635679,0.076614,-0.028730,-9.521740,-0.013856,0.017054,-0.022649
1706615386,1635702,0.107739,0.002394,-9.591172,-0.014389,0.019185,-0.017587
1706615386,1635736,0.074220,0.047884,-9.588778,-0.014922,0.016521,-0.023449
1706615386,1635760,0.105345,-0.023942,-9.490616,-0.016254,0.021317,-0.022116
1706615387,1635783,0.148441,0.007183,-9.483433,-0.011458,0.018652,-0.021583
1706615387,1635806,0.143652,-0.023942,-9.569624,-0.012790,0.016521,-0.022116
1706615387,1635829,0.079009,-0.055067,-9.586384,-0.013057,0.018119,-0.019985
1706615387,1635851,0.102951,0.014365,-9.490616,-0.014655,0.017853,-0.020518
1706615387,1635874,0.076614,0.026336,-9.588778,-0.011724,0.015455,-0.019452
1706615387,1635899,0.074220,-0.074220,-9.476251,-0.014389,0.015988,-0.022649
1706615387,1635921,0.047884,-0.009577,-9.595961,-0.015455,0.015455,-0.016787
1706615387,1635944,0.069432,-0.050278,-9.569624,-0.016521,0.017587,-0.021850
1706615387,1635967,0.112527,-0.009577,-9.514558,-0.013057,0.018919,-0.022916
1706615387,1635990,0.119710,0.026336,-9.586384,-0.014655,0.016787,-0.021583
1706615387,1636012,0.076614,0.031125,-9.509769,-0.013057,0.016254,-0.020251
1706615387,1636035,0.122104,-0.045490,-9.562442,-0.012790,0.013323,-0.019452
1706615387,1636060,0.220267,-0.047884,-9.521740,-0.017054,0.018386,-0.020251
1706615387,1636083,0.040701,0.014365,-9.579201,-0.014655,0.017587,-0.024248
1706615387,1636106,0.102951,0.004788,-9.488221,-0.014655,0.017587,-0.022649
1706615387,1636128,0.093374,-0.023942,-9.509769,-0.014655,0.019985,-0.022116
1706615387,1636151,0.079009,0.023942,-9.531317,-0.015721,0.016787,-0.021317
1706615387,1636174,0.117316,-0.023942,-9.545682,-0.011724,0.015988,-0.021850
1706615387,1636197,0.055067,0.038307,-9.509769,-0.012790,0.016787,-0.020518
1706615387,1636218,0.079009,-0.002394,-9.466674,-0.014123,0.018919,-0.021583
1706615387,1636241,0.086191,-0.002394,-9.615114,-0.015188,0.017853,-0.021583
1706615387,1636264,0.050278,0.002394,-9.507375,-0.014389,0.015721,-0.022383
1706615387,1636287,0.129287,0.033519,-9.449914,-0.014655,0.017054,-0.021583
1706615387,1636309,0.083797,0.045490,-9.514558,-0.009859,0.019985,-0.016787
1706615387,1636332,0.131681,-0.002394,-9.595961,-0.012790,0.020518,-0.023715
1706615387,1636357,0.119710,-0.014365,-9.485827,-0.013856,0.016521,-0.022916
1706615387,1636380,0.148441,0.000000,-9.500193,-0.015455,0.015188,-0.020518
1706615387,1636403,0.117316,0.000000,-9.567230,-0.016521,0.015721,-0.020518
1706615387,1636425,0.069432,0.038307,-9.533711,-0.015988,0.019185,-0.021051
1706615387,1636448,0.076614,0.016759,-9.531317,-0.012790,0.015988,-0.016254
1706615387,1636471,0.141258,-0.009577,-9.562442,-0.013323,0.017853,-0.021850
1706615387,1636494,0.071826,0.076614,-9.552865,-0.013590,0.019185,-0.021850
1706615387,1636519,0.081403,0.000000,-9.552865,-0.013856,0.015455,-0.026913
1706615387,1636541,0.158017,-0.047884,-9.514558,-0.014922,0.018919,-0.019718
1706615387,1636564,0.138864,-0.023942,-9.471462,-0.013856,0.014389,-0.023182
1706615387,1636587,0.131681,-0.047884,-9.624691,-0.014123,0.014655,-0.018919
1706615387,1636610,0.057461,-0.038307,-9.576807,-0.012257,0.019985,-0.018386
1706615387,1636632,0.095768,-0.052672,-9.579201,-0.013856,0.015988,-0.019185
1706615387,1636655,0.198719,-0.062249,-9.526528,-0.012524,0.017587,-0.021583
1706615387,1636680,0.090980,0.016759,-9.500193,-0.016254,0.014655,-0.022116
1706615387,1636703,0.076614,-0.050278,-9.531317,-0.012524,0.018386,-0.018919
1706615387,1636726,0.129287,-0.033519,-9.574412,-0.015721,0.017853,-0.019718
1706615387,1636748,0.131681,-0.038307,-9.512163,-0.014922,0.011991,-0.024248
1706615387,1636771,0.031125,0.019154,-9.569624,-0.015455,0.018386,-0.017054
1706615388,1636794,0.141258,-0.038307,-9.478644,-0.013323,0.017054,-0.023182
1706615388,1636819,0.069432,0.038307,-9.497798,-0.014123,0.020251,-0.019185
1706615388,1636841,0.095768,-0.019154,-9.502586,-0.014922,0.019985,-0.018119
1706615388,1636864,0.150835,-0.045490,-9.488221,-0.011458,0.019718,-0.021051
1706615388,1636887,0.107739,-0.050278,-9.471462,-0.014655,0.017054,-0.018919
1706615388,1636909,0.110133,-0.009577,-9.500193,-0.013856,0.016254,-0.022383
1706615388,1636932,0.047884,0.002394,-9.516952,-0.013057,0.016521,-0.018386
1706615388,1636955,0.076614,0.009577,-9.485827,-0.013057,0.017320,-0.017054
1706615388,1636980,0.074220,-0.035913,-9.454702,-0.013856,0.016521,-0.018652
1706615388,1637003,0.086191,-0.011971,-9.500193,-0.014123,0.018919,-0.020784
1706615388,1637026,0.179565,0.016759,-9.524135,-0.012257,0.015188,-0.020518
1706615388,1637049,0.110133,0.035913,-9.440337,-0.015988,0.019718,-0.022383
1706615388,1637072,0.158017,0.023942,-9.447520,-0.014922,0.014655,-0.018652
1706615388,1637095,0.069432,-0.014365,-9.552865,-0.012524,0.015188,-0.020784
1706615388,1637117,0.114922,-0.028730,-9.543288,-0.014922,0.016787,-0.021583
1706615388,1637143,0.143652,-0.004788,-9.497798,-0.011991,0.017054,-0.022116
1706615388,1637166,0.086191,-0.074220,-9.500193,-0.011991,0.018652,-0.019185
1706615388,1637189,0.124498,-0.035913,-9.433155,-0.014922,0.016787,-0.022383
1706615388,1637212,0.026336,0.004788,-9.502586,-0.012790,0.017587,-0.020251
1706615388,1637235,0.102951,0.007183,-9.428367,-0.011458,0.020251,-0.019452
1706615388,1637258,0.134075,-0.038307,-9.588778,-0.011191,0.018919,-0.018119
1706615388,1637283,0.079009,-0.009577,-9.528923,-0.012790,0.017320,-0.019985
1706615388,1637306,0.117316,0.009577,-9.445126,-0.014389,0.020784,-0.018386
1706615388,1637329,0.136469,-0.009577,-9.586384,-0.015188,0.018919,-0.023715
1706615388,1637352,0.067038,0.035913,-9.452309,-0.015188,0.018119,-0.022916
1706615388,1637375,0.110133,0.014365,-9.466674,-0.015721,0.017853,-0.015988
1706615388,1637398,0.050278,0.031125,-9.449914,-0.012790,0.019718,-0.020518
1706615388,1637421,0.064643,0.007183,-9.488221,-0.010126,0.016254,-0.021317
1706615388,1637447,0.114922,-0.059855,-9.485827,-0.011991,0.018919,-0.019718
1706615388,1637470,0.043096,-0.062249,-9.512163,-0.015188,0.019985,-0.020784
1706615388,1637493,0.031125,0.011971,-9.495404,-0.011991,0.017320,-0.019985
1706615388,1637516,0.088585,-0.014365,-9.521740,-0.012524,0.019985,-0.023982
1706615388,1637539,0.138864,0.028730,-9.586384,-0.013057,0.013856,-0.023449
1706615388,1637562,0.110133,-0.004788,-9.557653,-0.014389,0.017853,-0.023715
1706615388,1637585,0.107739,-0.002394,-9.548077,-0.014922,0.015188,-0.023982
1706615388,1637610,0.117316,0.050278,-9.476251,-0.014389,0.015721,-0.020251
1706615388,1637633,0.102951,-0.057461,-9.533711,-0.013590,0.018386,-0.019452
1706615388,1637656,0.045490,-0.031125,-9.514558,-0.015988,0.017587,-0.017320
1706615388,1637679,0.102951,-0.026336,-9.437943,-0.010925,0.017853,-0.022116
1706615388,1637702,0.107739,-0.045490,-9.619903,-0.013057,0.016521,-0.021850
1706615388,1637725,0.059855,-0.062249,-9.572019,-0.014123,0.019718,-0.025047
1706615388,1637751,0.088585,-0.019154,-9.452309,-0.013856,0.017320,-0.022649
1706615388,1637774,0.083797,-0.014365,-9.428367,-0.012524,0.013856,-0.022383
1706615389,1637797,0.098162,-0.021548,-9.536105,-0.015988,0.015721,-0.022116
1706615389,1637820,0.064643,-0.002394,-9.624691,-0.012257,0.017320,-0.019718
1706615389,1637843,0.141258,0.033519,-9.560047,-0.011991,0.017054,-0.019985
1706615389,1637866,0.110133,-0.004788,-9.509769,-0.013856,0.020518,-0.023182
1706615389,1637889,0.126893,-0.016759,-9.550470,-0.012524,0.017320,-0.022383
1706615389,1637914,0.114922,-0.002394,-9.545682,-0.013323,0.019185,-0.019185
1706615389,1637937,0.083797,-0.040701,-9.488221,-0.014655,0.017054,-0.020518
1706615389,1637960,0.076614,0.023942,-9.507375,-0.015188,0.015188,-0.019452
1706615389,1637983,0.050278,-0.004788,-9.504981,-0.010658,0.016787,-0.022116
1706615389,1638006,0.088585,-0.050278,-9.507375,-0.013057,0.020784,-0.023715
1706615389,1638029,0.122104,-0.014365,-9.538500,-0.014123,0.017320,-0.020784
1706615389,1638052,0.138864,0.011971,-9.603143,-0.015988,0.018119,-0.021051
1706615389,1638078,0.059855,-0.052672,-9.483433,-0.013856,0.015721,-0.020784
1706615389,1638101,0.122104,-0.050278,-9.478644,-0.013323,0.016787,-0.019452
1706615389,1638123,0.110133,-0.002394,-9.471462,-0.014389,0.019718,-0.019718
1706615389,1638146,0.102951,-0.023942,-9.521740,-0.013323,0.017587,-0.021051
1706615389,1638169,0.110133,0.021548,-9.473856,-0.014389,0.016787,-0.020784
1706615389,1638192,0.186748,0.057461,-9.449914,-0.014123,0.017320,-0.021051
1706615389,1638226,0.090980,-0.045490,-9.459491,-0.015455,0.018119,-0.019985
1706615389,1638250,0.129287,-0.021548,-9.531317,-0.011191,0.020518,-0.018652
1706615389,1638273,0.098162,-0.011971,-9.504981,-0.014389,0.018386,-0.020784
1706615389,1638296,0.098162,0.007183,-9.418790,-0.015455,0.020251,-0.021051
1706615389,1638318,0.100556,-0.059855,-9.497798,-0.015988,0.019185,-0.018119
1706615389,1638341,0.074220,-0.055067,-9.502586,-0.014655,0.016254,-0.022383
1706615389,1638364,0.102951,0.009577,-9.471462,-0.012790,0.013590,-0.020251
1706615389,1638389,0.150835,-0.016759,-9.423578,-0.014123,0.019452,-0.023715
1706615389,1638411,0.090980,-0.004788,-9.466674,-0.012524,0.018652,-0.023982
1706615389,1638434,0.057461,0.014365,-9.512163,-0.014922,0.018652,-0.021051
1706615389,1638457,0.110133,-0.009577,-9.540894,-0.012524,0.019718,-0.021583
1706615389,1638480,0.076614,-0.043096,-9.406818,-0.010126,0.018386,-0.021051
1706615389,1638502,0.095768,-0.055067,-9.461885,-0.014655,0.020251,-0.022916
1706615389,1638525,0.088585,-0.035913,-9.497798,-0.014389,0.018119,-0.022649
1706615389,1638550,0.122104,0.007183,-9.567230,-0.015988,0.018652,-0.020784
1706615389,1638573,0.090980,-0.028730,-9.423578,-0.011991,0.015988,-0.019718
1706615389,1638596,0.136469,-0.023942,-9.500193,-0.012257,0.018919,-0.021850
1706615389,1638618,0.100556,0.035913,-9.442732,-0.014123,0.019985,-0.020251
1706615389,1638641,0.112527,-0.038307,-9.624691,-0.015721,0.016787,-0.021850
1706615389,1638664,0.067038,0.019154,-9.459491,-0.013856,0.019718,-0.018919
1706615389,1638689,0.100556,0.011971,-9.478644,-0.012524,0.016254,-0.019718
1706615389,1638711,0.141258,-0.038307,-9.481039,-0.014123,0.018652,-0.022116
1706615389,1638734,0.117316,-0.031125,-9.516952,-0.012790,0.016521,-0.021051
1706615389,1638757,0.076614,-0.019154,-9.581595,-0.013590,0.017320,-0.021850
1706615390,1638780,0.086191,-0.026336,-9.555259,-0.014123,0.017587,-0.023182
1706615390,1638802,0.129287,-0.002394,-9.514558,-0.010658,0.015988,-0.022383
1706615390,1638825,0.055067,-0.031125,-9.488221,-0.013323,0.018386,-0.019185
1706615390,1638850,0.086191,0.021548,-9.555259,-0.011458,0.018652,-0.021051
1706615390,1638873,0.071826,-0.026336,-9.476251,-0.015988,0.016787,-0.020518
1706615390,1638896,0.134075,0.002394,-9.569624,-0.011458,0.019185,-0.021317
1706615390,1638918,0.095768,-0.026336,-9.476251,-0.017587,0.017320,-0.019185
1706615390,1638941,0.090980,0.016759,-9.555259,-0.012257,0.016521,-0.020784
1706615390,1638964,0.086191,0.002394,-9.423578,-0.016521,0.016787,-0.022116
1706615390,1638987,0.074220,0.019154,-9.433155,-0.011191,0.015988,-0.019718
1706615390,1639012,0.138864,-0.050278,-9.414001,-0.013057,0.016254,-0.019718
1706615390,1639034,0.117316,-0.043096,-9.488221,-0.015188,0.017054,-0.023182
1706615390,1639057,0.122104,-0.011971,-9.576807,-0.015188,0.015721,-0.021850
1706615390,1639080,0.064643,0.007183,-9.583989,-0.013323,0.020518,-0.020518
1706615390,1639103,0.093374,-0.033519,-9.598354,-0.013323,0.017853,-0.022383
1706615390,1639125,0.079009,-0.011971,-9.526528,-0.010925,0.017054,-0.022116
1706615390,1639150,0.083797,-0.040701,-9.481039,-0.012257,0.016787,-0.020784
1706615390,1639173,0.155623,-0.031125,-9.452309,-0.014389,0.013323,-0.021850
1706615390,1639196,0.090980,-0.026336,-9.464279,-0.013856,0.017587,-0.020784
1706615390,1639219,0.100556,-0.009577,-9.531317,-0.011991,0.017320,-0.019185
1706615390,1639241,0.143652,-0.057461,-9.555259,-0.012257,0.020784,-0.019985
1706615390,1639264,0.143652,0.011971,-9.509769,-0.011991,0.018919,-0.021583
1706615390,1639287,0.165200,0.007183,-9.447520,-0.014389,0.017587,-0.022116
1706615390,1639312,0.043096,0.009577,-9.567230,-0.015721,0.017587,-0.019718
1706615390,1639335,0.093374,-0.055067,-9.490616,-0.017054,0.014922,-0.023982
1706615390,1639357,0.064643,-0.002394,-9.469068,-0.013856,0.017587,-0.022916
1706615390,1639380,0.124498,0.014365,-9.471462,-0.012524,0.018919,-0.021051
1706615390,1639403,0.124498,-0.045490,-9.557653,-0.012257,0.019185,-0.022383
1706615390,1639426,0.098162,-0.021548,-9.449914,-0.012257,0.016787,-0.025047
1706615390,1639448,0.119710,-0.035913,-9.516952,-0.011724,0.018386,-0.020251
1706615390,1639473,0.131681,-0.019154,-9.476251,-0.013590,0.018652,-0.021317
1706615390,1639496,0.064643,-0.004788,-9.473856,-0.012790,0.016521,-0.026646
1706615390,1639519,0.076614,-0.052672,-9.531317,-0.010126,0.022116,-0.019185
1706615390,1639542,0.107739,-0.033519,-9.545682,-0.010392,0.018386,-0.021850
1706615390,1639565,0.177171,-0.038307,-9.526528,-0.015188,0.019718,-0.021850
1706615390,1639588,0.090980,0.007183,-9.550470,-0.010658,0.015455,-0.022116
1706615390,1639613,0.117316,-0.038307,-9.564836,-0.013856,0.017054,-0.022916
1706615390,1639636,0.165200,-0.011971,-9.500193,-0.013057,0.017587,-0.022916
1706615390,1639660,0.136469,-0.040701,-9.588778,-0.012257,0.017587,-0.019985
1706615390,1639683,0.093374,-0.033519,-9.548077,-0.013590,0.016521,-0.022649
1706615390,1639706,0.155623,0.009577,-9.567230,-0.011991,0.015188,-0.022383
1706615390,1639729,0.059855,-0.011971,-9.495404,-0.014922,0.019985,-0.021583
1706615390,1639752,0.095768,-0.043096,-9.497798,-0.011724,0.019985,-0.019985
1706615391,1639777,0.028730,-0.040701,-9.500193,-0.014922,0.019718,-0.020784
1706615391,1639800,0.086191,-0.047884,-9.481039,-0.011991,0.017320,-0.020251
1706615391,1639823,0.102951,-0.031125,-9.524135,-0.013590,0.014655,-0.019718
1706615391,1639846,0.119710,0.000000,-9.526528,-0.014922,0.019452,-0.021850
1706615391,1639869,0.074220,-0.007183,-9.543288,-0.014389,0.017853,-0.022649
1706615391,1639892,0.129287,0.031125,-9.483433,-0.013057,0.018119,-0.022916
1706615391,1639915,0.081403,-0.026336,-9.605537,-0.012524,0.017853,-0.022916
1706615391,1639941,0.105345,0.031125,-9.533711,-0.013323,0.016787,-0.023715
1706615391,1639964,0.067038,-0.016759,-9.548077,-0.011991,0.019185,-0.018652
1706615391,1639987,0.148441,-0.047884,-9.485827,-0.012257,0.018919,-0.021051
1706615391,1640010,0.129287,0.004788,-9.567230,-0.014655,0.018119,-0.018919
1706615391,1640033,0.138864,-0.028730,-9.579201,-0.009060,0.018119,-0.019718
1706615391,1640056,0.112527,0.004788,-9.521740,-0.012257,0.017853,-0.021051
1706615391,1640081,0.059855,0.016759,-9.495404,-0.013323,0.014655,-0.017853
1706615391,1640104,0.069432,-0.047884,-9.507375,-0.015988,0.019718,-0.021051
1706615391,1640127,0.081403,0.028730,-9.449914,-0.013323,0.017054,-0.020784
1706615391,1640150,0.095768,0.023942,-9.536105,-0.016254,0.017054,-0.019985
1706615391,1640173,0.155623,-0.050278,-9.524135,-0.015455,0.019185,-0.020518
1706615391,1640196,0.016759,0.026336,-9.564836,-0.014123,0.019985,-0.021850
1706615391,1640219,0.114922,-0.038307,-9.579201,-0.012790,0.019452,-0.022116
1706615391,1640245,0.079009,-0.023942,-9.481039,-0.011458,0.015721,-0.020518
1706615391,1640268,0.112527,-0.014365,-9.600749,-0.013323,0.017054,-0.020251
1706615391,1640291,0.105345,0.019154,-9.471462,-0.013856,0.016787,-0.019185
1706615391,1640314,0.112527,-0.031125,-9.550470,-0.013590,0.016254,-0.020784
1706615391,1640337,0.146046,0.057461,-9.581595,-0.011991,0.017320,-0.019718
1706615391,1640360,0.086191,0.002394,-9.485827,-0.013856,0.017587,-0.023182
1706615391,1640383,0.167594,-0.026336,-9.485827,-0.014123,0.018919,-0.021850
1706615391,1640408,0.119710,-0.009577,-9.574412,-0.012257,0.014123,-0.019718
1706615391,1640431,0.110133,-0.038307,-9.485827,-0.013323,0.013856,-0.021051
1706615391,1640454,0.129287,0.035913,-9.466674,-0.013057,0.015988,-0.022383
1706615391,1640477,0.076614,-0.045490,-9.629479,-0.015988,0.017054,-0.019985
1706615391,1640500,0.134075,-0.026336,-9.536105,-0.012524,0.015988,-0.022649
1706615391,1640523,0.158017,-0.033519,-9.490616,-0.014922,0.018119,-0.022383
1706615391,1640546,0.088585,0.033519,-9.564836,-0.012790,0.017853,-0.021317
1706615391,1640572,0.090980,0.031125,-9.507375,-0.010925,0.019718,-0.021051
1706615391,1640595,0.090980,-0.009577,-9.583989,-0.013057,0.013057,-0.022116
1706615391,1640618,0.088585,-0.059855,-9.531317,-0.014922,0.017853,-0.019985
1706615391,1640641,0.081403,-0.016759,-9.572019,-0.014655,0.017853,-0.019718
1706615391,1640664,0.155623,-0.043096,-9.493010,-0.012790,0.017320,-0.019718
1706615391,1640687,0.114922,-0.031125,-9.528923,-0.013856,0.018652,-0.021317
1706615391,1640720,0.186748,-0.031125,-9.533711,-0.013856,0.015721,-0.016787
1706615391,1640744,0.086191,0.014365,-9.548077,-0.014389,0.015988,-0.019452
1706615391,1640767,0.102951,-0.043096,-9.464279,-0.015455,0.016254,-0.022116
1706615392,1640790,0.131681,0.000000,-9.643845,-0.013323,0.016787,-0.023449
1706615392,1640812,0.093374,-0.062249,-9.466674,-0.014389,0.017320,-0.020518
1706615392,1640835,0.110133,-0.007183,-9.447520,-0.012524,0.015721,-0.019452
1706615392,1640858,0.110133,-0.023942,-9.550470,-0.013856,0.015721,-0.021850
1706615392,1640883,0.035913,0.033519,-9.521740,-0.010925,0.019985,-0.022116
1706615392,1640905,0.126893,-0.007183,-9.586384,-0.011724,0.020251,-0.023715
1706615392,1640928,0.107739,0.014365,-9.476251,-0.013590,0.017054,-0.023982
1706615392,1640951,0.114922,0.019154,-9.536105,-0.013856,0.017853,-0.022916
1706615392,1640974,0.153229,-0.021548,-9.605537,-0.015721,0.016787,-0.019452
1706615392,1640996,0.067038,0.011971,-9.514558,-0.013323,0.018919,-0.016787
1706615392,1641019,0.150835,0.002394,-9.579201,-0.013856,0.017587,-0.023715
1706615392,1641044,0.124498,-0.107739,-9.526528,-0.011724,0.018119,-0.018919
1706615392,1641067,0.126893,0.031125,-9.595961,-0.012790,0.017853,-0.018386
1706615392,1641090,0.112527,0.000000,-9.454702,-0.011724,0.018386,-0.019185
1706615392,1641112,0.057461,-0.007183,-9.521740,-0.013323,0.016521,-0.019985
1706615392,1641135,0.095768,-0.038307,-9.557653,-0.013057,0.018652,-0.021317
1706615392,1641158,0.090980,0.009577,-9.562442,-0.015188,0.020251,-0.022116
1706615392,1641183,0.160412,-0.033519,-9.493010,-0.014389,0.015988,-0.019718
1706615392,1641205,0.102951,-0.031125,-9.593566,-0.013057,0.017853,-0.022649
1706615392,1641228,0.095768,-0.040701,-9.540894,-0.013856,0.015188,-0.021583
1706615392,1641251,0.057461,0.002394,-9.466674,-0.010925,0.013590,-0.021051
1706615392,1641274,0.079009,-0.016759,-9.509769,-0.015188,0.016787,-0.022116
1706615392,1641296,0.107739,0.019154,-9.538500,-0.014389,0.016254,-0.023982
1706615392,1641319,0.076614,0.021548,-9.464279,-0.014922,0.015988,-0.017853
1706615392,1641344,0.136469,0.002394,-9.512163,-0.010658,0.019985,-0.019718
1706615392,1641367,0.047884,-0.014365,-9.595961,-0.014389,0.018119,-0.020518
1706615392,1641390,0.107739,0.023942,-9.504981,-0.013856,0.017587,-0.017054
1706615392,1641413,0.083797,-0.026336,-9.488221,-0.015188,0.015988,-0.023182
1706615392,1641435,0.071826,-0.062249,-9.581595,-0.014922,0.014922,-0.021583
1706615392,1641458,0.105345,0.002394,-9.557653,-0.013856,0.019185,-0.020518
1706615392,1641481,0.093374,-0.062249,-9.423578,-0.013323,0.015988,-0.017054
1706615392,1641506,0.076614,-0.045490,-9.538500,-0.015188,0.019718,-0.020251
1706615392,1641528,0.110133,0.033519,-9.478644,-0.014655,0.017853,-0.018119
1706615392,1641551,0.110133,-0.016759,-9.452309,-0.015988,0.017054,-0.022916
1706615392,1641574,0.100556,-0.028730,-9.464279,-0.011724,0.017587,-0.019452
1706615392,1641597,0.150835,0.000000,-9.526528,-0.010925,0.018119,-0.021583
1706615392,1641619,0.148441,-0.016759,-9.555259,-0.015988,0.017587,-0.021850
1706615392,1641644,0.114922,-0.026336,-9.595961,-0.014655,0.017054,-0.020784
1706615392,1641667,0.110133,-0.033519,-9.461885,-0.013057,0.015721,-0.022649
1706615392,1641690,0.088585,0.023942,-9.473856,-0.011724,0.019452,-0.022116
1706615392,1641713,0.112527,-0.031125,-9.469068,-0.013323,0.017320,-0.018919
1706615392,1641735,0.158017,0.028730,-9.562442,-0.011458,0.014389,-0.021850
1706615392,1641758,0.086191,-0.047884,-9.514558,-0.009593,0.018652,-0.021583
1706615393,1641781,0.098162,0.033519,-9.485827,-0.014922,0.015188,-0.022916
1706615393,1641806,0.088585,0.002394,-9.538500,-0.015721,0.016787,-0.021850
1706615393,1641828,0.129287,0.011971,-9.591172,-0.011991,0.018652,-0.020251
1706615393,1641851,0.095768,0.004788,-9.485827,-0.012790,0.014389,-0.020784
1706615393,1641874,0.110133,0.011971,-9.478644,-0.012524,0.017320,-0.019452
1706615393,1641896,0.155623,-0.033519,-9.543288,-0.014389,0.022383,-0.019985
1706615393,1641919,0.114922,-0.040701,-9.476251,-0.012790,0.018919,-0.021850
1706615393,1641942,0.090980,0.002394,-9.466674,-0.013856,0.016787,-0.019718
1706615393,1641967,0.107739,0.031125,-9.572019,-0.013856,0.018919,-0.024248
1706615393,1641990,0.165200,-0.023942,-9.445126,-0.013323,0.015721,-0.023715
1706615393,1642013,0.100556,0.023942,-9.425972,-0.014922,0.017587,-0.019718
1706615393,1642036,0.102951,0.019154,-9.595961,-0.011991,0.019718,-0.019985
1706615393,1642059,0.088585,-0.069432,-9.560047,-0.014655,0.016254,-0.021850
1706615393,1642082,0.086191,-0.055067,-9.433155,-0.014389,0.021317,-0.021850
1706615393,1642107,0.083797,0.004788,-9.507375,-0.011724,0.015988,-0.023449
1706615393,1642130,0.110133,0.069432,-9.564836,-0.014123,0.020518,-0.020251
1706615393,1642153,0.076614,-0.016759,-9.507375,-0.012257,0.017054,-0.021051
1706615393,1642176,0.079009,-0.016759,-9.512163,-0.014655,0.019185,-0.022116
1706615393,1642199,0.095768,-0.028730,-9.528923,-0.015188,0.020251,-0.022649
1706615393,1642222,0.172383,-0.019154,-9.545682,-0.013057,0.017587,-0.021317
1706615393,1642245,0.062249,-0.076614,-9.514558,-0.012790,0.019185,-0.023449
1706615393,1642271,0.086191,-0.059855,-9.478644,-0.012524,0.018119,-0.022649
1706615393,1642294,0.114922,0.007183,-9.574412,-0.014655,0.013856,-0.023449
1706615393,1642317,0.148441,-0.023942,-9.550470,-0.013856,0.015455,-0.022649
1706615393,1642340,0.119710,0.002394,-9.521740,-0.013323,0.016787,-0.020784
1706615393,1642363,0.083797,-0.023942,-9.521740,-0.016254,0.017853,-0.023449
1706615393,1642386,0.148441,-0.009577,-9.595961,-0.012790,0.019985,-0.025047
1706615393,1642409,0.138864,-0.040701,-9.567230,-0.013057,0.017587,-0.021317
1706615393,1642434,0.081403,0.007183,-9.514558,-0.014389,0.018119,-0.019452
1706615393,1642457,0.110133,-0.011971,-9.452309,-0.014123,0.019985,-0.018119
1706615393,1642480,0.093374,0.007183,-9.579201,-0.010925,0.018652,-0.023982
1706615393,1642503,0.143652,-0.057461,-9.588778,-0.014922,0.017853,-0.019985
1706615393,1642526,0.155623,-0.007183,-9.567230,-0.014655,0.016521,-0.022916
1706615393,1642549,0.079009,-0.031125,-9.507375,-0.012790,0.017054,-0.023182
1706615393,1642575,0.076614,-0.007183,-9.512163,-0.016521,0.019185,-0.021317
1706615393,1642598,0.117316,-0.045490,-9.550470,-0.017054,0.015721,-0.024781
1706615393,1642621,0.067038,0.000000,-9.469068,-0.013590,0.019718,-0.022383
1706615393,1642644,0.100556,-0.035913,-9.397242,-0.014655,0.019985,-0.021583
1706615393,1642667,0.069432,-0.023942,-9.583989,-0.011991,0.017853,-0.022383
1706615393,1642690,0.126893,-0.007183,-9.528923,-0.011991,0.016521,-0.019985
1706615393,1642713,0.090980,0.055067,-9.533711,-0.011191,0.017320,-0.021051
1706615393,1642738,0.074220,-0.019154,-9.521740,-0.011991,0.017587,-0.021850
1706615393,1642761,0.112527,0.028730,-9.495404,-0.013856,0.017853,-0.021583
1706615394,1642784,0.102951,-0.026336,-9.543288,-0.013057,0.020784,-0.025580
1706615394,1642807,0.189142,-0.016759,-9.569624,-0.013590,0.019185,-0.019718
1706615394,1642830,0.086191,0.007183,-9.512163,-0.015721,0.019452,-0.018652
1706615394,1642853,0.095768,-0.004788,-9.521740,-0.016521,0.018119,-0.018919
1706615394,1642876,0.153229,-0.023942,-9.483433,-0.014389,0.018652,-0.018386
1706615394,1642902,0.114922,0.019154,-9.562442,-0.015188,0.019185,-0.024515
1706615394,1642925,0.114922,0.045490,-9.504981,-0.014389,0.017320,-0.019452
1706615394,1642948,0.100556,-0.076614,-9.512163,-0.010925,0.016787,-0.021317
1706615394,1642971,0.090980,-0.021548,-9.583989,-0.014389,0.018919,-0.021317
1706615394,1642994,0.079009,0.000000,-9.545682,-0.014389,0.017054,-0.020784
1706615394,1643017,0.174777,-0.031125,-9.543288,-0.010658,0.019452,-0.022649
1706615394,1643042,0.033519,-0.055067,-9.524135,-0.013856,0.017320,-0.022383
1706615394,1643065,0.107739,-0.021548,-9.545682,-0.010925,0.022116,-0.019985
1706615394,1643088,0.112527,0.019154,-9.619903,-0.014389,0.020784,-0.024781
1706615394,1643111,0.119710,-0.102951,-9.588778,-0.013856,0.021583,-0.017587
1706615394,1643134,0.102951,-0.021548,-9.516952,-0.014655,0.018119,-0.019718
1706615394,1643157,0.093374,-0.035913,-9.502586,-0.016254,0.018119,-0.022916
1706615394,1643180,0.146046,-0.002394,-9.603143,-0.015455,0.015721,-0.023449
1706615394,1643214,0.095768,0.035913,-9.567230,-0.016254,0.014123,-0.022649
1706615394,1643238,0.107739,0.021548,-9.619903,-0.011191,0.019985,-0.020784
1706615394,1643261,0.064643,-0.016759,-9.449914,-0.014655,0.019718,-0.021051
1706615394,1643283,0.093374,-0.035913,-9.562442,-0.015188,0.019718,-0.019452
1706615394,1643306,0.088585,-0.035913,-9.445126,-0.012257,0.018652,-0.021317
1706615394,1643329,0.069432,0.035913,-9.528923,-0.015188,0.018386,-0.023182
1706615394,1643352,0.112527,0.002394,-9.557653,-0.012257,0.018386,-0.024248
1706615394,1643376,0.112527,0.031125,-9.466674,-0.014655,0.018119,-0.021317
1706615394,1643399,0.074220,-0.009577,-9.610326,-0.014922,0.015455,-0.023182
1706615394,1643422,0.134075,-0.031125,-9.595961,-0.013856,0.019985,-0.020784
1706615394,1643445,0.102951,0.031125,-9.586384,-0.013856,0.017587,-0.019452
1706615394,1643468,0.117316,-0.002394,-9.634268,-0.013856,0.018919,-0.019185
1706615394,1643490,0.124498,0.009577,-9.564836,-0.014123,0.018919,-0.021051
1706615394,1643513,0.069432,-0.052672,-9.500193,-0.015721,0.017054,-0.017853
1706615394,1643538,0.134075,0.002394,-9.502586,-0.016521,0.019718,-0.018386
1706615394,1643561,0.095768,0.028730,-9.548077,-0.014123,0.017853,-0.022916
1706615394,1643584,0.148441,-0.014365,-9.543288,-0.013057,0.014922,-0.018652
1706615394,1643607,0.062249,0.014365,-9.528923,-0.012257,0.016787,-0.020784
1706615394,1643629,0.114922,-0.009577,-9.459491,-0.015188,0.018919,-0.021051
1706615394,1643652,0.129287,-0.026336,-9.469068,-0.013323,0.013856,-0.020518
1706615394,1643677,0.090980,-0.067038,-9.543288,-0.012790,0.014389,-0.017320
1706615394,1643700,0.095768,-0.019154,-9.509769,-0.013323,0.017054,-0.019718
1706615394,1643734,0.124498,-0.031125,-9.591172,-0.014389,0.015188,-0.018919
1706615394,1643756,0.090980,0.000000,-9.526528,-0.012257,0.019718,-0.021583
1706615395,1643779,0.095768,-0.016759,-9.516952,-0.014922,0.017587,-0.024248
1706615395,1643802,0.146046,-0.043096,-9.521740,-0.012524,0.016521,-0.022383
1706615395,1643824,0.069432,-0.014365,-9.445126,-0.014389,0.017587,-0.021850
1706615395,1643849,0.102951,-0.059855,-9.502586,-0.014922,0.017587,-0.021583
1706615395,1643872,0.119710,0.009577,-9.500193,-0.014389,0.017054,-0.019985
1706615395,1643895,0.131681,0.016759,-9.536105,-0.013590,0.016787,-0.021317
1706615395,1643917,0.079009,-0.047884,-9.459491,-0.012257,0.016787,-0.024248
1706615395,1643940,0.146046,-0.033519,-9.442732,-0.014655,0.016521,-0.023715
1706615395,1643963,0.126893,-0.038307,-9.593566,-0.013856,0.020518,-0.023715
1706615395,1643985,0.069432,0.016759,-9.629479,-0.011458,0.019718,-0.020518
1706615395,1644010,0.131681,-0.055067,-9.490616,-0.016521,0.018119,-0.025314
1706615395,1644033,0.136469,0.011971,-9.493010,-0.012257,0.018386,-0.021583
1706615395,1644056,0.067038,0.021548,-9.543288,-0.013856,0.017320,-0.023182
1706615395,1644079,0.095768,0.004788,-9.591172,-0.013323,0.018119,-0.021850
1706615395,1644101,0.102951,0.038307,-9.497798,-0.009593,0.015188,-0.017853
1706615395,1644124,0.146046,-0.007183,-9.572019,-0.014655,0.019452,-0.021583
1706615395,1644149,0.050278,0.009577,-9.567230,-0.013856,0.022116,-0.019718
1706615395,1644172,0.126893,-0.057461,-9.531317,-0.012257,0.016787,-0.021850
1706615395,1644195,0.189142,-0.009577,-9.538500,-0.012790,0.016787,-0.019452
1706615395,1644217,0.038307,-0.038307,-9.531317,-0.014922,0.014655,-0.022649
1706615395,1644240,0.117316,0.007183,-9.572019,-0.015188,0.016787,-0.021850
1706615395,1644263,0.112527,-0.002394,-9.493010,-0.015455,0.015721,-0.020251
1706615395,1644286,0.107739,-0.026336,-9.471462,-0.015721,0.020251,-0.020518
1706615395,1644311,0.071826,-0.040701,-9.552865,-0.015721,0.018119,-0.021317
1706615395,1644333,0.136469,-0.004788,-9.430760,-0.013590,0.018119,-0.023182
1706615395,1644356,0.174777,-0.011971,-9.495404,-0.014655,0.014922,-0.022383
1706615395,1644379,0.093374,-0.023942,-9.435549,-0.014389,0.018119,-0.020784
1706615395,1644401,0.134075,0.009577,-9.579201,-0.015988,0.018119,-0.020518
1706615395,1644424,0.031125,-0.023942,-9.543288,-0.012790,0.017853,-0.021317
1706615395,1644447,0.090980,0.031125,-9.562442,-0.016254,0.016521,-0.020518
1706615395,1644472,0.117316,-0.038307,-9.495404,-0.011991,0.017320,-0.021051
1706615395,1644495,0.146046,-0.045490,-9.579201,-0.014389,0.017320,-0.019718
1706615395,1644518,0.088585,0.004788,-9.524135,-0.016787,0.021051,-0.023449
1706615395,1644541,0.033519,-0.050278,-9.581595,-0.011991,0.016787,-0.022916
1706615395,1644564,0.110133,0.004788,-9.514558,-0.012257,0.017054,-0.021051
1706615395,1644587,0.124498,-0.007183,-9.543288,-0.013590,0.018919,-0.018119
1706615395,1644612,0.071826,-0.011971,-9.595961,-0.014922,0.016787,-0.021583
1706615395,1644635,0.117316,0.004788,-9.495404,-0.014655,0.017853,-0.020518
1706615395,1644658,0.122104,0.023942,-9.548077,-0.015988,0.016521,-0.019452
1706615395,1644681,0.067038,0.021548,-9.531317,-0.013323,0.017054,-0.022916
1706615395,1644704,0.064643,0.009577,-9.552865,-0.015988,0.020518,-0.021317
1706615395,1644727,0.100556,-0.038307,-9.548077,-0.016521,0.018119,-0.021317
1706615395,1644750,0.057461,0.021548,-9.514558,-0.011991,0.018119,-0.021850
1706615396,1644776,0.074220,0.016759,-9.619903,-0.012790,0.017587,-0.019452
1706615396,1644799,0.090980,-0.031125,-9.490616,-0.014922,0.019452,-0.020251
1706615396,1644822,0.074220,-0.062249,-9.495404,-0.014655,0.013057,-0.022916
1706615396,1644845,0.093374,-0.045490,-9.509769,-0.014922,0.019718,-0.022383
1706615396,1644868,0.131681,-0.038307,-9.557653,-0.014389,0.017054,-0.020784
1706615396,1644891,0.122104,0.011971,-9.543288,-0.014123,0.017320,-0.022916
1706615396,1644914,0.071826,0.026336,-9.576807,-0.016254,0.015188,-0.022383
1706615396,1644939,0.071826,-0.050278,-9.639056,-0.013856,0.015988,-0.021850
1706615396,1644962,0.100556,-0.019154,-9.464279,-0.011724,0.013856,-0.020784
1706615396,1644985,0.148441,-0.074220,-9.485827,-0.014655,0.015455,-0.022649
1706615396,1645008,0.136469,-0.028730,-9.512163,-0.013057,0.017054,-0.021850
1706615396,1645031,0.119710,0.026336,-9.473856,-0.014123,0.019452,-0.022649
1706615396,1645054,0.114922,-0.023942,-9.572019,-0.013590,0.016521,-0.022916
1706615396,1645079,0.134075,0.021548,-9.543288,-0.011458,0.017320,-0.020251
1706615396,1645102,0.138864,-0.067038,-9.555259,-0.012524,0.017853,-0.022649
1706615396,1645125,0.088585,-0.011971,-9.516952,-0.013323,0.018652,-0.024248
1706615396,1645149,0.059855,-0.059855,-9.457097,-0.014655,0.013856,-0.020518
1706615396,1645172,0.095768,-0.019154,-9.497798,-0.015721,0.015988,-0.020518
1706615396,1645195,0.136469,0.016759,-9.567230,-0.014123,0.021583,-0.022116
1706615396,1645218,0.141258,-0.052672,-9.569624,-0.014655,0.017320,-0.019985
1706615396,1645243,0.095768,-0.026336,-9.572019,-0.015188,0.014655,-0.018119
1706615396,1645266,0.081403,-0.028730,-9.454702,-0.017054,0.018386,-0.021317
1706615396,1645289,0.153229,0.009577,-9.488221,-0.012524,0.017320,-0.020251
1706615396,1645312,0.129287,0.000000,-9.469068,-0.013323,0.020251,-0.023715
1706615396,1645335,0.124498,0.004788,-9.464279,-0.015455,0.018919,-0.019718
1706615396,1645358,0.038307,-0.050278,-9.452309,-0.012790,0.018119,-0.020518
1706615396,1645381,0.088585,0.038307,-9.447520,-0.012790,0.019718,-0.019452
1706615396,1645407,0.081403,-0.069432,-9.454702,-0.012790,0.016787,-0.023449
1706615396,1645430,0.076614,0.011971,-9.512163,-0.014922,0.021317,-0.019452
1706615396,1645453,0.102951,-0.011971,-9.476251,-0.011724,0.018652,-0.025047
1706615396,1645476,0.126893,0.002394,-9.569624,-0.011724,0.015988,-0.020784
1706615396,1645499,0.131681,-0.021548,-9.562442,-0.013856,0.019185,-0.021583
1706615396,1645522,0.134075,0.031125,-9.512163,-0.011458,0.016254,-0.023182
1706615396,1645547,0.160412,-0.055067,-9.500193,-0.014389,0.016787,-0.022383
1706615396,1645570,0.146046,-0.069432,-9.521740,-0.012524,0.017320,-0.021850
1706615396,1645593,0.090980,-0.026336,-9.526528,-0.013590,0.019985,-0.019985
1706615396,1645616,0.107739,-0.033519,-9.595961,-0.016521,0.017320,-0.019452
1706615396,1645639,0.126893,0.004788,-9.545682,-0.018652,0.017853,-0.020784
1706615396,1645662,0.098162,-0.009577,-9.490616,-0.010658,0.016787,-0.019452
1706615396,1645685,0.088585,-0.031125,-9.567230,-0.015188,0.016521,-0.021583
1706615396,1645718,0.114922,-0.011971,-9.464279,-0.011991,0.016254,-0.022383
1706615396,1645743,0.105345,0.004788,-9.447520,-0.013856,0.020784,-0.016787
1706615396,1645765,0.038307,0.000000,-9.543288,-0.012790,0.020784,-0.021051
1706615397,1645788,0.117316,-0.047884,-9.514558,-0.015455,0.016521,-0.019452
1706615397,1645811,0.009577,-0.033519,-9.512163,-0.011458,0.019452,-0.020251
1706615397,1645833,0.100556,-0.047884,-9.449914,-0.014655,0.021051,-0.022649
1706615397,1645856,0.122104,0.004788,-9.524135,-0.011991,0.016521,-0.022916
1706615397,1645881,0.059855,0.028730,-9.507375,-0.011991,0.018386,-0.019452
1706615397,1645903,0.146046,-0.067038,-9.567230,-0.013856,0.017587,-0.018919
1706615397,1645926,0.088585,0.019154,-9.605537,-0.013057,0.020518,-0.023449
1706615397,1645949,0.035913,0.021548,-9.488221,-0.011191,0.017054,-0.019185
1706615397,1645972,0.129287,-0.019154,-9.653421,-0.011458,0.016521,-0.019452
1706615397,1645994,0.081403,-0.033519,-9.524135,-0.013856,0.020251,-0.021051
1706615397,1646019,0.112527,-0.047884,-9.464279,-0.016787,0.014389,-0.022383
1706615397,1646042,0.098162,-0.002394,-9.507375,-0.012524,0.019185,-0.022916
1706615397,1646065,0.129287,0.000000,-9.598354,-0.015988,0.017587,-0.021317
1706615397,1646088,0.059855,-0.021548,-9.579201,-0.012524,0.017054,-0.020784
1706615397,1646110,0.081403,-0.014365,-9.497798,-0.010392,0.019185,-0.018919
1706615397,1646133,0.088585,-0.011971,-9.540894,-0.013323,0.018119,-0.020784
1706615397,1646156,0.136469,-0.011971,-9.521740,-0.015988,0.019452,-0.019185
1706615397,1646181,0.083797,-0.040701,-9.528923,-0.013057,0.018652,-0.019985
1706615397,1646204,0.090980,0.031125,-9.514558,-0.014389,0.021051,-0.020784
1706615397,1646226,0.162806,-0.033519,-9.495404,-0.012257,0.022116,-0.020251
1706615397,1646249,0.102951,-0.019154,-9.574412,-0.009859,0.020251,-0.022649
1706615397,1646272,0.136469,-0.045490,-9.524135,-0.014655,0.020251,-0.021051
1706615397,1646295,0.117316,-0.057461,-9.461885,-0.013057,0.014123,-0.019985
1706615397,1646317,0.110133,-0.026336,-9.593566,-0.013856,0.019452,-0.022116
1706615397,1646342,0.064643,0.002394,-9.509769,-0.015721,0.014655,-0.021317
1706615397,1646365,0.117316,-0.011971,-9.531317,-0.014922,0.019985,-0.023449
1706615397,1646388,0.062249,0.002394,-9.449914,-0.012790,0.014922,-0.019718
1706615397,1646411,0.074220,0.004788,-9.531317,-0.013057,0.018652,-0.021583
1706615397,1646433,0.083797,-0.045490,-9.533711,-0.015988,0.017320,-0.023449
1706615397,1646456,0.112527,-0.011971,-9.536105,-0.013057,0.017853,-0.021317
1706615397,1646481,0.095768,-0.081403,-9.488221,-0.014922,0.017587,-0.021850
1706615397,1646504,0.136469,-0.026336,-9.495404,-0.015188,0.017587,-0.019718
1706615397,1646527,0.090980,0.014365,-9.516952,-0.011458,0.016254,-0.021317
1706615397,1646549,0.105345,-0.059855,-9.461885,-0.014389,0.019718,-0.020251
1706615397,1646572,0.153229,-0.038307,-9.521740,-0.014655,0.014389,-0.019985
1706615397,1646595,0.136469,-0.064643,-9.521740,-0.015988,0.018652,-0.020518
1706615397,1646618,0.146046,-0.004788,-9.531317,-0.013590,0.018652,-0.021850
1706615397,1646643,0.100556,-0.069432,-9.543288,-0.014123,0.015721,-0.021583
1706615397,1646665,0.112527,-0.026336,-9.550470,-0.014655,0.015988,-0.024781
1706615397,1646688,0.102951,-0.019154,-9.591172,-0.014655,0.018119,-0.021583
1706615397,1646711,0.100556,-0.043096,-9.598354,-0.013590,0.017320,-0.019985
1706615397,1646734,0.095768,-0.011971,-9.552865,-0.016787,0.015988,-0.021850
1706615397,1646756,0.117316,0.002394,-9.478644,-0.013856,0.017853,-0.021051
1706615398,1646779,0.119710,0.021548,-9.485827,-0.011724,0.015721,-0.022916
1706615398,1646804,0.124498,-0.028730,-9.548077,-0.011724,0.019452,-0.019452
1706615398,1646827,0.090980,-0.040701,-9.560047,-0.015455,0.016521,-0.021051
1706615398,1646849,0.141258,-0.002394,-9.526528,-0.012790,0.015721,-0.021583
1706615398,1646872,0.119710,-0.045490,-9.512163,-0.011458,0.019718,-0.023182
1706615398,1646895,0.083797,-0.057461,-9.567230,-0.014123,0.017320,-0.022383
1706615398,1646917,0.105345,-0.057461,-9.536105,-0.010392,0.019985,-0.020784
1706615398,1646942,0.119710,0.002394,-9.538500,-0.011724,0.020784,-0.022649
1706615398,1646965,0.105345,-0.016759,-9.423578,-0.015455,0.019452,-0.019718
1706615398,1646988,0.067038,-0.038307,-9.531317,-0.013323,0.018386,-0.019718
1706615398,1647011,0.114922,-0.076614,-9.481039,-0.014655,0.021850,-0.019718
1706615398,1647034,0.122104,-0.035913,-9.548077,-0.014655,0.018386,-0.022649
1706615398,1647057,0.088585,0.007183,-9.588778,-0.014922,0.018652,-0.021317
1706615398,1647080,0.074220,0.004788,-9.464279,-0.013057,0.014922,-0.019985
1706615398,1647106,0.143652,-0.028730,-9.591172,-0.012524,0.020518,-0.021051
1706615398,1647129,0.158017,0.004788,-9.560047,-0.014123,0.018386,-0.019985
1706615398,1647152,0.090980,0.004788,-9.502586,-0.013856,0.014922,-0.021051
1706615398,1647175,0.083797,0.014365,-9.454702,-0.012257,0.021850,-0.019185
1706615398,1647198,0.107739,0.004788,-9.591172,-0.014389,0.017853,-0.020518
1706615398,1647221,0.122104,-0.016759,-9.552865,-0.014655,0.019452,-0.016787
1706615398,1647244,0.035913,-0.028730,-9.524135,-0.014389,0.017587,-0.023715
1706615398,1647269,0.143652,-0.009577,-9.447520,-0.015455,0.018386,-0.023449
1706615398,1647292,0.167594,-0.014365,-9.567230,-0.016787,0.019452,-0.017853
1706615398,1647315,0.069432,0.004788,-9.600749,-0.011724,0.018386,-0.021583
1706615398,1647338,0.098162,-0.014365,-9.497798,-0.013590,0.017853,-0.019718
1706615398,1647361,0.122104,0.083797,-9.493010,-0.017587,0.015455,-0.023449
1706615398,1647384,0.112527,0.000000,-9.560047,-0.017054,0.014123,-0.020518
1706615398,1647408,0.169988,0.000000,-9.550470,-0.013057,0.017853,-0.023982
1706615398,1647433,0.064643,0.019154,-9.569624,-0.015721,0.017320,-0.020251
1706615398,1647456,0.105345,-0.055067,-9.459491,-0.014123,0.014123,-0.019452
1706615398,1647479,0.059855,-0.069432,-9.454702,-0.015455,0.014389,-0.020518
1706615398,1647502,0.093374,-0.067038,-9.442732,-0.014922,0.018119,-0.021850
1706615398,1647525,0.138864,0.031125,-9.481039,-0.012257,0.019452,-0.021850
1706615398,1647548,0.083797,-0.047884,-9.557653,-0.013856,0.017320,-0.023449
1706615398,1647574,0.119710,-0.038307,-9.557653,-0.015721,0.016254,-0.019718
1706615398,1647597,0.141258,-0.019154,-9.555259,-0.012790,0.018919,-0.018119
1706615398,1647620,0.124498,0.011971,-9.677363,-0.017054,0.018919,-0.020251
1706615398,1647643,0.062249,-0.038307,-9.516952,-0.011724,0.018119,-0.021850
1706615398,1647666,0.107739,-0.050278,-9.459491,-0.013057,0.019718,-0.018919
1706615398,1647689,0.134075,-0.004788,-9.442732,-0.012257,0.014389,-0.020251
1706615398,1647712,0.102951,-0.004788,-9.526528,-0.015455,0.019185,-0.022916
1706615398,1647737,0.102951,0.040701,-9.504981,-0.015188,0.020518,-0.021317
1706615398,1647760,0.071826,-0.007183,-9.485827,-0.012257,0.017054,-0.023982
1706615399,1647783,0.083797,0.021548,-9.562442,-0.011724,0.018652,-0.021051
1706615399,1647806,0.086191,0.009577,-9.533711,-0.008793,0.017320,-0.021317
1706615399,1647829,0.040701,-0.007183,-9.521740,-0.010925,0.018386,-0.021583
1706615399,1647852,0.107739,0.035913,-9.598354,-0.012524,0.014922,-0.021850
1706615399,1647875,0.102951,-0.081403,-9.524135,-0.015188,0.022116,-0.021317
1706615399,1647901,0.129287,0.019154,-9.435549,-0.016521,0.017853,-0.024248
1706615399,1647924,0.141258,0.000000,-9.557653,-0.013590,0.017587,-0.024248
1706615399,1647947,0.083797,-0.045490,-9.464279,-0.011724,0.019185,-0.022383
1706615399,1647970,0.122104,-0.016759,-9.516952,-0.013590,0.018386,-0.019718
1706615399,1647993,0.090980,0.021548,-9.598354,-0.015455,0.019718,-0.022383
1706615399,1648016,0.158017,0.047884,-9.552865,-0.015455,0.017853,-0.020784
1706615399,1648041,0.088585,-0.019154,-9.595961,-0.016254,0.014655,-0.022649
1706615399,1648064,0.136469,-0.007183,-9.531317,-0.013323,0.017587,-0.023182
1706615399,1648087,0.057461,-0.019154,-9.478644,-0.013856,0.020251,-0.020251
1706615399,1648110,0.093374,0.004788,-9.588778,-0.015455,0.018919,-0.021850
1706615399,1648133,0.093374,-0.019154,-9.624691,-0.014389,0.017320,-0.021317
1706615399,1648156,0.064643,-0.040701,-9.622296,-0.012790,0.017320,-0.019185
1706615399,1648179,0.100556,-0.040701,-9.552865,-0.013057,0.019718,-0.021850
1706615399,1648213,0.143652,-0.067038,-9.550470,-0.015188,0.016787,-0.021850
1706615399,1648237,0.177171,-0.031125,-9.428367,-0.015188,0.017853,-0.017853
1706615399,1648259,0.129287,0.000000,-9.586384,-0.015188,0.015455,-0.017853
1706615399,1648282,0.045490,0.019154,-9.593566,-0.012790,0.018119,-0.018386
1706615399,1648305,0.055067,-0.050278,-9.595961,-0.014389,0.016787,-0.021051
1706615399,1648328,0.102951,0.019154,-9.550470,-0.014922,0.014922,-0.017320
1706615399,1648350,0.098162,-0.050278,-9.521740,-0.013856,0.019718,-0.019985
1706615399,1648375,0.090980,-0.055067,-9.562442,-0.016787,0.021051,-0.020518
1706615399,1648398,0.143652,-0.004788,-9.531317,-0.013323,0.018652,-0.022116
1706615399,1648421,0.141258,-0.009577,-9.454702,-0.014655,0.019185,-0.020784
1706615399,1648444,0.114922,-0.038307,-9.526528,-0.013323,0.017320,-0.021051
1706615399,1648466,0.090980,0.004788,-9.512163,-0.014389,0.019718,-0.019985
1706615399,1648489,0.112527,0.000000,-9.550470,-0.014389,0.014123,-0.019718
1706615399,1648514,0.105345,-0.069432,-9.433155,-0.014123,0.020784,-0.022116
1706615399,1648537,0.102951,0.002394,-9.514558,-0.015188,0.016787,-0.018652
1706615399,1648559,0.088585,-0.019154,-9.531317,-0.014655,0.016254,-0.020784
1706615399,1648582,0.129287,0.035913,-9.528923,-0.013856,0.016254,-0.021583
1706615399,1648605,0.088585,-0.047884,-9.540894,-0.011191,0.013590,-0.022383
1706615399,1648628,0.064643,-0.028730,-9.545682,-0.013057,0.013057,-0.023715
1706615399,1648650,0.064643,0.023942,-9.555259,-0.012790,0.018652,-0.021850
1706615399,1648675,0.052672,0.004788,-9.397242,-0.014389,0.016254,-0.023449
1706615399,1648698,0.105345,0.021548,-9.524135,-0.014389,0.016521,-0.022649
1706615399,1648721,0.107739,-0.004788,-9.495404,-0.014123,0.017587,-0.021583
1706615399,1648744,0.129287,-0.014365,-9.495404,-0.015721,0.016521,-0.020784
1706615399,1648766,0.122104,-0.059855,-9.349358,-0.015188,0.016521,-0.024248
1706615400,1648789,0.038307,-0.004788,-9.459491,-0.009060,0.018119,-0.022916
1706615400,1648812,0.150835,-0.011971,-9.497798,-0.013590,0.018119,-0.019452
1706615400,1648837,0.124498,0.000000,-9.493010,-0.014123,0.021317,-0.023449
1706615400,1648860,0.026336,0.014365,-9.476251,-0.014123,0.018119,-0.023182
1706615400,1648882,0.093374,-0.016759,-9.512163,-0.015988,0.015455,-0.024515
1706615400,1648905,0.062249,-0.033519,-9.440337,-0.014389,0.018652,-0.024781
1706615400,1648928,0.110133,-0.026336,-9.588778,-0.013057,0.015721,-0.020251
1706615400,1648951,0.076614,-0.050278,-9.495404,-0.010392,0.017054,-0.021051
1706615400,1648976,0.138864,-0.052672,-9.516952,-0.010658,0.018386,-0.020518
1706615400,1648998,0.052672,-0.021548,-9.483433,-0.015721,0.016254,-0.022649
1706615400,1649021,0.129287,-0.007183,-9.514558,-0.013856,0.016254,-0.021850
1706615400,1649044,0.107739,-0.023942,-9.579201,-0.015188,0.014922,-0.020251
1706615400,1649066,0.074220,-0.083797,-9.521740,-0.013323,0.020518,-0.022649
1706615400,1649089,0.102951,-0.009577,-9.619903,-0.013590,0.017054,-0.023982
1706615400,1649112,0.138864,0.000000,-9.459491,-0.014389,0.016521,-0.019452
1706615400,1649137,0.129287,-0.028730,-9.478644,-0.014389,0.018119,-0.022116
1706615400,1649160,0.191536,-0.059855,-9.595961,-0.013057,0.015988,-0.018119
1706615400,1649182,0.038307,0.035913,-9.514558,-0.013856,0.017054,-0.021850
1706615400,1649205,0.102951,-0.038307,-9.490616,-0.015721,0.017853,-0.021317
1706615400,1649228,0.071826,0.016759,-9.526528,-0.013057,0.019718,-0.020784
1706615400,1649251,0.086191,0.028730,-9.574412,-0.013856,0.017853,-0.021583
1706615400,1649273,0.055067,-0.045490,-9.533711,-0.014123,0.018119,-0.019452
1706615400,1649298,0.138864,-0.043096,-9.548077,-0.014922,0.018119,-0.020251
1706615400,1649321,0.098162,-0.011971,-9.528923,-0.014123,0.018919,-0.019185
1706615400,1649344,0.031125,0.004788,-9.543288,-0.013057,0.020251,-0.022916
1706615400,1649366,0.110133,0.000000,-9.528923,-0.011191,0.017853,-0.021850
1706615400,1649389,0.076614,-0.026336,-9.564836,-0.015988,0.016787,-0.017320
1706615400,1649412,0.050278,-0.057461,-9.493010,-0.014922,0.018652,-0.022116
1706615400,1649437,0.148441,0.028730,-9.507375,-0.012790,0.016521,-0.020251
1706615400,1649460,0.102951,-0.033519,-9.545682,-0.017853,0.015988,-0.021051
1706615400,1649483,0.074220,-0.071826,-9.481039,-0.013057,0.017853,-0.020784
1706615400,1649506,0.117316,0.052672,-9.512163,-0.015988,0.017587,-0.022649
1706615400,1649529,0.143652,-0.021548,-9.545682,-0.012790,0.017853,-0.020518
1706615400,1649552,0.059855,-0.002394,-9.524135,-0.014922,0.019452,-0.021051
1706615400,1649575,0.110133,-0.064643,-9.485827,-0.012257,0.018652,-0.023449
1706615400,1649600,0.047884,0.014365,-9.516952,-0.015988,0.016787,-0.022383
1706615400,1649623,0.129287,-0.074220,-9.514558,-0.016521,0.015188,-0.022649
1706615400,1649646,0.114922,-0.007183,-9.488221,-0.014389,0.020251,-0.023449
1706615400,1649669,0.136469,-0.009577,-9.512163,-0.011458,0.019985,-0.019985
1706615400,1649692,0.129287,-0.033519,-9.555259,-0.015188,0.020251,-0.023982
1706615400,1649715,0.107739,-0.002394,-9.421184,-0.011991,0.017054,-0.024248
1706615400,1649738,0.117316,-0.033519,-9.447520,-0.013323,0.019985,-0.021317
1706615400,1649763,0.110133,0.000000,-9.464279,-0.015721,0.019452,-0.017587
