timestamp,millis,AccX.AccY,AccZ,GyroX,GyroY,GyroZ
1703068213,398369,0.172383,0.040701,-9.524135
1703068213,398385,0.162806,0.083797,-9.488221
1703068213,398402,0.201113,-0.031125,-9.435549
1703068213,398418,0.205901,0.026336,-9.418790
1703068213,398434,0.205901,0.028730,-9.414001
1703068213,398451,0.225055,0.002394,-9.416395
1703068213,398467,0.225055,0.007183,-9.409213
1703068213,398484,0.131681,0.033519,-9.406818
1703068213,398500,0.134075,0.050278,-9.478644
1703068213,398519,0.172383,0.069432,-9.574412
1703068213,398535,0.117316,0.000000,-9.485827
1703068213,398552,0.227449,0.043096,-9.519346
1703068213,398568,0.196325,0.028730,-9.430760
1703068213,398584,0.160412,0.004788,-9.564836
1703068213,398601,0.220267,0.031125,-9.469068
1703068213,398617,0.189142,0.043096,-9.354146
1703068213,398634,0.122104,-0.004788,-9.502586
1703068213,398650,0.237026,0.045490,-9.437943
1703068213,398666,0.146046,0.007183,-9.586384
1703068213,398683,0.129287,0.009577,-9.550470
1703068213,398702,0.193930,0.045490,-9.521740
1703068213,398718,0.217872,0.000000,-9.545682
1703068213,398734,0.189142,0.007183,-9.607931
1703068213,398751,0.167594,0.016759,-9.447520
1703068213,398767,0.162806,0.004788,-9.512163
1703068213,398783,0.275333,0.057461,-9.500193
1703068213,398800,0.227449,0.035913,-9.528923
1703068213,398816,0.193930,0.009577,-9.459491
1703068213,398833,0.162806,0.031125,-9.485827
1703068213,398849,0.237026,0.067038,-9.524135
1703068213,398865,0.174777,0.045490,-9.504981
1703068213,398884,0.186748,0.016759,-9.512163
1703068213,398900,0.193930,-0.007183,-9.459491
1703068213,398917,0.213084,0.067038,-9.476251
1703068213,398933,0.181959,0.059855,-9.533711
1703068213,398949,0.162806,0.062249,-9.459491
1703068213,398966,0.155623,0.016759,-9.507375
1703068213,398982,0.184354,0.019154,-9.447520
1703068213,398998,0.131681,0.045490,-9.488221
1703068213,399015,0.193930,-0.031125,-9.512163
1703068213,399031,0.141258,0.035913,-9.447520
1703068213,399047,0.148441,0.050278,-9.588778
1703068213,399074,0.205901,0.043096,-9.545682
1703068213,399091,0.201113,0.062249,-9.485827
1703068213,399107,0.148441,0.028730,-9.466674
1703068213,399123,0.174777,0.067038,-9.399636
1703068213,399139,0.177171,0.023942,-9.495404
1703068213,399155,0.174777,0.059855,-9.526528
1703068213,399171,0.205901,0.016759,-9.454702
1703068213,399187,0.203507,0.019154,-9.540894
1703068213,399203,0.205901,0.067038,-9.440337
1703068213,399219,0.150835,0.028730,-9.509769
1703068213,399235,0.201113,0.086191,-9.478644
1703068213,399253,0.191536,0.055067,-9.512163
1703068213,399269,0.220267,0.004788,-9.502586
1703068213,399285,0.270545,0.004788,-9.526528
1703068213,399302,0.162806,0.031125,-9.476251
1703068213,399318,0.174777,0.064643,-9.495404
1703068213,399334,0.193930,0.064643,-9.466674
1703068214,399350,0.158017,0.062249,-9.469068
1703068214,399366,0.193930,0.038307,-9.521740
1703068214,399382,0.203507,0.047884,-9.454702
1703068214,399398,0.167594,0.079009,-9.500193
1703068214,399414,0.220267,0.083797,-9.469068
1703068214,399431,0.174777,0.043096,-9.440337
1703068214,399449,0.153229,0.026336,-9.481039
1703068214,399465,0.155623,0.000000,-9.619903
1703068214,399481,0.129287,0.014365,-9.449914
1703068214,399497,0.129287,0.095768,-9.521740
1703068214,399513,0.184354,0.019154,-9.414001
1703068214,399530,0.229843,0.074220,-9.538500
1703068214,399546,0.222661,0.052672,-9.502586
1703068214,399562,0.246603,0.105345,-9.509769
1703068214,399578,0.138864,0.028730,-9.459491
1703068214,399594,0.146046,0.021548,-9.454702
1703068214,399610,0.191536,0.062249,-9.545682
1703068214,399628,0.196325,0.086191,-9.473856
1703068214,399645,0.138864,0.105345,-9.488221
1703068214,399661,0.198719,0.028730,-9.418790
1703068214,399677,0.227449,0.016759,-9.524135
1703068214,399693,0.160412,-0.011971,-9.440337
1703068214,399709,0.126893,0.067038,-9.519346
1703068214,399725,0.174777,0.033519,-9.454702
1703068214,399741,0.222661,-0.007183,-9.543288
1703068214,399757,0.165200,0.069432,-9.473856
1703068214,399773,0.167594,-0.038307,-9.504981
1703068214,399790,0.232238,0.059855,-9.437943
1703068214,399808,0.196325,-0.033519,-9.485827
1703068214,399824,0.112527,0.083797,-9.516952
1703068214,399840,0.124498,0.026336,-9.538500
1703068214,399856,0.196325,0.067038,-9.459491
1703068214,399873,0.222661,0.057461,-9.504981
1703068214,399889,0.232238,0.016759,-9.500193
1703068214,399905,0.205901,-0.007183,-9.464279
1703068214,399921,0.165200,0.031125,-9.495404
1703068214,399937,0.117316,0.021548,-9.478644
1703068214,399953,0.186748,0.002394,-9.504981
1703068214,399969,0.220267,0.023942,-9.583989
1703068214,399988,0.172383,0.067038,-9.483433
1703068214,400004,0.146046,0.057461,-9.483433
1703068214,400020,0.189142,0.059855,-9.524135
1703068214,400036,0.160412,0.055067,-9.560047
1703068214,400052,0.153229,0.059855,-9.526528
1703068214,400068,0.160412,0.045490,-9.418790
1703068214,400085,0.153229,0.014365,-9.526528
1703068214,400101,0.181959,0.045490,-9.452309
1703068214,400117,0.227449,0.076614,-9.512163
1703068214,400133,0.146046,0.028730,-9.478644
1703068214,400149,0.208296,0.026336,-9.433155
1703068214,400168,0.227449,0.016759,-9.574412
1703068214,400184,0.172383,0.071826,-9.521740
1703068214,400200,0.160412,-0.011971,-9.466674
1703068214,400216,0.225055,0.023942,-9.476251
1703068214,400232,0.210690,0.023942,-9.461885
1703068214,400248,0.148441,0.016759,-9.445126
1703068214,400264,0.220267,0.000000,-9.440337
1703068214,400280,0.201113,0.079009,-9.466674
1703068214,400297,0.155623,0.064643,-9.540894
1703068214,400313,0.189142,0.007183,-9.598354
1703068214,400329,0.208296,0.076614,-9.550470
1703068215,400358,0.117316,0.011971,-9.521740
1703068215,400374,0.179565,0.040701,-9.528923
1703068215,400390,0.196325,0.062249,-9.409213
1703068215,400406,0.177171,0.033519,-9.461885
1703068215,400422,0.196325,0.033519,-9.481039
1703068215,400438,0.169988,0.011971,-9.497798
1703068215,400454,0.213084,-0.021548,-9.435549
1703068215,400470,0.172383,0.050278,-9.509769
1703068215,400486,0.141258,0.021548,-9.588778
1703068215,400502,0.210690,0.007183,-9.440337
1703068215,400518,0.215478,0.045490,-9.478644
1703068215,400536,0.141258,0.062249,-9.404425
1703068215,400553,0.177171,0.086191,-9.543288
1703068215,400569,0.167594,0.038307,-9.516952
1703068215,400585,0.148441,-0.019154,-9.531317
1703068215,400602,0.167594,-0.095768,-9.583989
1703068215,400618,0.138864,0.007183,-9.464279
1703068215,400634,0.174777,0.033519,-9.495404
1703068215,400651,0.119710,0.028730,-9.504981
1703068215,400667,0.263362,0.059855,-9.490616
1703068215,400683,0.201113,-0.040701,-9.447520
1703068215,400700,0.146046,0.033519,-9.454702
1703068215,400718,0.119710,0.011971,-9.483433
1703068215,400735,0.198719,-0.009577,-9.540894
1703068215,400751,0.162806,0.047884,-9.430760
1703068215,400768,0.191536,-0.011971,-9.574412
1703068215,400784,0.165200,-0.019154,-9.574412
1703068215,400800,0.201113,0.098162,-9.469068
1703068215,400817,0.210690,0.074220,-9.502586
1703068215,400833,0.148441,0.035913,-9.495404
1703068215,400849,0.167594,0.000000,-9.478644
1703068215,400866,0.217872,0.026336,-9.473856
1703068215,400882,0.210690,0.007183,-9.457097
1703068215,400901,0.191536,0.069432,-9.469068
1703068215,400917,0.122104,0.045490,-9.478644
1703068215,400934,0.177171,0.067038,-9.524135
1703068215,400950,0.196325,0.002394,-9.519346
1703068215,400967,0.174777,0.045490,-9.502586
1703068215,400983,0.150835,0.009577,-9.533711
1703068215,400999,0.210690,0.031125,-9.473856
1703068215,401016,0.186748,0.059855,-9.519346
1703068215,401032,0.153229,0.064643,-9.531317
1703068215,401049,0.198719,0.043096,-9.500193
1703068215,401065,0.229843,0.043096,-9.531317
1703068215,401084,0.241814,0.071826,-9.526528
1703068215,401100,0.153229,0.055067,-9.447520
1703068215,401117,0.198719,0.011971,-9.493010
1703068215,401133,0.150835,0.028730,-9.459491
1703068215,401149,0.225055,0.095768,-9.528923
1703068215,401166,0.215478,0.007183,-9.497798
1703068215,401182,0.174777,0.021548,-9.442732
1703068215,401199,0.244209,0.064643,-9.502586
1703068215,401215,0.167594,0.026336,-9.485827
1703068215,401231,0.210690,0.031125,-9.464279
1703068215,401248,0.215478,-0.009577,-9.493010
1703068215,401264,0.244209,-0.002394,-9.533711
1703068215,401283,0.205901,0.040701,-9.514558
1703068215,401299,0.158017,0.052672,-9.543288
1703068215,401316,0.186748,0.067038,-9.493010
1703068215,401332,0.172383,0.026336,-9.490616
1703068216,401349,0.210690,0.026336,-9.495404
1703068216,401365,0.181959,0.019154,-9.447520
1703068216,401381,0.181959,0.074220,-9.504981
1703068216,401398,0.217872,0.014365,-9.464279
1703068216,401414,0.198719,0.050278,-9.397242
1703068216,401431,0.119710,0.021548,-9.466674
1703068216,401447,0.186748,0.021548,-9.543288
1703068216,401466,0.201113,0.004788,-9.418790
1703068216,401482,0.229843,0.026336,-9.512163
1703068216,401499,0.217872,0.009577,-9.485827
1703068216,401515,0.158017,0.062249,-9.502586
1703068216,401532,0.150835,0.023942,-9.562442
1703068216,401548,0.186748,-0.014365,-9.476251
1703068216,401564,0.155623,-0.011971,-9.378088
1703068216,401581,0.203507,0.026336,-9.507375
1703068216,401597,0.138864,0.035913,-9.459491
1703068216,401613,0.191536,0.040701,-9.497798
1703068216,401630,0.165200,-0.002394,-9.457097
1703068216,401649,0.179565,0.002394,-9.478644
1703068216,401665,0.148441,0.019154,-9.483433
1703068216,401681,0.181959,0.052672,-9.380483
1703068216,401698,0.181959,0.067038,-9.485827
1703068216,401714,0.138864,0.050278,-9.459491
1703068216,401731,0.241814,-0.038307,-9.481039
1703068216,401747,0.205901,0.019154,-9.483433
1703068216,401763,0.162806,0.045490,-9.509769
1703068216,401780,0.169988,0.038307,-9.404425
1703068216,401796,0.143652,0.028730,-9.406818
1703068216,401813,0.158017,0.028730,-9.588778
1703068216,401831,0.093374,0.045490,-9.560047
1703068216,401848,0.239420,-0.033519,-9.572019
1703068216,401864,0.162806,-0.009577,-9.493010
1703068216,401880,0.196325,0.086191,-9.533711
1703068216,401897,0.134075,0.062249,-9.428367
1703068216,401913,0.129287,0.043096,-9.469068
1703068216,401929,0.229843,0.011971,-9.337387
1703068216,401946,0.181959,0.035913,-9.497798
1703068216,401962,0.198719,0.050278,-9.418790
1703068216,401978,0.208296,0.033519,-9.476251
1703068216,401995,0.162806,0.043096,-9.481039
1703068216,402021,0.174777,0.040701,-9.433155
1703068216,402038,0.201113,0.038307,-9.449914
1703068216,402054,0.208296,0.050278,-9.440337
1703068216,402070,0.174777,0.059855,-9.485827
1703068216,402086,0.160412,-0.016759,-9.476251
1703068216,402102,0.186748,0.023942,-9.562442
1703068216,402118,0.184354,0.009577,-9.500193
1703068216,402134,0.222661,0.071826,-9.564836
1703068216,402150,0.186748,0.035913,-9.440337
1703068216,402166,0.150835,-0.016759,-9.464279
1703068216,402182,0.189142,0.038307,-9.445126
1703068216,402201,0.150835,0.021548,-9.430760
1703068216,402217,0.169988,-0.004788,-9.552865
1703068216,402233,0.217872,-0.009577,-9.497798
1703068216,402249,0.198719,0.038307,-9.490616
1703068216,402265,0.189142,0.035913,-9.452309
1703068216,402281,0.225055,0.043096,-9.495404
1703068216,402297,0.117316,0.076614,-9.524135
1703068216,402313,0.225055,0.007183,-9.466674
1703068216,402329,0.203507,0.107739,-9.543288
1703068217,402346,0.189142,0.038307,-9.478644
1703068217,402362,0.160412,0.014365,-9.428367
1703068217,402380,0.220267,-0.002394,-9.524135
1703068217,402396,0.205901,0.057461,-9.562442
1703068217,402412,0.138864,0.047884,-9.473856
1703068217,402428,0.205901,-0.009577,-9.493010
1703068217,402445,0.220267,0.014365,-9.519346
1703068217,402461,0.162806,-0.011971,-9.619903
1703068217,402477,0.208296,0.043096,-9.454702
1703068217,402493,0.191536,0.019154,-9.399636
1703068217,402509,0.086191,0.040701,-9.490616
1703068217,402525,0.210690,0.016759,-9.504981
1703068217,402541,0.160412,0.035913,-9.433155
1703068217,402560,0.186748,0.076614,-9.526528
1703068217,402576,0.153229,0.079009,-9.435549
1703068217,402592,0.203507,-0.011971,-9.500193
1703068217,402608,0.167594,0.016759,-9.488221
1703068217,402624,0.126893,0.055067,-9.447520
1703068217,402640,0.172383,0.035913,-9.579201
1703068217,402656,0.220267,0.028730,-9.521740
1703068217,402672,0.205901,-0.014365,-9.406818
1703068217,402688,0.210690,-0.040701,-9.493010
1703068217,402705,0.227449,0.057461,-9.504981
1703068217,402721,0.167594,0.043096,-9.502586
1703068217,402739,0.225055,0.026336,-9.404425
1703068217,402755,0.193930,0.038307,-9.524135
1703068217,402771,0.217872,0.011971,-9.490616
1703068217,402787,0.222661,0.071826,-9.521740
1703068217,402804,0.201113,-0.002394,-9.560047
1703068217,402820,0.203507,0.019154,-9.493010
1703068217,402836,0.222661,0.023942,-9.536105
1703068217,402852,0.196325,0.014365,-9.459491
1703068217,402868,0.169988,0.059855,-9.495404
1703068217,402884,0.134075,0.050278,-9.493010
1703068217,402900,0.189142,0.055067,-9.433155
1703068217,402919,0.174777,0.093374,-9.461885
1703068217,402935,0.193930,0.088585,-9.433155
1703068217,402951,0.136469,0.079009,-9.497798
1703068217,402967,0.198719,0.047884,-9.504981
1703068217,402983,0.150835,0.083797,-9.449914
1703068217,402999,0.174777,0.086191,-9.552865
1703068217,403016,0.272939,0.064643,-9.497798
1703068217,403032,0.158017,0.026336,-9.485827
1703068217,403048,0.213084,0.026336,-9.485827
1703068217,403064,0.201113,0.086191,-9.516952
1703068217,403080,0.227449,0.009577,-9.402030
1703068217,403096,0.169988,-0.019154,-9.586384
1703068217,403111,0.265756,0.081403,-9.509769
1703068217,403127,0.162806,0.040701,-9.416395
1703068217,403143,0.155623,0.038307,-9.588778
1703068217,403159,0.234632,0.047884,-9.526528
1703068217,403176,0.174777,0.011971,-9.502586
1703068217,403192,0.131681,0.105345,-9.619903
1703068217,403208,0.153229,0.052672,-9.528923
1703068217,403224,0.158017,0.033519,-9.507375
1703068217,403240,0.205901,0.016759,-9.469068
1703068217,403256,0.177171,0.009577,-9.495404
1703068217,403272,0.181959,0.009577,-9.629479
1703068217,403291,0.167594,0.023942,-9.488221
1703068217,403307,0.174777,0.052672,-9.536105
1703068217,403323,0.167594,0.007183,-9.449914
1703068218,403339,0.169988,0.028730,-9.581595
1703068218,403355,0.165200,0.028730,-9.464279
1703068218,403371,0.210690,0.055067,-9.483433
1703068218,403387,0.160412,0.043096,-9.512163
1703068218,403403,0.174777,0.016759,-9.437943
1703068218,403419,0.232238,0.083797,-9.433155
1703068218,403435,0.237026,0.122104,-9.457097
1703068218,403451,0.186748,0.031125,-9.445126
1703068218,403469,0.201113,-0.004788,-9.507375
1703068218,403486,0.138864,0.007183,-9.411607
1703068218,403502,0.165200,0.064643,-9.481039
1703068218,403518,0.232238,0.047884,-9.411607
1703068218,403535,0.114922,0.047884,-9.478644
1703068218,403551,0.191536,-0.011971,-9.579201
1703068218,403567,0.234632,0.023942,-9.567230
1703068218,403584,0.213084,0.067038,-9.495404
1703068218,403600,0.225055,-0.011971,-9.469068
1703068218,403616,0.193930,0.038307,-9.493010
1703068218,403633,0.169988,0.002394,-9.459491
1703068218,403651,0.179565,0.009577,-9.519346
1703068218,403668,0.205901,0.031125,-9.464279
1703068218,403684,0.165200,0.021548,-9.473856
1703068218,403701,0.210690,0.059855,-9.500193
1703068218,403717,0.169988,0.079009,-9.509769
1703068218,403733,0.162806,0.031125,-9.528923
1703068218,403750,0.184354,0.050278,-9.500193
1703068218,403766,0.196325,0.038307,-9.572019
1703068218,403782,0.208296,0.100556,-9.545682
1703068218,403799,0.222661,0.009577,-9.459491
1703068218,403815,0.189142,-0.014365,-9.495404
1703068218,403834,0.160412,0.028730,-9.514558
1703068218,403850,0.213084,0.071826,-9.387665
1703068218,403867,0.169988,0.047884,-9.521740
1703068218,403883,0.167594,0.067038,-9.478644
1703068218,403900,0.220267,0.043096,-9.497798
1703068218,403916,0.222661,0.035913,-9.481039
1703068218,403932,0.208296,-0.021548,-9.461885
1703068218,403949,0.220267,0.014365,-9.495404
1703068218,403965,0.189142,0.035913,-9.512163
1703068218,403982,0.213084,0.021548,-9.469068
1703068218,403998,0.165200,0.009577,-9.574412
1703068218,404017,0.160412,-0.007183,-9.543288
1703068218,404033,0.241814,0.033519,-9.421184
1703068218,404050,0.201113,0.050278,-9.502586
1703068218,404066,0.203507,0.055067,-9.516952
1703068218,404082,0.179565,0.062249,-9.552865
1703068218,404099,0.169988,0.011971,-9.454702
1703068218,404115,0.227449,0.050278,-9.473856
1703068218,404132,0.179565,0.043096,-9.483433
1703068218,404148,0.203507,0.045490,-9.449914
1703068218,404164,0.169988,0.045490,-9.485827
1703068218,404181,0.153229,0.002394,-9.504981
1703068218,404200,0.198719,-0.031125,-9.440337
1703068218,404216,0.239420,0.021548,-9.483433
1703068218,404232,0.162806,-0.033519,-9.435549
1703068218,404249,0.177171,0.079009,-9.562442
1703068218,404265,0.184354,0.057461,-9.524135
1703068218,404281,0.165200,0.021548,-9.497798
1703068218,404298,0.232238,0.064643,-9.459491
1703068218,404314,0.203507,0.055067,-9.476251
1703068218,404331,0.189142,0.052672,-9.478644
1703068219,404347,0.208296,0.047884,-9.464279
1703068219,404363,0.205901,0.000000,-9.452309
1703068219,404382,0.220267,0.052672,-9.504981
1703068219,404399,0.124498,-0.011971,-9.459491
1703068219,404415,0.129287,0.045490,-9.392453
1703068219,404432,0.181959,0.014365,-9.433155
1703068219,404448,0.138864,0.090980,-9.466674
1703068219,404464,0.162806,0.031125,-9.516952
1703068219,404481,0.165200,0.007183,-9.430760
1703068219,404497,0.205901,0.002394,-9.457097
1703068219,404514,0.150835,0.057461,-9.461885
1703068219,404530,0.222661,0.038307,-9.411607
1703068219,404546,0.203507,0.026336,-9.428367
1703068219,404565,0.177171,0.016759,-9.457097
1703068219,404582,0.172383,0.040701,-9.583989
1703068219,404598,0.229843,0.035913,-9.411607
1703068219,404614,0.246603,0.014365,-9.536105
1703068219,404631,0.232238,0.093374,-9.533711
1703068219,404647,0.186748,0.023942,-9.581595
1703068219,404664,0.167594,-0.009577,-9.574412
1703068219,404680,0.167594,0.045490,-9.449914
1703068219,404696,0.181959,0.021548,-9.464279
1703068219,404713,0.172383,0.050278,-9.488221
1703068219,404729,0.122104,0.067038,-9.543288
1703068219,404748,0.205901,0.074220,-9.524135
1703068219,404764,0.167594,-0.009577,-9.442732
1703068219,404781,0.258574,0.105345,-9.531317
1703068219,404797,0.201113,0.031125,-9.464279
1703068219,404813,0.208296,0.014365,-9.562442
1703068219,404830,0.153229,0.050278,-9.500193
1703068219,404846,0.186748,0.023942,-9.437943
1703068219,404862,0.174777,0.026336,-9.447520
1703068219,404879,0.153229,0.011971,-9.454702
1703068219,404895,0.179565,-0.014365,-9.500193
1703068219,404911,0.143652,-0.040701,-9.516952
1703068219,404927,0.203507,0.067038,-9.564836
1703068219,404950,0.131681,0.067038,-9.485827
1703068219,404967,0.184354,0.090980,-9.519346
1703068219,404983,0.201113,0.088585,-9.557653
1703068219,404999,0.167594,0.004788,-9.502586
1703068219,405015,0.105345,0.011971,-9.354146
1703068219,405031,0.253785,0.079009,-9.533711
1703068219,405047,0.141258,0.031125,-9.459491
1703068219,405063,0.177171,0.043096,-9.459491
1703068219,405079,0.150835,0.016759,-9.428367
1703068219,405095,0.148441,0.050278,-9.447520
1703068219,405111,0.184354,0.045490,-9.430760
1703068219,405130,0.181959,0.035913,-9.591172
1703068219,405146,0.181959,0.002394,-9.442732
1703068219,405162,0.225055,0.023942,-9.493010
1703068219,405178,0.179565,0.021548,-9.476251
1703068219,405194,0.203507,0.033519,-9.557653
1703068219,405210,0.198719,-0.007183,-9.483433
1703068219,405226,0.167594,0.050278,-9.497798
1703068219,405242,0.205901,0.038307,-9.485827
1703068219,405259,0.246603,-0.007183,-9.404425
1703068219,405275,0.186748,0.016759,-9.433155
1703068219,405291,0.193930,0.050278,-9.531317
1703068219,405309,0.177171,0.023942,-9.471462
1703068219,405325,0.179565,0.052672,-9.560047
1703068220,405341,0.162806,0.035913,-9.418790
1703068220,405358,0.193930,0.004788,-9.493010
1703068220,405374,0.208296,-0.028730,-9.409213
1703068220,405390,0.201113,0.038307,-9.481039
1703068220,405406,0.227449,-0.033519,-9.543288
1703068220,405422,0.186748,0.043096,-9.445126
1703068220,405438,0.222661,0.021548,-9.469068
1703068220,405454,0.225055,0.035913,-9.485827
1703068220,405470,0.162806,0.055067,-9.543288
1703068220,405489,0.237026,0.064643,-9.595961
1703068220,405505,0.198719,-0.002394,-9.454702
1703068220,405521,0.184354,0.055067,-9.435549
1703068220,405537,0.193930,0.064643,-9.536105
1703068220,405553,0.150835,0.043096,-9.471462
1703068220,405569,0.174777,0.040701,-9.595961
1703068220,405585,0.181959,0.019154,-9.533711
1703068220,405602,0.196325,0.057461,-9.598354
1703068220,405618,0.131681,0.050278,-9.552865
1703068220,405634,0.232238,0.028730,-9.548077
1703068220,405650,0.155623,0.045490,-9.521740
1703068220,405668,0.138864,0.040701,-9.469068
1703068220,405684,0.158017,0.050278,-9.552865
1703068220,405701,0.205901,0.021548,-9.483433
1703068220,405717,0.210690,0.021548,-9.404425
1703068220,405733,0.169988,0.007183,-9.531317
1703068220,405749,0.146046,0.047884,-9.555259
1703068220,405765,0.232238,0.050278,-9.406818
1703068220,405781,0.160412,0.057461,-9.536105
1703068220,405797,0.198719,0.047884,-9.586384
1703068220,405813,0.213084,0.079009,-9.543288
1703068220,405830,0.165200,0.045490,-9.545682
1703068220,405848,0.193930,-0.004788,-9.504981
1703068220,405864,0.196325,0.014365,-9.536105
1703068220,405880,0.181959,-0.004788,-9.473856
1703068220,405896,0.172383,0.067038,-9.497798
1703068220,405913,0.225055,0.009577,-9.449914
1703068220,405929,0.174777,0.114922,-9.423578
1703068220,405945,0.191536,0.050278,-9.459491
1703068220,405961,0.143652,0.016759,-9.392453
1703068220,405977,0.205901,0.031125,-9.600749
1703068220,405993,0.155623,0.014365,-9.421184
1703068220,406009,0.193930,0.007183,-9.418790
1703068220,406028,0.189142,0.011971,-9.519346
1703068220,406044,0.181959,0.040701,-9.452309
1703068220,406060,0.239420,0.035913,-9.478644
1703068220,406076,0.268151,0.026336,-9.423578
1703068220,406092,0.167594,0.055067,-9.418790
1703068220,406108,0.167594,0.081403,-9.476251
1703068220,406124,0.179565,0.050278,-9.435549
1703068220,406141,0.246603,-0.040701,-9.473856
1703068220,406157,0.203507,0.009577,-9.485827
1703068220,406173,0.208296,0.023942,-9.507375
1703068220,406189,0.193930,0.019154,-9.560047
1703068220,406207,0.181959,0.040701,-9.442732
1703068220,406223,0.122104,0.016759,-9.543288
1703068220,406239,0.217872,0.064643,-9.512163
1703068220,406255,0.174777,0.014365,-9.504981
1703068220,406271,0.213084,-0.021548,-9.550470
1703068220,406287,0.191536,0.059855,-9.516952
1703068220,406303,0.241814,0.047884,-9.493010
1703068220,406320,0.186748,0.007183,-9.548077
1703068220,406336,0.167594,0.011971,-9.514558
1703068221,406352,0.229843,0.023942,-9.466674
1703068221,406368,0.289698,0.040701,-9.512163
1703068221,406386,0.165200,0.009577,-9.437943
1703068221,406402,0.239420,0.021548,-9.490616
1703068221,406419,0.193930,0.052672,-9.521740
1703068221,406435,0.181959,0.016759,-9.493010
1703068221,406451,0.184354,0.016759,-9.516952
1703068221,406468,0.174777,0.064643,-9.560047
1703068221,406484,0.203507,0.021548,-9.490616
1703068221,406500,0.167594,0.011971,-9.471462
1703068221,406517,0.191536,0.028730,-9.390059
1703068221,406533,0.169988,0.052672,-9.433155
1703068221,406549,0.146046,0.016759,-9.488221
1703068221,406568,0.201113,0.002394,-9.521740
1703068221,406584,0.160412,0.033519,-9.519346
1703068221,406601,0.225055,0.019154,-9.495404
1703068221,406617,0.158017,0.014365,-9.516952
1703068221,406634,0.167594,-0.007183,-9.550470
1703068221,406650,0.138864,0.062249,-9.526528
1703068221,406666,0.181959,-0.035913,-9.612720
1703068221,406683,0.167594,0.021548,-9.576807
1703068221,406699,0.234632,-0.004788,-9.411607
1703068221,406716,0.181959,0.026336,-9.555259
1703068221,406732,0.172383,0.062249,-9.464279
1703068221,406748,0.217872,0.090980,-9.555259
1703068221,406767,0.172383,0.033519,-9.548077
1703068221,406784,0.189142,0.014365,-9.576807
1703068221,406800,0.205901,0.019154,-9.390059
1703068221,406816,0.126893,0.105345,-9.442732
1703068221,406833,0.177171,0.045490,-9.457097
1703068221,406849,0.196325,0.047884,-9.382876
1703068221,406866,0.193930,0.059855,-9.521740
1703068221,406882,0.222661,0.047884,-9.500193
1703068221,406898,0.153229,0.035913,-9.502586
1703068221,406915,0.165200,0.038307,-9.476251
1703068221,406931,0.169988,0.045490,-9.588778
1703068221,406950,0.196325,0.045490,-9.414001
1703068221,406966,0.174777,0.002394,-9.485827
1703068221,406983,0.222661,0.047884,-9.454702
1703068221,406999,0.201113,-0.023942,-9.528923
1703068221,407016,0.253785,0.050278,-9.572019
1703068221,407032,0.220267,0.047884,-9.493010
1703068221,407048,0.201113,0.043096,-9.454702
1703068221,407065,0.220267,0.102951,-9.445126
1703068221,407081,0.155623,0.002394,-9.464279
1703068221,407097,0.124498,0.023942,-9.493010
1703068221,407114,0.153229,0.004788,-9.433155
1703068221,407133,0.205901,0.014365,-9.430760
1703068221,407149,0.246603,0.045490,-9.454702
1703068221,407165,0.169988,0.076614,-9.433155
1703068221,407182,0.217872,0.007183,-9.495404
1703068221,407198,0.177171,0.004788,-9.536105
1703068221,407215,0.172383,0.043096,-9.485827
1703068221,407231,0.201113,0.033519,-9.473856
1703068221,407247,0.213084,0.043096,-9.447520
1703068221,407264,0.160412,0.014365,-9.536105
1703068221,407280,0.131681,0.033519,-9.447520
1703068221,407297,0.205901,0.035913,-9.500193
1703068221,407315,0.225055,-0.028730,-9.495404
1703068221,407332,0.162806,0.093374,-9.473856
1703068222,407348,0.177171,-0.011971,-9.495404
1703068222,407365,0.117316,-0.023942,-9.476251
1703068222,407381,0.239420,0.040701,-9.421184
1703068222,407398,0.191536,-0.014365,-9.512163
1703068222,407414,0.181959,0.026336,-9.516952
1703068222,407430,0.198719,0.033519,-9.512163
1703068222,407447,0.143652,0.014365,-9.447520
1703068222,407463,0.172383,0.071826,-9.569624
1703068222,407480,0.184354,0.011971,-9.464279
1703068222,407498,0.158017,0.035913,-9.452309
1703068222,407515,0.146046,0.026336,-9.504981
1703068222,407531,0.141258,0.057461,-9.406818
1703068222,407548,0.189142,0.004788,-9.452309
1703068222,407564,0.241814,0.021548,-9.485827
1703068222,407580,0.150835,0.019154,-9.526528
1703068222,407597,0.150835,0.033519,-9.521740
1703068222,407613,0.098162,-0.028730,-9.538500
1703068222,407630,0.177171,0.023942,-9.538500
1703068222,407646,0.167594,0.074220,-9.512163
1703068222,407662,0.179565,0.047884,-9.507375
1703068222,407681,0.205901,0.079009,-9.612720
1703068222,407697,0.220267,-0.028730,-9.421184
1703068222,407714,0.232238,0.069432,-9.457097
1703068222,407730,0.179565,0.009577,-9.485827
1703068222,407746,0.217872,0.031125,-9.442732
1703068222,407763,0.148441,0.057461,-9.399636
1703068222,407779,0.169988,0.014365,-9.516952
1703068222,407795,0.244209,0.026336,-9.483433
1703068222,407812,0.189142,-0.038307,-9.493010
1703068222,407828,0.181959,0.043096,-9.548077
1703068222,407844,0.172383,0.047884,-9.591172
1703068222,407871,0.213084,0.100556,-9.461885
1703068222,407888,0.167594,0.035913,-9.368511
1703068222,407904,0.102951,0.040701,-9.457097
1703068222,407920,0.177171,0.028730,-9.488221
1703068222,407936,0.181959,0.043096,-9.560047
1703068222,407952,0.246603,0.033519,-9.459491
1703068222,407968,0.232238,-0.004788,-9.507375
1703068222,407984,0.196325,-0.007183,-9.536105
1703068222,408000,0.167594,0.026336,-9.485827
1703068222,408016,0.184354,0.059855,-9.447520
1703068222,408032,0.160412,0.079009,-9.464279
1703068222,408050,0.208296,0.035913,-9.552865
1703068222,408066,0.172383,0.021548,-9.447520
1703068222,408083,0.129287,0.028730,-9.430760
1703068222,408099,0.193930,0.016759,-9.519346
1703068222,408115,0.225055,0.057461,-9.497798
1703068222,408131,0.172383,0.057461,-9.452309
1703068222,408147,0.203507,-0.026336,-9.495404
1703068222,408163,0.239420,-0.004788,-9.485827
1703068222,408179,0.181959,-0.014365,-9.488221
1703068222,408195,0.203507,0.026336,-9.514558
1703068222,408211,0.181959,0.083797,-9.504981
1703068222,408230,0.141258,-0.028730,-9.428367
1703068222,408246,0.186748,-0.043096,-9.512163
1703068222,408262,0.222661,0.002394,-9.469068
1703068222,408278,0.184354,0.028730,-9.500193
1703068222,408294,0.189142,-0.021548,-9.521740
1703068222,408310,0.129287,0.011971,-9.493010
1703068222,408327,0.162806,0.031125,-9.385271
1703068223,408343,0.213084,0.079009,-9.457097
1703068223,408359,0.186748,0.038307,-9.497798
1703068223,408375,0.160412,0.043096,-9.514558
1703068223,408391,0.193930,-0.002394,-9.502586
1703068223,408409,0.179565,0.088585,-9.543288
1703068223,408426,0.205901,-0.026336,-9.457097
1703068223,408442,0.177171,-0.007183,-9.490616
1703068223,408458,0.172383,-0.009577,-9.469068
1703068223,408474,0.244209,0.031125,-9.533711
1703068223,408490,0.167594,-0.004788,-9.552865
1703068223,408506,0.162806,0.004788,-9.488221
1703068223,408522,0.222661,-0.009577,-9.533711
1703068223,408538,0.203507,-0.014365,-9.481039
1703068223,408555,0.160412,0.033519,-9.524135
1703068223,408571,0.225055,0.026336,-9.490616
1703068223,408589,0.174777,0.021548,-9.454702
1703068223,408605,0.246603,-0.023942,-9.457097
1703068223,408621,0.189142,0.057461,-9.524135
1703068223,408637,0.189142,0.031125,-9.435549
1703068223,408654,0.124498,0.035913,-9.485827
1703068223,408670,0.162806,0.074220,-9.452309
1703068223,408686,0.205901,0.035913,-9.495404
1703068223,408702,0.208296,0.023942,-9.469068
1703068223,408718,0.215478,0.021548,-9.414001
1703068223,408734,0.232238,0.031125,-9.445126
1703068223,408750,0.126893,-0.028730,-9.612720
1703068223,408769,0.198719,0.086191,-9.528923
1703068223,408785,0.191536,0.016759,-9.461885
1703068223,408801,0.191536,0.074220,-9.514558
1703068223,408817,0.119710,-0.016759,-9.524135
1703068223,408833,0.146046,0.031125,-9.445126
1703068223,408850,0.237026,0.055067,-9.569624
1703068223,408866,0.179565,0.031125,-9.442732
1703068223,408882,0.167594,0.069432,-9.526528
1703068223,408898,0.169988,0.088585,-9.440337
1703068223,408914,0.141258,-0.019154,-9.485827
1703068223,408930,0.174777,0.043096,-9.425972
1703068223,408946,0.126893,0.002394,-9.435549
1703068223,408965,0.203507,0.031125,-9.521740
1703068223,408981,0.102951,0.028730,-9.485827
1703068223,408997,0.215478,0.023942,-9.504981
1703068223,409013,0.181959,0.105345,-9.497798
1703068223,409040,0.213084,0.026336,-9.493010
1703068223,409056,0.225055,0.035913,-9.557653
1703068223,409072,0.160412,0.021548,-9.526528
1703068223,409088,0.213084,0.002394,-9.512163
1703068223,409104,0.148441,-0.040701,-9.473856
1703068223,409120,0.201113,-0.007183,-9.469068
1703068223,409136,0.129287,0.011971,-9.464279
1703068223,409155,0.193930,0.045490,-9.552865
1703068223,409171,0.165200,-0.035913,-9.442732
1703068223,409187,0.217872,0.031125,-9.519346
1703068223,409203,0.217872,0.079009,-9.495404
1703068223,409219,0.189142,0.062249,-9.459491
1703068223,409235,0.153229,0.040701,-9.528923
1703068223,409251,0.179565,0.052672,-9.519346
1703068223,409267,0.244209,0.071826,-9.435549
1703068223,409283,0.184354,0.000000,-9.440337
1703068223,409299,0.186748,0.023942,-9.476251
1703068223,409315,0.181959,0.052672,-9.452309
1703068223,409333,0.213084,-0.009577,-9.519346
1703068224,409350,0.160412,-0.009577,-9.485827
1703068224,409366,0.181959,0.004788,-9.449914
1703068224,409382,0.196325,-0.002394,-9.524135
1703068224,409399,0.213084,0.045490,-9.402030
1703068224,409415,0.186748,0.086191,-9.464279
1703068224,409432,0.162806,0.038307,-9.464279
1703068224,409448,0.198719,0.004788,-9.454702
1703068224,409464,0.220267,0.047884,-9.447520
1703068224,409480,0.189142,0.031125,-9.485827
1703068224,409497,0.208296,-0.023942,-9.447520
1703068224,409516,0.251391,0.062249,-9.512163
1703068224,409532,0.186748,0.035913,-9.466674
1703068224,409548,0.201113,0.038307,-9.576807
1703068224,409565,0.213084,0.023942,-9.564836
1703068224,409581,0.172383,0.026336,-9.543288
1703068224,409597,0.155623,0.043096,-9.459491
1703068224,409614,0.203507,0.031125,-9.469068
1703068224,409630,0.179565,0.055067,-9.409213
1703068224,409647,0.167594,0.052672,-9.478644
1703068224,409663,0.237026,0.002394,-9.385271
1703068224,409679,0.150835,0.000000,-9.485827
1703068224,409698,0.162806,0.107739,-9.483433
1703068224,409715,0.143652,0.016759,-9.430760
1703068224,409731,0.136469,0.011971,-9.466674
1703068224,409747,0.172383,0.052672,-9.548077
1703068224,409764,0.155623,0.002394,-9.555259
1703068224,409780,0.251391,0.100556,-9.533711
1703068224,409797,0.136469,0.047884,-9.440337
1703068224,409813,0.174777,0.009577,-9.488221
1703068224,409829,0.251391,0.081403,-9.488221
1703068224,409846,0.213084,0.023942,-9.500193
1703068224,409862,0.162806,0.014365,-9.473856
1703068224,409881,0.191536,0.057461,-9.445126
1703068224,409897,0.131681,0.016759,-9.481039
1703068224,409914,0.222661,0.090980,-9.469068
1703068224,409930,0.220267,0.069432,-9.519346
1703068224,409947,0.196325,0.000000,-9.488221
1703068224,409963,0.134075,0.038307,-9.607931
1703068224,409979,0.150835,0.016759,-9.387665
1703068224,409996,0.158017,0.047884,-9.445126
1703068224,410012,0.169988,0.052672,-9.469068
1703068224,410029,0.205901,0.045490,-9.531317
1703068224,410045,0.076614,0.117316,-9.504981
1703068224,410064,0.191536,-0.026336,-9.440337
1703068224,410080,0.210690,0.011971,-9.507375
1703068224,410097,0.225055,0.062249,-9.495404
1703068224,410113,0.148441,-0.016759,-9.437943
1703068224,410129,0.153229,0.057461,-9.481039
1703068224,410146,0.124498,0.045490,-9.428367
1703068224,410162,0.198719,0.098162,-9.521740
1703068224,410179,0.150835,0.064643,-9.504981
1703068224,410195,0.186748,0.040701,-9.390059
1703068224,410211,0.203507,0.028730,-9.476251
1703068224,410228,0.184354,0.002394,-9.471462
1703068224,410247,0.189142,0.040701,-9.536105
1703068224,410263,0.138864,0.031125,-9.437943
1703068224,410279,0.193930,-0.011971,-9.397242
1703068224,410296,0.162806,0.045490,-9.576807
1703068224,410312,0.210690,0.052672,-9.473856
1703068224,410329,0.126893,-0.026336,-9.521740
1703068225,410345,0.162806,0.043096,-9.414001
1703068225,410361,0.191536,0.047884,-9.485827
1703068225,410378,0.203507,0.004788,-9.488221
1703068225,410394,0.131681,0.014365,-9.552865
1703068225,410411,0.179565,0.028730,-9.545682
1703068225,410430,0.215478,0.026336,-9.521740
1703068225,410446,0.098162,0.088585,-9.404425
1703068225,410462,0.237026,0.031125,-9.394848
1703068225,410479,0.169988,0.045490,-9.466674
1703068225,410495,0.220267,0.055067,-9.493010
1703068225,410511,0.169988,0.079009,-9.476251
1703068225,410528,0.193930,-0.028730,-9.490616
1703068225,410544,0.167594,0.050278,-9.507375
1703068225,410561,0.177171,0.069432,-9.466674
1703068225,410577,0.160412,0.059855,-9.500193
1703068225,410593,0.174777,0.033519,-9.385271
1703068225,410612,0.217872,0.052672,-9.476251
1703068225,410629,0.158017,0.069432,-9.536105
1703068225,410645,0.141258,0.045490,-9.485827
1703068225,410661,0.162806,0.086191,-9.442732
1703068225,410678,0.141258,0.038307,-9.433155
1703068225,410694,0.186748,0.028730,-9.457097
1703068225,410710,0.198719,0.016759,-9.615114
1703068225,410727,0.191536,0.052672,-9.514558
1703068225,410743,0.150835,0.050278,-9.490616
1703068225,410759,0.141258,0.016759,-9.521740
1703068225,410776,0.179565,0.014365,-9.504981
1703068225,410792,0.158017,0.050278,-9.488221
1703068225,410818,0.251391,0.031125,-9.545682
1703068225,410835,0.189142,0.040701,-9.540894
1703068225,410851,0.191536,-0.019154,-9.461885
1703068225,410867,0.203507,0.064643,-9.490616
1703068225,410883,0.201113,-0.004788,-9.402030
1703068225,410899,0.193930,0.031125,-9.449914
1703068225,410915,0.191536,0.057461,-9.588778
1703068225,410931,0.189142,0.026336,-9.390059
1703068225,410947,0.189142,0.014365,-9.478644
1703068225,410964,0.198719,0.057461,-9.380483
1703068225,410980,0.136469,0.038307,-9.452309
1703068225,410998,0.201113,0.043096,-9.524135
1703068225,411014,0.193930,0.081403,-9.500193
1703068225,411030,0.217872,-0.009577,-9.528923
1703068225,411046,0.189142,0.000000,-9.442732
1703068225,411062,0.138864,0.064643,-9.507375
1703068225,411078,0.193930,0.011971,-9.423578
1703068225,411095,0.155623,0.023942,-9.595961
1703068225,411111,0.172383,0.062249,-9.440337
1703068225,411127,0.205901,0.035913,-9.536105
1703068225,411143,0.169988,-0.033519,-9.425972
1703068225,411159,0.158017,0.035913,-9.524135
1703068225,411177,0.107739,0.031125,-9.521740
1703068225,411193,0.167594,0.019154,-9.581595
1703068225,411210,0.181959,-0.028730,-9.569624
1703068225,411226,0.136469,0.057461,-9.481039
1703068225,411242,0.141258,-0.011971,-9.481039
1703068225,411258,0.136469,0.035913,-9.464279
1703068225,411274,0.220267,0.031125,-9.516952
1703068225,411290,0.184354,0.023942,-9.509769
1703068225,411306,0.227449,-0.028730,-9.583989
1703068225,411322,0.174777,0.026336,-9.500193
1703068226,411338,0.210690,0.043096,-9.540894
1703068226,411357,0.155623,0.055067,-9.507375
1703068226,411373,0.237026,0.028730,-9.579201
1703068226,411389,0.196325,-0.002394,-9.509769
1703068226,411405,0.251391,0.019154,-9.442732
1703068226,411421,0.215478,0.045490,-9.394848
1703068226,411437,0.196325,-0.009577,-9.430760
1703068226,411454,0.158017,0.019154,-9.464279
1703068226,411470,0.174777,0.071826,-9.500193
1703068226,411486,0.198719,0.021548,-9.562442
1703068226,411502,0.213084,0.021548,-9.514558
1703068226,411518,0.196325,0.064643,-9.545682
1703068226,411536,0.181959,0.069432,-9.397242
1703068226,411553,0.169988,0.043096,-9.382876
1703068226,411569,0.153229,0.016759,-9.564836
1703068226,411585,0.162806,0.016759,-9.497798
1703068226,411601,0.174777,0.007183,-9.457097
1703068226,411617,0.143652,0.004788,-9.452309
1703068226,411633,0.201113,0.004788,-9.481039
1703068226,411649,0.167594,0.028730,-9.497798
1703068226,411666,0.201113,0.069432,-9.452309
1703068226,411682,0.179565,0.055067,-9.495404
1703068226,411698,0.201113,0.002394,-9.485827
1703068226,411716,0.263362,0.000000,-9.478644
1703068226,411732,0.225055,0.023942,-9.531317
1703068226,411748,0.246603,0.038307,-9.512163
1703068226,411765,0.169988,0.050278,-9.531317
1703068226,411781,0.210690,0.011971,-9.473856
1703068226,411797,0.217872,0.026336,-9.514558
1703068226,411813,0.220267,-0.011971,-9.500193
1703068226,411829,0.210690,0.014365,-9.514558
1703068226,411845,0.174777,0.045490,-9.562442
1703068226,411861,0.227449,0.004788,-9.531317
1703068226,411878,0.158017,0.026336,-9.416395
1703068226,411896,0.167594,0.059855,-9.481039
1703068226,411912,0.234632,0.047884,-9.572019
1703068226,411929,0.167594,0.050278,-9.497798
1703068226,411945,0.237026,0.076614,-9.476251
1703068226,411961,0.148441,0.062249,-9.425972
1703068226,411977,0.196325,-0.004788,-9.521740
1703068226,411993,0.177171,0.059855,-9.481039
1703068226,412009,0.150835,0.071826,-9.483433
1703068226,412025,0.174777,0.007183,-9.488221
1703068226,412041,0.193930,0.059855,-9.557653
1703068226,412057,0.201113,0.071826,-9.528923
1703068226,412075,0.203507,0.009577,-9.588778
1703068226,412091,0.167594,0.016759,-9.385271
1703068226,412108,0.208296,0.050278,-9.526528
1703068226,412124,0.186748,0.023942,-9.454702
1703068226,412140,0.189142,0.023942,-9.562442
1703068226,412156,0.210690,0.045490,-9.394848
1703068226,412172,0.122104,0.050278,-9.437943
1703068226,412188,0.136469,0.031125,-9.516952
1703068226,412204,0.136469,0.033519,-9.425972
1703068226,412220,0.217872,0.038307,-9.600749
1703068226,412236,0.208296,0.035913,-9.459491
1703068226,412254,0.114922,0.031125,-9.447520
1703068226,412270,0.158017,-0.002394,-9.411607
1703068226,412287,0.189142,0.057461,-9.425972
1703068226,412303,0.172383,0.011971,-9.557653
1703068226,412319,0.208296,0.009577,-9.567230
1703068226,412336,0.258574,0.055067,-9.560047
1703068227,412352,0.225055,0.083797,-9.533711
1703068227,412368,0.131681,0.043096,-9.473856
1703068227,412385,0.205901,-0.004788,-9.488221
1703068227,412401,0.172383,0.040701,-9.516952
1703068227,412418,0.169988,0.038307,-9.521740
1703068227,412436,0.186748,0.050278,-9.476251
1703068227,412453,0.201113,-0.014365,-9.490616
1703068227,412469,0.174777,0.083797,-9.507375
1703068227,412486,0.158017,0.028730,-9.521740
1703068227,412502,0.186748,0.031125,-9.502586
1703068227,412518,0.201113,0.004788,-9.507375
1703068227,412535,0.153229,0.031125,-9.473856
1703068227,412551,0.208296,0.033519,-9.543288
1703068227,412568,0.098162,0.011971,-9.598354
1703068227,412584,0.198719,0.038307,-9.500193
1703068227,412600,0.167594,0.059855,-9.433155
1703068227,412617,0.234632,0.040701,-9.433155
1703068227,412636,0.220267,-0.002394,-9.519346
1703068227,412652,0.198719,0.035913,-9.514558
1703068227,412668,0.172383,0.112527,-9.440337
1703068227,412685,0.155623,0.074220,-9.512163
1703068227,412701,0.198719,0.043096,-9.421184
1703068227,412717,0.248997,0.057461,-9.526528
1703068227,412734,0.203507,0.059855,-9.516952
1703068227,412750,0.160412,0.019154,-9.449914
1703068227,412767,0.205901,-0.009577,-9.543288
1703068227,412783,0.090980,0.052672,-9.536105
1703068227,412799,0.193930,0.026336,-9.435549
1703068227,412818,0.191536,-0.009577,-9.514558
1703068227,412835,0.179565,0.045490,-9.459491
1703068227,412851,0.172383,0.047884,-9.504981
1703068227,412867,0.105345,0.038307,-9.488221
1703068227,412884,0.239420,0.038307,-9.404425
1703068227,412900,0.198719,-0.004788,-9.507375
1703068227,412917,0.162806,0.021548,-9.507375
1703068227,412933,0.177171,0.059855,-9.543288
1703068227,412949,0.237026,0.023942,-9.402030
1703068227,412966,0.198719,0.016759,-9.588778
1703068227,412982,0.201113,0.014365,-9.449914
1703068227,413001,0.203507,0.050278,-9.469068
1703068227,413017,0.129287,-0.016759,-9.447520
1703068227,413034,0.193930,0.047884,-9.423578
1703068227,413050,0.191536,0.011971,-9.514558
1703068227,413067,0.186748,0.040701,-9.473856
1703068227,413083,0.225055,-0.002394,-9.567230
1703068227,413099,0.181959,0.067038,-9.509769
1703068227,413116,0.193930,0.014365,-9.538500
1703068227,413132,0.174777,0.021548,-9.411607
1703068227,413148,0.203507,0.016759,-9.504981
1703068227,413165,0.201113,0.057461,-9.579201
1703068227,413184,0.210690,0.086191,-9.473856
1703068227,413200,0.189142,0.052672,-9.476251
1703068227,413216,0.148441,0.028730,-9.548077
1703068227,413233,0.177171,0.035913,-9.493010
1703068227,413249,0.213084,-0.026336,-9.543288
1703068227,413266,0.169988,0.021548,-9.416395
1703068227,413282,0.227449,0.026336,-9.414001
1703068227,413298,0.225055,0.079009,-9.442732
1703068227,413315,0.160412,0.062249,-9.476251
1703068227,413331,0.174777,0.016759,-9.567230
1703068228,413348,0.167594,0.045490,-9.504981
1703068228,413366,0.191536,0.004788,-9.457097
1703068228,413383,0.225055,0.035913,-9.524135
1703068228,413399,0.172383,0.033519,-9.521740
1703068228,413416,0.203507,0.083797,-9.507375
1703068228,413432,0.193930,-0.009577,-9.533711
1703068228,413449,0.227449,0.064643,-9.464279
1703068228,413465,0.205901,0.055067,-9.473856
1703068228,413481,0.177171,0.047884,-9.490616
1703068228,413498,0.181959,-0.026336,-9.548077
1703068228,413514,0.191536,0.023942,-9.485827
1703068228,413531,0.186748,0.014365,-9.430760
1703068228,413549,0.198719,0.043096,-9.576807
1703068228,413566,0.114922,0.016759,-9.545682
1703068228,413582,0.184354,0.016759,-9.516952
1703068228,413598,0.215478,0.043096,-9.610326
1703068228,413615,0.122104,0.040701,-9.497798
1703068228,413631,0.181959,0.016759,-9.469068
1703068228,413647,0.150835,0.069432,-9.603143
1703068228,413664,0.213084,0.004788,-9.457097
1703068228,413680,0.165200,0.026336,-9.557653
1703068228,413696,0.239420,0.050278,-9.469068
1703068228,413713,0.265756,0.009577,-9.447520
1703068228,413739,0.177171,0.007183,-9.418790
1703068228,413756,0.196325,-0.031125,-9.471462
1703068228,413772,0.220267,-0.023942,-9.442732
1703068228,413788,0.270545,0.016759,-9.402030
1703068228,413804,0.205901,0.062249,-9.495404
1703068228,413820,0.196325,0.045490,-9.509769
1703068228,413836,0.191536,0.086191,-9.495404
1703068228,413852,0.220267,0.023942,-9.430760
1703068228,413868,0.177171,0.050278,-9.478644
1703068228,413884,0.205901,0.088585,-9.555259
1703068228,413900,0.160412,0.062249,-9.504981
1703068228,413919,0.169988,0.098162,-9.476251
1703068228,413935,0.186748,0.047884,-9.454702
1703068228,413951,0.138864,0.007183,-9.516952
1703068228,413967,0.189142,0.021548,-9.380483
1703068228,413983,0.189142,0.062249,-9.526528
1703068228,413999,0.146046,0.014365,-9.512163
1703068228,414015,0.155623,0.043096,-9.421184
1703068228,414031,0.198719,0.011971,-9.428367
1703068228,414047,0.225055,0.026336,-9.490616
1703068228,414064,0.124498,0.093374,-9.481039
1703068228,414080,0.184354,-0.028730,-9.500193
1703068228,414098,0.181959,-0.045490,-9.476251
1703068228,414114,0.251391,0.023942,-9.485827
1703068228,414130,0.181959,-0.004788,-9.454702
1703068228,414146,0.232238,-0.016759,-9.531317
1703068228,414162,0.143652,0.035913,-9.550470
1703068228,414179,0.234632,0.009577,-9.545682
1703068228,414195,0.256180,0.045490,-9.485827
1703068228,414211,0.153229,0.052672,-9.516952
1703068228,414227,0.201113,-0.047884,-9.437943
1703068228,414243,0.213084,0.002394,-9.574412
1703068228,414259,0.146046,0.071826,-9.519346
1703068228,414278,0.220267,0.035913,-9.495404
1703068228,414294,0.148441,0.093374,-9.504981
1703068228,414310,0.196325,0.021548,-9.421184
1703068228,414326,0.138864,0.026336,-9.418790
1703068229,414342,0.177171,0.081403,-9.555259
1703068229,414358,0.213084,0.023942,-9.425972
1703068229,414374,0.181959,0.088585,-9.418790
1703068229,414390,0.165200,0.057461,-9.452309
1703068229,414407,0.217872,0.019154,-9.449914
1703068229,414423,0.155623,0.028730,-9.526528
1703068229,414439,0.229843,-0.040701,-9.466674
1703068229,414455,0.229843,0.021548,-9.471462
1703068229,414470,0.196325,0.031125,-9.545682
1703068229,414486,0.141258,0.033519,-9.428367
1703068229,414502,0.165200,0.062249,-9.500193
1703068229,414518,0.177171,0.035913,-9.519346
1703068229,414534,0.177171,0.071826,-9.526528
1703068229,414550,0.179565,0.023942,-9.497798
1703068229,414567,0.174777,0.033519,-9.485827
1703068229,414583,0.174777,0.102951,-9.579201
1703068229,414599,0.203507,0.064643,-9.521740
1703068229,414615,0.169988,0.019154,-9.461885
1703068229,414631,0.227449,0.057461,-9.493010
1703068229,414650,0.174777,0.009577,-9.485827
1703068229,414666,0.220267,0.035913,-9.507375
1703068229,414682,0.165200,0.028730,-9.433155
1703068229,414698,0.193930,0.059855,-9.519346
1703068229,414714,0.165200,0.083797,-9.471462
1703068229,414730,0.213084,0.052672,-9.478644
1703068229,414746,0.174777,0.021548,-9.512163
1703068229,414762,0.248997,0.059855,-9.461885
1703068229,414779,0.138864,0.057461,-9.514558
1703068229,414795,0.213084,0.004788,-9.514558
1703068229,414811,0.201113,0.045490,-9.476251
1703068229,414830,0.136469,0.028730,-9.581595
1703068229,414846,0.210690,0.067038,-9.488221
1703068229,414862,0.208296,0.014365,-9.521740
1703068229,414878,0.117316,0.098162,-9.447520
1703068229,414894,0.191536,0.026336,-9.461885
1703068229,414910,0.181959,0.004788,-9.543288
1703068229,414926,0.193930,-0.011971,-9.445126
1703068229,414942,0.160412,0.086191,-9.473856
1703068229,414958,0.210690,0.023942,-9.449914
1703068229,414974,0.184354,0.004788,-9.550470
1703068229,414990,0.241814,0.062249,-9.409213
1703068229,415009,0.160412,0.067038,-9.442732
1703068229,415025,0.117316,0.031125,-9.435549
1703068229,415041,0.196325,0.064643,-9.368511
1703068229,415057,0.198719,0.021548,-9.440337
1703068229,415073,0.198719,0.014365,-9.416395
1703068229,415089,0.174777,0.023942,-9.512163
1703068229,415105,0.217872,0.086191,-9.461885
1703068229,415121,0.150835,0.045490,-9.495404
1703068229,415137,0.210690,0.009577,-9.392453
1703068229,415153,0.165200,0.057461,-9.375694
1703068229,415169,0.184354,0.031125,-9.481039
1703068229,415187,0.179565,0.074220,-9.490616
1703068229,415204,0.201113,0.016759,-9.490616
1703068229,415220,0.265756,0.023942,-9.449914
1703068229,415236,0.177171,0.083797,-9.502586
1703068229,415253,0.148441,0.009577,-9.473856
1703068229,415269,0.196325,0.093374,-9.402030
1703068229,415285,0.146046,0.002394,-9.481039
1703068229,415302,0.150835,0.057461,-9.502586
1703068229,415318,0.136469,-0.019154,-9.495404
1703068229,415334,0.222661,0.019154,-9.519346
1703068230,415351,0.217872,0.009577,-9.488221
1703068230,415369,0.146046,0.019154,-9.430760
1703068230,415386,0.179565,0.028730,-9.414001
1703068230,415402,0.134075,-0.035913,-9.536105
1703068230,415419,0.208296,0.026336,-9.531317
1703068230,415435,0.184354,0.050278,-9.538500
1703068230,415452,0.196325,0.033519,-9.459491
1703068230,415468,0.153229,0.019154,-9.361329
1703068230,415484,0.193930,0.088585,-9.528923
1703068230,415501,0.160412,0.016759,-9.425972
1703068230,415517,0.251391,0.064643,-9.390059
1703068230,415533,0.208296,0.067038,-9.504981
1703068230,415552,0.256180,0.035913,-9.452309
1703068230,415569,0.222661,0.009577,-9.466674
1703068230,415585,0.196325,0.016759,-9.406818
1703068230,415601,0.241814,0.045490,-9.428367
1703068230,415618,0.112527,0.038307,-9.562442
1703068230,415634,0.189142,0.033519,-9.636662
1703068230,415651,0.189142,0.086191,-9.588778
1703068230,415667,0.155623,0.007183,-9.399636
1703068230,415683,0.227449,0.002394,-9.478644
1703068230,415700,0.169988,-0.004788,-9.521740
1703068230,415716,0.186748,0.019154,-9.425972
1703068230,415735,0.201113,0.031125,-9.519346
1703068230,415751,0.189142,-0.014365,-9.452309
1703068230,415768,0.222661,0.021548,-9.493010
1703068230,415784,0.172383,0.076614,-9.469068
1703068230,415801,0.110133,0.016759,-9.478644
1703068230,415817,0.090980,0.064643,-9.425972
1703068230,415833,0.167594,0.026336,-9.502586
1703068230,415850,0.215478,0.002394,-9.519346
1703068230,415866,0.205901,0.016759,-9.536105
1703068230,415883,0.210690,0.071826,-9.497798
1703068230,415899,0.126893,0.059855,-9.449914
1703068230,415918,0.229843,0.076614,-9.464279
1703068230,415934,0.210690,0.000000,-9.509769
1703068230,415951,0.181959,0.038307,-9.504981
1703068230,415967,0.213084,0.067038,-9.603143
1703068230,415983,0.148441,0.069432,-9.476251
1703068230,416000,0.234632,0.007183,-9.459491
1703068230,416016,0.146046,0.093374,-9.428367
1703068230,416032,0.220267,0.059855,-9.464279
1703068230,416049,0.191536,0.031125,-9.495404
1703068230,416065,0.222661,0.033519,-9.378088
1703068230,416082,0.260968,0.019154,-9.452309
1703068230,416098,0.165200,-0.019154,-9.528923
1703068230,416117,0.208296,0.055067,-9.461885
1703068230,416133,0.177171,0.021548,-9.512163
1703068230,416150,0.165200,0.038307,-9.583989
1703068230,416166,0.210690,0.009577,-9.536105
1703068230,416182,0.201113,0.040701,-9.358934
1703068230,416199,0.158017,0.021548,-9.502586
1703068230,416215,0.186748,0.059855,-9.449914
1703068230,416232,0.215478,0.014365,-9.485827
1703068230,416248,0.095768,0.100556,-9.466674
1703068230,416264,0.172383,0.031125,-9.521740
1703068230,416281,0.208296,-0.002394,-9.457097
1703068230,416300,0.167594,0.000000,-9.488221
1703068230,416316,0.148441,0.081403,-9.488221
1703068230,416332,0.167594,0.011971,-9.526528
1703068231,416349,0.169988,0.038307,-9.562442
1703068231,416365,0.177171,0.026336,-9.416395
1703068231,416382,0.227449,0.002394,-9.545682
1703068231,416398,0.179565,0.028730,-9.418790
1703068231,416415,0.172383,-0.026336,-9.512163
1703068231,416431,0.213084,0.016759,-9.481039
1703068231,416447,0.179565,0.007183,-9.567230
1703068231,416464,0.155623,0.043096,-9.574412
1703068231,416483,0.148441,0.062249,-9.452309
1703068231,416499,0.112527,0.043096,-9.528923
1703068231,416515,0.172383,-0.023942,-9.495404
1703068231,416532,0.189142,0.016759,-9.521740
1703068231,416548,0.158017,0.040701,-9.461885
1703068231,416564,0.160412,0.038307,-9.504981
1703068231,416581,0.148441,0.014365,-9.504981
1703068231,416597,0.138864,0.040701,-9.507375
1703068231,416613,0.186748,0.045490,-9.524135
1703068231,416630,0.268151,0.028730,-9.504981
1703068231,416646,0.203507,0.007183,-9.416395
1703068231,416672,0.220267,0.033519,-9.459491
1703068231,416689,0.215478,0.038307,-9.497798
1703068231,416705,0.177171,0.035913,-9.519346
1703068231,416721,0.153229,0.105345,-9.543288
1703068231,416737,0.196325,0.050278,-9.454702
1703068231,416753,0.117316,0.086191,-9.502586
1703068231,416769,0.237026,0.052672,-9.476251
1703068231,416785,0.165200,0.028730,-9.449914
1703068231,416801,0.141258,0.016759,-9.452309
1703068231,416818,0.193930,0.019154,-9.402030
1703068231,416834,0.263362,0.086191,-9.459491
1703068231,416852,0.102951,0.019154,-9.445126
1703068231,416868,0.181959,0.014365,-9.576807
1703068231,416884,0.167594,0.031125,-9.447520
1703068231,416900,0.181959,-0.002394,-9.488221
1703068231,416916,0.138864,-0.043096,-9.514558
1703068231,416932,0.177171,0.011971,-9.536105
1703068231,416949,0.160412,0.031125,-9.576807
1703068231,416965,0.079009,0.009577,-9.435549
1703068231,416981,0.186748,0.016759,-9.528923
1703068231,416997,0.184354,0.007183,-9.440337
1703068231,417013,0.172383,0.014365,-9.481039
1703068231,417031,0.208296,-0.009577,-9.433155
1703068231,417048,0.146046,0.045490,-9.536105
1703068231,417064,0.208296,0.067038,-9.449914
1703068231,417080,0.191536,-0.019154,-9.411607
1703068231,417096,0.167594,0.040701,-9.507375
1703068231,417112,0.153229,0.071826,-9.593566
1703068231,417128,0.169988,0.009577,-9.425972
1703068231,417144,0.217872,0.016759,-9.370906
1703068231,417160,0.179565,0.055067,-9.557653
1703068231,417176,0.210690,0.064643,-9.483433
1703068231,417193,0.210690,0.050278,-9.531317
1703068231,417211,0.184354,0.071826,-9.485827
1703068231,417227,0.174777,-0.007183,-9.555259
1703068231,417243,0.083797,0.062249,-9.509769
1703068231,417259,0.172383,0.079009,-9.543288
1703068231,417276,0.158017,0.021548,-9.440337
1703068231,417292,0.177171,0.057461,-9.483433
1703068231,417308,0.189142,0.035913,-9.572019
1703068231,417324,0.083797,0.009577,-9.473856
1703068232,417340,0.134075,0.074220,-9.457097
1703068232,417356,0.134075,-0.004788,-9.447520
1703068232,417372,0.122104,0.011971,-9.375694
1703068232,417391,0.129287,0.043096,-9.519346
1703068232,417407,0.186748,0.002394,-9.627085
1703068232,417423,0.167594,0.000000,-9.524135
1703068232,417439,0.165200,0.007183,-9.548077
1703068232,417455,0.158017,0.067038,-9.464279
1703068232,417472,0.141258,0.007183,-9.540894
1703068232,417488,0.210690,0.050278,-9.512163
1703068232,417504,0.220267,0.045490,-9.409213
1703068232,417520,0.201113,0.009577,-9.433155
1703068232,417536,0.141258,0.038307,-9.490616
1703068232,417552,0.239420,0.045490,-9.449914
1703068232,417571,0.186748,0.057461,-9.466674
1703068232,417587,0.201113,-0.014365,-9.500193
1703068232,417603,0.138864,0.112527,-9.507375
1703068232,417619,0.227449,0.021548,-9.473856
1703068232,417635,0.169988,0.031125,-9.440337
1703068232,417651,0.174777,0.038307,-9.464279
1703068232,417667,0.213084,0.009577,-9.490616
1703068232,417684,0.213084,0.016759,-9.600749
1703068232,417700,0.179565,0.007183,-9.430760
1703068232,417727,0.169988,0.021548,-9.433155
1703068232,417743,0.181959,0.043096,-9.437943
1703068232,417759,0.191536,-0.021548,-9.497798
1703068232,417773,0.162806,0.052672,-9.552865
1703068232,417790,0.232238,0.028730,-9.502586
1703068232,417806,0.165200,0.021548,-9.471462
1703068232,417822,0.181959,0.016759,-9.631873
1703068232,417838,0.198719,0.074220,-9.469068
1703068232,417854,0.169988,-0.002394,-9.538500
1703068232,417870,0.213084,0.052672,-9.493010
1703068232,417886,0.155623,0.038307,-9.411607
1703068232,417902,0.177171,0.045490,-9.473856
1703068232,417918,0.179565,-0.019154,-9.569624
1703068232,417934,0.189142,0.007183,-9.504981
1703068232,417953,0.198719,0.011971,-9.433155
1703068232,417969,0.186748,0.038307,-9.591172
1703068232,417985,0.181959,0.045490,-9.567230
1703068232,418001,0.201113,0.033519,-9.514558
1703068232,418017,0.146046,0.057461,-9.495404
1703068232,418033,0.189142,0.047884,-9.560047
1703068232,418049,0.232238,0.011971,-9.473856
1703068232,418065,0.191536,0.023942,-9.469068
1703068232,418081,0.205901,0.043096,-9.442732
1703068232,418097,0.196325,-0.059855,-9.545682
1703068232,418113,0.165200,0.026336,-9.583989
1703068232,418131,0.167594,0.074220,-9.490616
1703068232,418148,0.167594,0.057461,-9.425972
1703068232,418164,0.158017,0.069432,-9.473856
1703068232,418180,0.150835,0.014365,-9.564836
1703068232,418197,0.208296,0.064643,-9.500193
1703068232,418213,0.177171,0.064643,-9.469068
1703068232,418229,0.248997,0.019154,-9.385271
1703068232,418246,0.196325,-0.002394,-9.509769
1703068232,418262,0.141258,0.102951,-9.485827
1703068232,418278,0.196325,0.033519,-9.521740
1703068232,418295,0.203507,0.067038,-9.461885
1703068232,418313,0.186748,0.026336,-9.574412
1703068232,418330,0.193930,0.074220,-9.526528
1703068233,418346,0.181959,0.052672,-9.433155
1703068233,418363,0.174777,0.067038,-9.560047
1703068233,418379,0.143652,0.007183,-9.481039
1703068233,418395,0.222661,0.050278,-9.449914
1703068233,418412,0.167594,0.023942,-9.483433
1703068233,418428,0.162806,0.002394,-9.605537
1703068233,418445,0.213084,0.021548,-9.476251
1703068233,418461,0.138864,0.007183,-9.512163
1703068233,418477,0.165200,-0.002394,-9.464279
1703068233,418496,0.181959,0.028730,-9.552865
1703068233,418513,0.169988,0.069432,-9.464279
1703068233,418529,0.155623,0.002394,-9.457097
1703068233,418545,0.162806,0.050278,-9.495404
1703068233,418562,0.131681,-0.021548,-9.454702
1703068233,418578,0.205901,0.057461,-9.514558
1703068233,418595,0.136469,0.050278,-9.370906
1703068233,418611,0.158017,0.031125,-9.454702
1703068233,418627,0.198719,0.076614,-9.442732
1703068233,418644,0.177171,0.035913,-9.495404
1703068233,418660,0.162806,0.021548,-9.526528
1703068233,418679,0.222661,0.079009,-9.402030
1703068233,418695,0.232238,0.052672,-9.454702
1703068233,418712,0.213084,0.011971,-9.466674
1703068233,418728,0.136469,0.057461,-9.490616
1703068233,418745,0.201113,0.035913,-9.533711
1703068233,418761,0.165200,0.011971,-9.500193
1703068233,418777,0.189142,-0.016759,-9.478644
1703068233,418794,0.169988,0.021548,-9.516952
1703068233,418810,0.196325,0.009577,-9.512163
1703068233,418827,0.177171,0.076614,-9.509769
1703068233,418843,0.177171,0.035913,-9.500193
1703068233,418862,0.088585,0.007183,-9.543288
1703068233,418878,0.165200,0.071826,-9.483433
1703068233,418895,0.131681,0.014365,-9.502586
1703068233,418911,0.201113,0.114922,-9.445126
1703068233,418927,0.205901,0.031125,-9.459491
1703068233,418944,0.179565,0.002394,-9.406818
1703068233,418960,0.215478,0.083797,-9.481039
1703068233,418977,0.162806,-0.011971,-9.483433
1703068233,418993,0.148441,0.076614,-9.540894
1703068233,419009,0.201113,-0.004788,-9.471462
1703068233,419026,0.220267,0.059855,-9.622296
1703068233,419045,0.165200,0.079009,-9.461885
1703068233,419061,0.162806,0.043096,-9.495404
1703068233,419077,0.208296,-0.009577,-9.433155
1703068233,419094,0.227449,0.050278,-9.533711
1703068233,419110,0.117316,0.038307,-9.562442
1703068233,419127,0.225055,0.057461,-9.507375
1703068233,419143,0.220267,0.011971,-9.543288
1703068233,419159,0.186748,0.071826,-9.433155
1703068233,419176,0.148441,-0.007183,-9.423578
1703068233,419192,0.239420,0.045490,-9.473856
1703068233,419209,0.141258,-0.019154,-9.459491
1703068233,419227,0.177171,0.059855,-9.569624
1703068233,419244,0.177171,0.026336,-9.464279
1703068233,419260,0.100556,0.093374,-9.469068
1703068233,419277,0.186748,0.033519,-9.509769
1703068233,419293,0.172383,0.021548,-9.524135
1703068233,419309,0.193930,0.007183,-9.452309
1703068233,419326,0.148441,0.052672,-9.502586
1703068234,419342,0.186748,0.009577,-9.404425
1703068234,419359,0.122104,0.026336,-9.485827
1703068234,419375,0.191536,0.023942,-9.464279
1703068234,419392,0.150835,0.031125,-9.399636
1703068234,419410,0.232238,0.031125,-9.579201
1703068234,419427,0.205901,0.064643,-9.404425
1703068234,419443,0.153229,0.074220,-9.600749
1703068234,419459,0.239420,0.045490,-9.445126
1703068234,419476,0.193930,0.011971,-9.433155
1703068234,419492,0.189142,0.038307,-9.488221
1703068234,419508,0.220267,0.035913,-9.562442
1703068234,419525,0.220267,0.057461,-9.500193
1703068234,419541,0.239420,0.016759,-9.473856
1703068234,419557,0.222661,0.019154,-9.416395
1703068234,419574,0.225055,0.026336,-9.528923
1703068234,419590,0.184354,0.009577,-9.471462
1703068234,419616,0.201113,0.079009,-9.423578
1703068234,419633,0.143652,0.045490,-9.545682
1703068234,419649,0.241814,0.019154,-9.543288
1703068234,419665,0.167594,0.050278,-9.516952
1703068234,419681,0.177171,0.000000,-9.416395
1703068234,419697,0.177171,0.031125,-9.502586
1703068234,419714,0.201113,0.028730,-9.481039
1703068234,419730,0.167594,-0.040701,-9.512163
1703068234,419746,0.234632,-0.045490,-9.428367
1703068234,419762,0.186748,0.023942,-9.509769
1703068234,419778,0.184354,0.047884,-9.593566
1703068234,419796,0.158017,0.102951,-9.538500
1703068234,419812,0.201113,-0.007183,-9.545682
1703068234,419828,0.225055,0.055067,-9.495404
1703068234,419844,0.210690,0.000000,-9.555259
1703068234,419860,0.191536,0.016759,-9.478644
1703068234,419877,0.189142,0.023942,-9.464279
1703068234,419893,0.138864,0.031125,-9.409213
1703068234,419909,0.217872,0.074220,-9.528923
1703068234,419925,0.232238,0.047884,-9.485827
1703068234,419941,0.181959,0.079009,-9.574412
1703068234,419957,0.191536,0.014365,-9.440337
1703068234,419976,0.141258,0.059855,-9.543288
1703068234,419992,0.150835,0.035913,-9.473856
1703068234,420008,0.191536,0.009577,-9.500193
1703068234,420024,0.162806,0.007183,-9.490616
1703068234,420040,0.160412,0.040701,-9.445126
1703068234,420056,0.186748,0.102951,-9.560047
1703068234,420072,0.222661,0.016759,-9.579201
1703068234,420088,0.256180,0.040701,-9.411607
1703068234,420104,0.134075,0.050278,-9.404425
1703068234,420121,0.136469,0.052672,-9.485827
1703068234,420137,0.150835,-0.035913,-9.545682
1703068234,420155,0.155623,0.021548,-9.476251
1703068234,420171,0.150835,0.038307,-9.425972
1703068234,420187,0.280122,0.019154,-9.485827
1703068234,420203,0.148441,0.086191,-9.514558
1703068234,420220,0.165200,0.023942,-9.457097
1703068234,420236,0.201113,-0.021548,-9.545682
1703068234,420252,0.184354,0.076614,-9.464279
1703068234,420268,0.181959,0.023942,-9.469068
1703068234,420284,0.225055,0.052672,-9.502586
1703068234,420300,0.256180,0.040701,-9.512163
1703068234,420316,0.131681,0.007183,-9.469068
1703068234,420335,0.112527,0.002394,-9.512163
1703068235,420351,0.158017,0.035913,-9.445126
1703068235,420367,0.153229,0.095768,-9.507375
1703068235,420383,0.174777,-0.023942,-9.564836
1703068235,420399,0.186748,0.000000,-9.533711
1703068235,420416,0.160412,0.038307,-9.464279
1703068235,420432,0.181959,0.057461,-9.471462
1703068235,420448,0.136469,0.045490,-9.390059
1703068235,420464,0.155623,0.038307,-9.445126
1703068235,420480,0.196325,0.023942,-9.447520
1703068235,420496,0.167594,0.040701,-9.524135
1703068235,420515,0.213084,0.011971,-9.423578
1703068235,420531,0.179565,0.004788,-9.476251
1703068235,420547,0.112527,0.055067,-9.502586
1703068235,420563,0.189142,0.067038,-9.464279
1703068235,420579,0.205901,0.002394,-9.550470
1703068235,420595,0.172383,-0.023942,-9.454702
1703068235,420611,0.196325,-0.019154,-9.528923
1703068235,420628,0.275333,0.000000,-9.421184
1703068235,420644,0.162806,0.043096,-9.466674
1703068235,420660,0.201113,0.043096,-9.452309
1703068235,420676,0.208296,-0.002394,-9.564836
1703068235,420694,0.110133,-0.031125,-9.454702
1703068235,420710,0.181959,0.071826,-9.473856
1703068235,420727,0.160412,0.047884,-9.548077
1703068235,420743,0.153229,0.035913,-9.543288
1703068235,420759,0.306458,0.019154,-9.521740
1703068235,420775,0.181959,0.023942,-9.560047
1703068235,420791,0.136469,0.055067,-9.569624
1703068235,420807,0.177171,0.023942,-9.418790
1703068235,420823,0.181959,0.035913,-9.552865
1703068235,420839,0.158017,-0.019154,-9.473856
1703068235,420855,0.186748,-0.002394,-9.452309
1703068235,420874,0.169988,0.057461,-9.543288
1703068235,420890,0.220267,0.069432,-9.440337
1703068235,420906,0.169988,-0.052672,-9.507375
1703068235,420922,0.148441,0.064643,-9.435549
1703068235,420938,0.189142,0.021548,-9.536105
1703068235,420954,0.225055,0.045490,-9.452309
1703068235,420970,0.174777,0.062249,-9.483433
1703068235,420986,0.114922,0.016759,-9.504981
1703068235,421002,0.167594,0.057461,-9.495404
1703068235,421018,0.181959,0.031125,-9.461885
1703068235,421034,0.114922,0.014365,-9.545682
1703068235,421052,0.222661,0.038307,-9.481039
1703068235,421069,0.186748,0.011971,-9.421184
1703068235,421085,0.160412,0.031125,-9.504981
1703068235,421101,0.210690,0.016759,-9.500193
1703068235,421118,0.138864,0.105345,-9.526528
1703068235,421134,0.234632,0.059855,-9.452309
1703068235,421150,0.150835,0.074220,-9.490616
1703068235,421167,0.239420,0.043096,-9.447520
1703068235,421183,0.189142,0.064643,-9.536105
1703068235,421199,0.129287,0.057461,-9.447520
1703068235,421216,0.174777,-0.011971,-9.366117
1703068235,421234,0.126893,0.019154,-9.435549
1703068235,421251,0.165200,0.057461,-9.404425
1703068235,421267,0.150835,0.040701,-9.526528
1703068235,421283,0.165200,0.033519,-9.495404
1703068235,421300,0.160412,0.079009,-9.500193
1703068235,421316,0.174777,0.057461,-9.588778
1703068235,421333,0.198719,0.045490,-9.521740
1703068236,421349,0.215478,0.004788,-9.560047
1703068236,421365,0.201113,0.040701,-9.495404
1703068236,421382,0.148441,0.026336,-9.378088
1703068236,421398,0.119710,0.007183,-9.442732
1703068236,421415,0.201113,0.057461,-9.507375
1703068236,421434,0.167594,-0.016759,-9.406818
1703068236,421450,0.189142,0.067038,-9.495404
1703068236,421466,0.153229,-0.040701,-9.531317
1703068236,421483,0.203507,0.035913,-9.409213
1703068236,421499,0.241814,0.035913,-9.543288
1703068236,421516,0.184354,0.040701,-9.631873
1703068236,421532,0.198719,0.033519,-9.543288
1703068236,421548,0.186748,-0.004788,-9.454702
1703068236,421565,0.158017,0.016759,-9.390059
1703068236,421581,0.201113,0.002394,-9.509769
1703068236,421598,0.158017,0.088585,-9.557653
1703068236,421616,0.155623,0.031125,-9.574412
1703068236,421633,0.232238,0.057461,-9.476251
1703068236,421649,0.189142,0.007183,-9.490616
1703068236,421666,0.162806,0.074220,-9.476251
1703068236,421682,0.227449,0.016759,-9.519346
1703068236,421698,0.189142,0.026336,-9.569624
1703068236,421715,0.198719,0.009577,-9.610326
1703068236,421731,0.229843,0.023942,-9.464279
1703068236,421748,0.237026,0.057461,-9.476251
1703068236,421764,0.201113,0.083797,-9.459491
1703068236,421780,0.186748,0.026336,-9.538500
1703068236,421799,0.210690,-0.009577,-9.497798
1703068236,421816,0.143652,0.014365,-9.591172
1703068236,421832,0.193930,-0.002394,-9.490616
1703068236,421848,0.150835,0.074220,-9.476251
1703068236,421865,0.155623,-0.007183,-9.447520
1703068236,421881,0.203507,0.035913,-9.524135
1703068236,421898,0.167594,0.009577,-9.461885
1703068236,421914,0.150835,0.007183,-9.562442
1703068236,421930,0.198719,0.014365,-9.466674
1703068236,421947,0.167594,0.064643,-9.619903
1703068236,421963,0.198719,0.000000,-9.509769
1703068236,421982,0.150835,0.047884,-9.595961
1703068236,421999,0.174777,-0.004788,-9.521740
1703068236,422015,0.172383,0.062249,-9.526528
1703068236,422031,0.227449,0.079009,-9.507375
1703068236,422048,0.210690,0.040701,-9.457097
1703068236,422064,0.196325,-0.021548,-9.497798
1703068236,422080,0.201113,0.045490,-9.509769
1703068236,422097,0.177171,0.007183,-9.564836
1703068236,422113,0.215478,0.035913,-9.459491
1703068236,422130,0.234632,-0.009577,-9.576807
1703068236,422146,0.153229,0.026336,-9.509769
1703068236,422165,0.196325,0.105345,-9.483433
1703068236,422181,0.203507,0.110133,-9.421184
1703068236,422198,0.179565,0.028730,-9.473856
1703068236,422214,0.177171,0.055067,-9.459491
1703068236,422231,0.208296,-0.021548,-9.437943
1703068236,422247,0.246603,0.086191,-9.469068
1703068236,422263,0.222661,0.021548,-9.519346
1703068236,422280,0.160412,0.040701,-9.478644
1703068236,422296,0.143652,0.083797,-9.387665
1703068236,422312,0.227449,0.079009,-9.476251
1703068236,422329,0.213084,0.026336,-9.452309
1703068237,422348,0.208296,0.064643,-9.504981
1703068237,422364,0.215478,0.052672,-9.478644
1703068237,422380,0.119710,-0.007183,-9.524135
1703068237,422397,0.201113,0.031125,-9.533711
1703068237,422413,0.210690,0.059855,-9.536105
1703068237,422429,0.117316,0.028730,-9.373300
1703068237,422446,0.169988,0.016759,-9.507375
1703068237,422462,0.181959,0.040701,-9.550470
1703068237,422478,0.205901,0.007183,-9.459491
1703068237,422495,0.184354,-0.023942,-9.478644
1703068237,422511,0.158017,-0.033519,-9.497798
1703068237,422537,0.213084,0.088585,-9.476251
1703068237,422554,0.205901,0.107739,-9.526528
1703068237,422570,0.203507,0.062249,-9.425972
1703068237,422586,0.174777,0.023942,-9.461885
1703068237,422602,0.153229,0.079009,-9.557653
1703068237,422619,0.225055,0.110133,-9.560047
1703068237,422635,0.110133,0.038307,-9.516952
1703068237,422651,0.162806,0.043096,-9.500193
1703068237,422667,0.158017,0.011971,-9.502586
1703068237,422683,0.215478,0.045490,-9.469068
1703068237,422699,0.196325,0.014365,-9.409213
1703068237,422717,0.198719,0.071826,-9.488221
1703068237,422733,0.184354,0.064643,-9.485827
1703068237,422749,0.198719,-0.009577,-9.483433
1703068237,422765,0.172383,0.002394,-9.545682
1703068237,422782,0.198719,0.047884,-9.540894
1703068237,422798,0.158017,0.009577,-9.536105
1703068237,422814,0.162806,0.019154,-9.574412
1703068237,422830,0.158017,0.026336,-9.457097
1703068237,422846,0.193930,0.081403,-9.461885
1703068237,422862,0.184354,0.076614,-9.449914
1703068237,422878,0.208296,-0.002394,-9.478644
1703068237,422897,0.193930,0.045490,-9.433155
1703068237,422913,0.181959,0.050278,-9.493010
1703068237,422929,0.124498,0.021548,-9.452309
1703068237,422945,0.184354,-0.021548,-9.483433
1703068237,422961,0.186748,0.040701,-9.394848
1703068237,422977,0.184354,0.040701,-9.363723
1703068237,422993,0.167594,0.057461,-9.411607
1703068237,423009,0.114922,0.071826,-9.536105
1703068237,423026,0.160412,0.038307,-9.524135
1703068237,423042,0.162806,0.043096,-9.452309
1703068237,423058,0.177171,-0.002394,-9.493010
1703068237,423076,0.193930,0.045490,-9.524135
1703068237,423092,0.174777,0.047884,-9.521740
1703068237,423109,0.169988,0.043096,-9.440337
1703068237,423125,0.201113,0.011971,-9.502586
1703068237,423141,0.208296,0.071826,-9.507375
1703068237,423157,0.189142,0.052672,-9.516952
1703068237,423173,0.217872,0.021548,-9.574412
1703068237,423189,0.186748,0.028730,-9.488221
1703068237,423205,0.191536,0.002394,-9.504981
1703068237,423221,0.181959,0.074220,-9.540894
1703068237,423238,0.220267,0.002394,-9.469068
1703068237,423256,0.213084,0.026336,-9.425972
1703068237,423272,0.191536,0.033519,-9.521740
1703068237,423288,0.213084,0.050278,-9.490616
1703068237,423304,0.181959,0.038307,-9.540894
1703068237,423321,0.203507,0.035913,-9.493010
1703068237,423337,0.184354,0.026336,-9.540894
1703068238,423353,0.155623,-0.004788,-9.521740
1703068238,423369,0.129287,0.059855,-9.476251
1703068238,423385,0.198719,0.016759,-9.490616
1703068238,423401,0.146046,0.038307,-9.449914
1703068238,423418,0.210690,0.035913,-9.512163
1703068238,423434,0.241814,0.069432,-9.490616
1703068238,423452,0.160412,0.031125,-9.442732
1703068238,423468,0.220267,0.026336,-9.521740
1703068238,423484,0.217872,0.028730,-9.459491
1703068238,423500,0.239420,0.038307,-9.414001
1703068238,423517,0.138864,-0.026336,-9.495404
1703068238,423533,0.203507,0.083797,-9.540894
1703068238,423549,0.229843,-0.047884,-9.516952
1703068238,423565,0.086191,0.055067,-9.581595
1703068238,423581,0.162806,0.043096,-9.433155
1703068238,423597,0.193930,0.011971,-9.437943
1703068238,423613,0.210690,0.047884,-9.536105
1703068238,423632,0.158017,0.026336,-9.490616
1703068238,423648,0.191536,0.019154,-9.557653
1703068238,423664,0.181959,-0.002394,-9.516952
1703068238,423680,0.143652,-0.016759,-9.519346
1703068238,423696,0.129287,0.009577,-9.471462
1703068238,423712,0.186748,0.069432,-9.423578
1703068238,423728,0.196325,0.043096,-9.531317
1703068238,423744,0.237026,-0.004788,-9.447520
1703068238,423760,0.172383,0.059855,-9.473856
1703068238,423777,0.201113,0.021548,-9.550470
1703068238,423793,0.141258,0.047884,-9.471462
1703068238,423811,0.143652,0.114922,-9.459491
1703068238,423827,0.146046,0.014365,-9.533711
1703068238,423843,0.239420,0.019154,-9.512163
1703068238,423859,0.205901,0.064643,-9.485827
1703068238,423875,0.177171,0.002394,-9.483433
1703068238,423891,0.129287,0.011971,-9.583989
1703068238,423907,0.179565,0.062249,-9.538500
1703068238,423923,0.107739,0.033519,-9.495404
1703068238,423939,0.141258,0.026336,-9.526528
1703068238,423955,0.129287,0.035913,-9.600749
1703068238,423971,0.150835,0.050278,-9.512163
1703068238,423990,0.196325,-0.014365,-9.449914
1703068238,424006,0.167594,0.043096,-9.425972
1703068238,424022,0.138864,0.002394,-9.555259
1703068238,424039,0.153229,0.033519,-9.464279
1703068238,424055,0.222661,-0.047884,-9.493010
1703068238,424071,0.150835,0.043096,-9.483433
1703068238,424088,0.172383,0.019154,-9.402030
1703068238,424104,0.153229,0.064643,-9.406818
1703068238,424120,0.205901,0.031125,-9.425972
1703068238,424137,0.143652,-0.007183,-9.562442
1703068238,424153,0.174777,0.031125,-9.574412
1703068238,424172,0.169988,0.043096,-9.507375
1703068238,424188,0.203507,0.045490,-9.629479
1703068238,424205,0.213084,0.043096,-9.548077
1703068238,424221,0.148441,0.000000,-9.454702
1703068238,424237,0.234632,-0.016759,-9.526528
1703068238,424254,0.162806,0.011971,-9.490616
1703068238,424270,0.148441,0.047884,-9.512163
1703068238,424287,0.150835,0.071826,-9.476251
1703068238,424303,0.227449,0.002394,-9.528923
1703068238,424319,0.201113,0.016759,-9.447520
1703068238,424336,0.186748,0.004788,-9.476251
1703068239,424355,0.251391,0.045490,-9.581595
1703068239,424371,0.213084,-0.035913,-9.416395
1703068239,424387,0.191536,0.023942,-9.593566
1703068239,424404,0.150835,0.016759,-9.414001
1703068239,424420,0.114922,0.004788,-9.605537
1703068239,424437,0.198719,0.055067,-9.524135
1703068239,424453,0.129287,0.031125,-9.526528
1703068239,424469,0.105345,0.011971,-9.600749
1703068239,424486,0.131681,0.014365,-9.406818
1703068239,424502,0.220267,0.028730,-9.603143
1703068239,424519,0.193930,0.028730,-9.346964
1703068239,424538,0.184354,-0.004788,-9.507375
1703068239,424554,0.165200,-0.026336,-9.536105
1703068239,424570,0.225055,0.038307,-9.473856
1703068239,424587,0.186748,0.045490,-9.598354
1703068239,424603,0.213084,0.057461,-9.380483
1703068239,424619,0.177171,0.026336,-9.500193
1703068239,424636,0.196325,0.050278,-9.423578
1703068239,424652,0.153229,-0.047884,-9.385271
1703068239,424669,0.227449,0.004788,-9.619903
1703068239,424685,0.179565,-0.004788,-9.504981
1703068239,424701,0.162806,-0.019154,-9.409213
1703068239,424720,0.196325,0.000000,-9.416395
1703068239,424737,0.158017,0.004788,-9.488221
1703068239,424753,0.136469,0.040701,-9.538500
1703068239,424769,0.222661,0.023942,-9.550470
1703068239,424786,0.136469,0.064643,-9.504981
1703068239,424802,0.169988,0.050278,-9.555259
1703068239,424819,0.196325,0.045490,-9.442732
1703068239,424835,0.210690,0.083797,-9.476251
1703068239,424851,0.232238,-0.021548,-9.550470
1703068239,424868,0.174777,0.069432,-9.531317
1703068239,424884,0.162806,-0.014365,-9.435549
1703068239,424903,0.172383,0.033519,-9.531317
1703068239,424919,0.160412,0.045490,-9.488221
1703068239,424936,0.210690,0.026336,-9.512163
1703068239,424952,0.210690,0.014365,-9.555259
1703068239,424969,0.131681,0.035913,-9.531317
1703068239,424985,0.248997,0.035913,-9.464279
1703068239,425001,0.201113,0.107739,-9.437943
1703068239,425018,0.189142,0.043096,-9.495404
1703068239,425034,0.162806,0.059855,-9.548077
1703068239,425051,0.150835,0.057461,-9.514558
1703068239,425067,0.143652,0.021548,-9.421184
1703068239,425086,0.213084,0.026336,-9.500193
1703068239,425102,0.172383,-0.002394,-9.507375
1703068239,425119,0.244209,0.045490,-9.483433
1703068239,425135,0.201113,-0.016759,-9.442732
1703068239,425151,0.277727,0.021548,-9.622296
1703068239,425168,0.172383,0.021548,-9.562442
1703068239,425184,0.191536,-0.011971,-9.543288
1703068239,425201,0.186748,0.026336,-9.416395
1703068239,425217,0.138864,0.047884,-9.504981
1703068239,425233,0.208296,0.050278,-9.433155
1703068239,425250,0.244209,0.052672,-9.502586
1703068239,425269,0.179565,0.031125,-9.483433
1703068239,425285,0.174777,0.033519,-9.459491
1703068239,425301,0.220267,0.011971,-9.476251
1703068239,425318,0.174777,-0.028730,-9.502586
1703068239,425334,0.213084,0.023942,-9.504981
1703068240,425350,0.186748,-0.026336,-9.418790
1703068240,425367,0.191536,0.074220,-9.512163
1703068240,425383,0.150835,-0.011971,-9.497798
1703068240,425399,0.162806,0.038307,-9.469068
1703068240,425416,0.162806,-0.052672,-9.478644
1703068240,425432,0.196325,0.045490,-9.512163
1703068240,425458,0.208296,0.067038,-9.514558
1703068240,425475,0.198719,0.035913,-9.603143
1703068240,425491,0.193930,0.055067,-9.500193
1703068240,425507,0.213084,0.023942,-9.560047
1703068240,425524,0.213084,0.033519,-9.457097
1703068240,425540,0.165200,0.067038,-9.473856
1703068240,425556,0.205901,-0.007183,-9.493010
1703068240,425572,0.217872,0.028730,-9.459491
1703068240,425588,0.134075,0.055067,-9.536105
1703068240,425604,0.172383,0.016759,-9.454702
1703068240,425620,0.205901,0.040701,-9.433155
1703068240,425636,0.141258,0.074220,-9.504981
1703068240,425654,0.215478,0.038307,-9.464279
1703068240,425670,0.150835,0.021548,-9.466674
1703068240,425686,0.155623,0.016759,-9.473856
1703068240,425702,0.160412,-0.007183,-9.447520
1703068240,425719,0.160412,0.059855,-9.473856
1703068240,425735,0.215478,0.069432,-9.521740
1703068240,425751,0.184354,0.007183,-9.490616
1703068240,425767,0.181959,0.011971,-9.493010
1703068240,425783,0.129287,0.090980,-9.433155
1703068240,425799,0.146046,0.067038,-9.454702
1703068240,425815,0.172383,0.062249,-9.533711
1703068240,425834,0.181959,0.004788,-9.473856
1703068240,425850,0.146046,0.035913,-9.459491
1703068240,425866,0.193930,0.050278,-9.526528
1703068240,425882,0.189142,0.050278,-9.490616
1703068240,425898,0.241814,0.052672,-9.454702
1703068240,425914,0.265756,0.105345,-9.552865
1703068240,425930,0.162806,0.009577,-9.521740
1703068240,425946,0.239420,0.043096,-9.615114
1703068240,425963,0.165200,0.043096,-9.442732
1703068240,425979,0.177171,0.004788,-9.485827
1703068240,425995,0.210690,0.079009,-9.437943
1703068240,426013,0.167594,0.026336,-9.461885
1703068240,426029,0.191536,0.026336,-9.512163
1703068240,426046,0.201113,0.011971,-9.402030
1703068240,426062,0.110133,0.023942,-9.576807
1703068240,426078,0.162806,0.038307,-9.402030
1703068240,426094,0.205901,0.023942,-9.485827
1703068240,426110,0.105345,0.043096,-9.519346
1703068240,426126,0.186748,0.016759,-9.516952
1703068240,426142,0.167594,0.057461,-9.473856
1703068240,426159,0.215478,-0.007183,-9.485827
1703068240,426175,0.181959,0.014365,-9.461885
1703068240,426193,0.155623,0.038307,-9.469068
1703068240,426209,0.155623,0.040701,-9.536105
1703068240,426225,0.167594,0.057461,-9.495404
1703068240,426242,0.150835,0.035913,-9.550470
1703068240,426258,0.167594,0.031125,-9.464279
1703068240,426274,0.143652,-0.007183,-9.548077
1703068240,426290,0.167594,0.074220,-9.519346
1703068240,426306,0.179565,0.074220,-9.548077
1703068240,426322,0.162806,0.035913,-9.493010
1703068241,426338,0.189142,0.014365,-9.524135
1703068241,426354,0.162806,-0.014365,-9.473856
1703068241,426373,0.179565,0.067038,-9.471462
1703068241,426389,0.239420,0.016759,-9.495404
1703068241,426416,0.251391,0.033519,-9.392453
1703068241,426432,0.162806,0.021548,-9.528923
1703068241,426448,0.150835,0.004788,-9.533711
1703068241,426464,0.248997,0.081403,-9.473856
1703068241,426480,0.153229,0.000000,-9.473856
1703068241,426496,0.189142,0.009577,-9.428367
1703068241,426512,0.184354,0.093374,-9.562442
1703068241,426528,0.150835,0.007183,-9.516952
1703068241,426544,0.205901,-0.011971,-9.488221
1703068241,426563,0.181959,0.081403,-9.509769
1703068241,426579,0.169988,0.016759,-9.447520
1703068241,426595,0.122104,0.016759,-9.507375
1703068241,426611,0.177171,0.079009,-9.327810
1703068241,426627,0.198719,0.026336,-9.459491
1703068241,426643,0.222661,0.035913,-9.533711
1703068241,426659,0.237026,0.052672,-9.490616
1703068241,426676,0.258574,0.028730,-9.411607
1703068241,426692,0.196325,0.040701,-9.471462
1703068241,426708,0.201113,0.050278,-9.490616
1703068241,426724,0.181959,0.086191,-9.536105
1703068241,426742,0.203507,0.055067,-9.490616
1703068241,426758,0.162806,-0.023942,-9.442732
1703068241,426774,0.155623,0.023942,-9.557653
1703068241,426790,0.201113,0.031125,-9.548077
1703068241,426806,0.162806,0.052672,-9.531317
1703068241,426822,0.167594,0.007183,-9.464279
1703068241,426838,0.174777,0.052672,-9.569624
1703068241,426854,0.143652,0.043096,-9.488221
1703068241,426871,0.263362,0.047884,-9.449914
1703068241,426887,0.184354,0.040701,-9.404425
1703068241,426903,0.179565,0.035913,-9.509769
1703068241,426921,0.141258,0.031125,-9.567230
1703068241,426937,0.196325,0.021548,-9.564836
1703068241,426954,0.095768,0.035913,-9.483433
1703068241,426970,0.201113,0.028730,-9.488221
1703068241,426986,0.203507,0.040701,-9.509769
1703068241,427003,0.162806,0.035913,-9.457097
1703068241,427019,0.189142,0.028730,-9.598354
1703068241,427035,0.162806,0.028730,-9.380483
1703068241,427052,0.150835,0.095768,-9.595961
1703068241,427068,0.160412,-0.007183,-9.385271
1703068241,427084,0.177171,-0.014365,-9.531317
1703068241,427103,0.196325,0.031125,-9.521740
1703068241,427119,0.162806,0.047884,-9.536105
1703068241,427136,0.129287,0.040701,-9.516952
1703068241,427152,0.153229,0.064643,-9.416395
1703068241,427169,0.172383,0.100556,-9.538500
1703068241,427185,0.177171,0.000000,-9.483433
1703068241,427201,0.227449,0.023942,-9.562442
1703068241,427218,0.196325,0.069432,-9.464279
1703068241,427234,0.186748,-0.031125,-9.392453
1703068241,427251,0.141258,0.000000,-9.452309
1703068241,427267,0.184354,0.033519,-9.572019
1703068241,427283,0.184354,0.035913,-9.416395
1703068241,427302,0.220267,0.045490,-9.447520
1703068241,427319,0.119710,-0.002394,-9.631873
1703068241,427335,0.172383,0.021548,-9.390059
