timestamp,millis,AccX.AccY,AccZ,GyroX,GyroY,GyroZ
1704884262,6523572,0.093374,-0.016759,-9.428367,-0.014922,0.016254,-0.019452
1704884262,6523610,0.043096,0.019154,-9.447520,-0.014123,0.019185,-0.023449
1704884262,6523648,0.014365,-0.038307,-9.356541,-0.013856,0.022116,-0.019985
1704884262,6523686,0.023942,0.062249,-9.490616,-0.010925,0.014655,-0.017853
1704884262,6523724,-0.007183,0.033519,-9.478644,-0.012257,0.017054,-0.025314
1704884262,6523762,0.043096,-0.021548,-9.476251,-0.011724,0.017320,-0.020518
1704884262,6523800,0.050278,0.016759,-9.528923,-0.014389,0.015721,-0.019718
1704884262,6523841,0.055067,0.057461,-9.490616,-0.013856,0.013856,-0.021051
1704884262,6523879,0.055067,-0.014365,-9.469068,-0.011724,0.014655,-0.026380
1704884262,6523917,0.002394,0.009577,-9.512163,-0.015455,0.016254,-0.023982
1704884262,6523955,0.021548,0.028730,-9.363723,-0.012524,0.017853,-0.023449
1704884262,6523993,0.083797,0.028730,-9.433155,-0.012790,0.015988,-0.021583
1704884262,6524031,0.090980,0.023942,-9.466674,-0.013856,0.019452,-0.023449
1704884262,6524071,0.045490,0.043096,-9.519346,-0.014389,0.023715,-0.023449
1704884262,6524109,0.026336,0.028730,-9.500193,-0.010392,0.019452,-0.021850
1704884262,6524147,0.014365,0.007183,-9.502586,-0.011191,0.016787,-0.018919
1704884262,6524185,-0.026336,0.035913,-9.442732,-0.015188,0.017853,-0.020518
1704884262,6524223,0.028730,0.090980,-9.504981,-0.011724,0.017587,-0.021051
1704884262,6524261,0.045490,-0.014365,-9.493010,-0.013590,0.019185,-0.022649
1704884262,6524299,0.019154,-0.019154,-9.509769,-0.015188,0.017587,-0.024248
1704884262,6524340,0.059855,0.114922,-9.437943,-0.011724,0.022383,-0.022383
1704884262,6524378,0.004788,0.007183,-9.366117,-0.010126,0.017853,-0.021317
1704884262,6524417,0.043096,0.038307,-9.490616,-0.012524,0.016254,-0.021850
1704884262,6524455,0.023942,0.052672,-9.445126,-0.014123,0.018119,-0.020784
1704884262,6524493,0.071826,0.011971,-9.452309,-0.014655,0.017853,-0.021317
1704884263,6524532,0.052672,0.028730,-9.495404,-0.012790,0.014389,-0.021583
1704884263,6524570,0.028730,-0.023942,-9.392453,-0.012524,0.019452,-0.021583
1704884263,6524611,0.067038,0.031125,-9.428367,-0.014123,0.016787,-0.021583
1704884263,6524649,0.033519,0.007183,-9.478644,-0.012524,0.017054,-0.021850
1704884263,6524687,0.117316,0.023942,-9.457097,-0.015188,0.017587,-0.021051
1704884263,6524726,0.038307,-0.009577,-9.464279,-0.013856,0.019985,-0.022649
1704884263,6524764,0.057461,-0.028730,-9.423578,-0.014389,0.015988,-0.021583
1704884263,6524802,0.038307,0.021548,-9.433155,-0.013057,0.015455,-0.021317
1704884263,6524841,0.079009,0.007183,-9.449914,-0.015455,0.015721,-0.021850
1704884263,6524882,0.074220,0.014365,-9.528923,-0.014123,0.014922,-0.021583
1704884263,6524920,0.062249,0.023942,-9.548077,-0.011991,0.017320,-0.022383
1704884263,6524958,0.021548,0.000000,-9.406818,-0.015721,0.018386,-0.022116
1704884263,6524997,0.011971,0.069432,-9.435549,-0.011724,0.018919,-0.022649
1704884263,6525035,0.136469,0.069432,-9.445126,-0.012790,0.016787,-0.023449
1704884263,6525074,0.047884,0.021548,-9.461885,-0.012257,0.017853,-0.025580
1704884263,6525114,0.040701,-0.014365,-9.459491,-0.015455,0.018919,-0.022916
1704884263,6525153,0.057461,0.050278,-9.581595,-0.008527,0.018119,-0.025047
1704884263,6525191,0.011971,0.021548,-9.414001,-0.014922,0.019452,-0.021051
1704884263,6525230,0.007183,0.014365,-9.375694,-0.014389,0.015188,-0.023715
1704884263,6525268,-0.009577,0.019154,-9.519346,-0.014123,0.018919,-0.021051
1704884263,6525306,0.038307,0.000000,-9.504981,-0.015188,0.017054,-0.020251
1704884263,6525345,0.074220,0.014365,-9.464279,-0.014389,0.018652,-0.022383
1704884263,6525386,0.033519,0.035913,-9.504981,-0.013590,0.017320,-0.021051
1704884263,6525424,0.062249,0.043096,-9.469068,-0.014655,0.018119,-0.025847
1704884263,6525462,0.009577,0.009577,-9.428367,-0.013856,0.022383,-0.023449
1704884263,6525501,0.028730,0.002394,-9.464279,-0.014123,0.020518,-0.023182
1704884264,6525539,0.052672,0.031125,-9.425972,-0.015188,0.015188,-0.022116
1704884264,6525577,0.026336,0.057461,-9.404425,-0.013590,0.020251,-0.022383
1704884264,6525616,-0.023942,0.064643,-9.447520,-0.013856,0.020784,-0.021051
1704884264,6525657,0.079009,0.038307,-9.399636,-0.013323,0.021051,-0.022649
1704884264,6525695,0.014365,0.028730,-9.404425,-0.013057,0.019185,-0.024248
1704884264,6525734,0.045490,0.016759,-9.459491,-0.012790,0.017853,-0.020784
1704884264,6525772,0.059855,0.011971,-9.526528,-0.013590,0.017054,-0.022649
1704884264,6525810,-0.021548,0.035913,-9.454702,-0.013323,0.015988,-0.020518
1704884264,6525849,0.002394,0.057461,-9.533711,-0.015455,0.015721,-0.021051
1704884264,6525890,0.090980,-0.026336,-9.435549,-0.015721,0.016787,-0.023182
1704884264,6525928,0.052672,0.050278,-9.425972,-0.012790,0.015988,-0.022916
1704884264,6525966,0.000000,0.021548,-9.476251,-0.016521,0.019452,-0.019452
1704884264,6526005,0.086191,0.023942,-9.445126,-0.013590,0.020251,-0.024248
1704884264,6526043,-0.014365,0.038307,-9.449914,-0.012790,0.014655,-0.021317
1704884264,6526082,-0.033519,0.052672,-9.507375,-0.014922,0.020518,-0.025314
1704884264,6526120,0.011971,0.088585,-9.445126,-0.014123,0.019985,-0.020518
1704884264,6526161,0.045490,0.076614,-9.433155,-0.014655,0.016787,-0.020518
1704884264,6526199,0.031125,0.002394,-9.318233,-0.014655,0.017054,-0.024515
1704884264,6526237,0.088585,0.043096,-9.504981,-0.014123,0.022116,-0.024248
1704884264,6526276,-0.011971,0.059855,-9.524135,-0.014123,0.017587,-0.023982
1704884264,6526314,0.105345,0.007183,-9.411607,-0.013856,0.014389,-0.024515
1704884264,6526352,0.069432,0.004788,-9.464279,-0.014389,0.015721,-0.021051
1704884264,6526391,0.035913,0.002394,-9.500193,-0.015988,0.019718,-0.018919
1704884264,6526439,0.007183,0.007183,-9.476251,-0.016254,0.019718,-0.021317
1704884264,6526479,0.023942,-0.004788,-9.469068,-0.011991,0.018919,-0.019452
1704884265,6526517,0.016759,-0.004788,-9.387665,-0.010126,0.015988,-0.021583
1704884265,6526555,0.043096,0.000000,-9.449914,-0.013590,0.017587,-0.018919
1704884265,6526593,0.016759,0.021548,-9.500193,-0.013590,0.019718,-0.025047
1704884265,6526631,0.011971,0.004788,-9.423578,-0.011724,0.017054,-0.023182
1704884265,6526669,0.038307,-0.011971,-9.500193,-0.015988,0.019985,-0.020251
1704884265,6526720,0.069432,0.007183,-9.449914,-0.014655,0.020518,-0.021583
1704884265,6526758,0.009577,-0.019154,-9.478644,-0.015188,0.018919,-0.023715
1704884265,6526796,0.026336,0.004788,-9.500193,-0.015721,0.018386,-0.023449
1704884265,6526834,0.016759,0.004788,-9.495404,-0.016254,0.017853,-0.024515
1704884265,6526872,0.067038,0.021548,-9.485827,-0.013057,0.019452,-0.022916
1704884265,6526910,0.081403,0.019154,-9.411607,-0.015188,0.014922,-0.024781
1704884265,6526950,0.062249,0.047884,-9.574412,-0.015721,0.016521,-0.024515
1704884265,6526989,0.011971,-0.002394,-9.461885,-0.015721,0.015988,-0.021583
1704884265,6527027,0.093374,0.035913,-9.445126,-0.013323,0.018119,-0.021583
1704884265,6527065,0.107739,0.050278,-9.406818,-0.014123,0.020251,-0.021583
1704884265,6527103,-0.019154,0.062249,-9.440337,-0.014123,0.017320,-0.021051
1704884265,6527141,0.000000,-0.040701,-9.516952,-0.014123,0.022383,-0.020518
1704884265,6527179,0.071826,0.045490,-9.509769,-0.011991,0.019985,-0.021850
1704884265,6527219,0.000000,0.014365,-9.346964,-0.013057,0.019185,-0.021583
1704884265,6527257,0.045490,0.052672,-9.488221,-0.014922,0.017853,-0.023182
1704884265,6527295,-0.011971,-0.014365,-9.437943,-0.013057,0.018919,-0.023449
1704884265,6527334,0.023942,0.031125,-9.564836,-0.013590,0.016254,-0.019985
1704884265,6527372,0.064643,0.016759,-9.469068,-0.011458,0.017587,-0.021051
1704884265,6527410,0.095768,0.035913,-9.493010,-0.015188,0.014655,-0.021583
1704884265,6527448,0.040701,0.079009,-9.464279,-0.012257,0.019185,-0.021850
1704884265,6527488,0.045490,0.040701,-9.346964,-0.014123,0.013590,-0.022383
1704884266,6527527,0.057461,0.016759,-9.457097,-0.011991,0.017320,-0.022116
1704884266,6527565,0.050278,0.059855,-9.411607,-0.014389,0.018652,-0.025314
1704884266,6527603,0.062249,-0.026336,-9.524135,-0.014922,0.016521,-0.022916
1704884266,6527641,0.026336,-0.011971,-9.478644,-0.012790,0.016787,-0.024248
1704884266,6527679,0.095768,-0.047884,-9.502586,-0.015188,0.017054,-0.021850
1704884266,6527719,0.074220,0.035913,-9.469068,-0.014922,0.018119,-0.021317
1704884266,6527757,0.093374,0.028730,-9.442732,-0.014123,0.014389,-0.020251
1704884266,6527796,0.057461,-0.033519,-9.416395,-0.011991,0.021317,-0.023982
1704884266,6527834,0.052672,0.069432,-9.399636,-0.013856,0.019452,-0.020251
1704884266,6527872,0.110133,-0.019154,-9.447520,-0.012790,0.015721,-0.019452
1704884266,6527910,0.100556,-0.079009,-9.387665,-0.011724,0.018386,-0.025047
1704884266,6527948,0.002394,0.067038,-9.488221,-0.013856,0.017320,-0.024781
1704884266,6527988,0.093374,-0.009577,-9.483433,-0.016787,0.014655,-0.020784
1704884266,6528026,0.093374,0.000000,-9.473856,-0.011991,0.017853,-0.023449
1704884266,6528064,0.038307,0.035913,-9.437943,-0.012524,0.020518,-0.021317
1704884266,6528103,0.059855,0.004788,-9.399636,-0.013323,0.014655,-0.019985
1704884266,6528141,0.023942,0.019154,-9.502586,-0.015188,0.018119,-0.020784
1704884266,6528179,0.059855,0.069432,-9.495404,-0.015721,0.019718,-0.022116
1704884266,6528217,0.045490,-0.009577,-9.497798,-0.014655,0.017054,-0.024781
1704884266,6528257,0.026336,0.023942,-9.478644,-0.015188,0.015455,-0.023449
1704884266,6528295,0.069432,0.098162,-9.567230,-0.015721,0.020784,-0.022383
1704884266,6528333,0.040701,-0.002394,-9.425972,-0.012790,0.015721,-0.023182
1704884266,6528371,0.055067,0.031125,-9.502586,-0.012257,0.018652,-0.023182
1704884266,6528409,0.043096,0.045490,-9.466674,-0.011991,0.013856,-0.022649
1704884266,6528447,0.057461,0.040701,-9.579201,-0.010925,0.015188,-0.025847
1704884266,6528485,0.038307,0.021548,-9.543288,-0.011991,0.017320,-0.021850
1704884267,6528526,0.090980,-0.023942,-9.423578,-0.014655,0.016521,-0.023449
1704884267,6528564,0.064643,-0.026336,-9.421184,-0.015188,0.016521,-0.024515
1704884267,6528603,0.055067,0.009577,-9.466674,-0.014655,0.017587,-0.024781
1704884267,6528641,0.069432,0.007183,-9.493010,-0.013057,0.019185,-0.026646
1704884267,6528679,0.016759,0.040701,-9.485827,-0.012257,0.022116,-0.023182
1704884267,6528717,0.035913,0.064643,-9.490616,-0.014123,0.016521,-0.019718
1704884267,6528758,0.035913,0.035913,-9.497798,-0.014123,0.015721,-0.021317
1704884267,6528797,0.031125,0.016759,-9.361329,-0.012524,0.018386,-0.021051
1704884267,6528835,0.038307,0.074220,-9.392453,-0.014123,0.014655,-0.021850
1704884267,6528873,0.064643,0.021548,-9.579201,-0.013856,0.018919,-0.023182
1704884267,6528912,0.052672,0.014365,-9.404425,-0.013590,0.017587,-0.020518
1704884267,6528950,0.045490,0.023942,-9.473856,-0.015721,0.016787,-0.022383
1704884267,6528989,0.059855,-0.004788,-9.440337,-0.014389,0.016787,-0.022383
1704884267,6529029,0.047884,0.069432,-9.473856,-0.014123,0.015455,-0.021317
1704884267,6529068,0.009577,-0.004788,-9.433155,-0.013590,0.020784,-0.019185
1704884267,6529106,0.086191,0.016759,-9.428367,-0.011724,0.020518,-0.022916
1704884267,6529145,0.035913,0.002394,-9.495404,-0.013057,0.019718,-0.023182
1704884267,6529183,0.023942,0.002394,-9.418790,-0.011458,0.017320,-0.024781
1704884267,6529221,0.031125,0.062249,-9.454702,-0.013590,0.018119,-0.022383
1704884267,6529260,-0.007183,0.079009,-9.457097,-0.015988,0.017320,-0.021051
1704884267,6529301,0.059855,0.016759,-9.459491,-0.016254,0.016787,-0.021850
1704884267,6529339,0.045490,-0.019154,-9.442732,-0.013057,0.017054,-0.023715
1704884267,6529377,-0.007183,0.035913,-9.449914,-0.011724,0.022383,-0.020518
1704884267,6529416,0.004788,-0.043096,-9.536105,-0.013590,0.017320,-0.024248
1704884267,6529454,0.059855,0.055067,-9.378088,-0.014922,0.019718,-0.022383
1704884267,6529493,0.026336,0.009577,-9.447520,-0.013590,0.013590,-0.023182
1704884268,6529533,0.002394,0.011971,-9.493010,-0.014655,0.016787,-0.027446
1704884268,6529572,0.129287,0.023942,-9.437943,-0.013856,0.018119,-0.019452
1704884268,6529610,0.023942,0.019154,-9.430760,-0.012524,0.015988,-0.025314
1704884268,6529649,0.076614,0.050278,-9.490616,-0.014123,0.017054,-0.021850
1704884268,6529687,0.045490,0.057461,-9.390059,-0.012790,0.014922,-0.022916
1704884268,6529725,0.081403,0.021548,-9.433155,-0.012524,0.018119,-0.024515
1704884268,6529764,0.043096,0.055067,-9.421184,-0.015188,0.018652,-0.019985
1704884268,6529805,0.086191,0.026336,-9.425972,-0.009060,0.023182,-0.023182
1704884268,6529843,0.079009,0.021548,-9.445126,-0.013057,0.014922,-0.022116
1704884268,6529881,0.067038,-0.004788,-9.493010,-0.012257,0.016254,-0.021317
1704884268,6529920,0.064643,0.098162,-9.483433,-0.015455,0.014922,-0.020784
1704884268,6529958,0.019154,0.019154,-9.464279,-0.011991,0.014922,-0.020784
1704884268,6529996,0.055067,0.000000,-9.490616,-0.013590,0.019718,-0.021583
1704884268,6530035,0.035913,0.021548,-9.402030,-0.014922,0.021051,-0.018652
1704884268,6530076,0.038307,0.040701,-9.497798,-0.013856,0.016254,-0.024248
1704884268,6530114,0.035913,-0.016759,-9.469068,-0.015455,0.022383,-0.021051
1704884268,6530152,0.028730,0.026336,-9.476251,-0.012257,0.016787,-0.021850
1704884268,6530191,0.000000,0.023942,-9.504981,-0.014123,0.015988,-0.020784
1704884268,6530229,-0.059855,0.055067,-9.437943,-0.014389,0.017320,-0.024781
1704884268,6530268,0.050278,0.016759,-9.449914,-0.014922,0.021583,-0.021583
1704884268,6530306,0.055067,0.035913,-9.478644,-0.014922,0.019718,-0.022383
1704884268,6530347,0.093374,-0.019154,-9.485827,-0.013057,0.017320,-0.022916
1704884268,6530385,0.023942,0.028730,-9.512163,-0.011191,0.013856,-0.022649
1704884268,6530424,0.035913,0.050278,-9.471462,-0.014655,0.017587,-0.019718
1704884268,6530462,0.059855,0.047884,-9.440337,-0.013856,0.016254,-0.022383
1704884268,6530500,0.026336,-0.002394,-9.442732,-0.013590,0.015721,-0.022383
1704884269,6530538,0.045490,-0.016759,-9.493010,-0.013590,0.015455,-0.020251
1704884269,6530587,0.047884,0.040701,-9.471462,-0.015188,0.017320,-0.021583
1704884269,6530626,0.057461,0.057461,-9.421184,-0.012790,0.015455,-0.024248
1704884269,6530664,0.069432,0.035913,-9.464279,-0.013323,0.016521,-0.022649
1704884269,6530702,-0.074220,0.055067,-9.459491,-0.011458,0.020518,-0.023449
1704884269,6530740,0.059855,-0.011971,-9.469068,-0.013057,0.017054,-0.021317
1704884269,6530778,0.071826,0.045490,-9.493010,-0.014655,0.015188,-0.019985
1704884269,6530816,0.064643,-0.019154,-9.454702,-0.013323,0.020518,-0.021051
1704884269,6530856,0.100556,0.050278,-9.490616,-0.013590,0.019718,-0.018386
1704884269,6530894,0.083797,0.023942,-9.500193,-0.013323,0.020251,-0.021583
1704884269,6530933,0.043096,-0.014365,-9.473856,-0.015721,0.018919,-0.024781
1704884269,6530971,0.076614,0.105345,-9.342175,-0.013590,0.018919,-0.020784
1704884269,6531009,0.050278,0.014365,-9.490616,-0.011458,0.019452,-0.020518
1704884269,6531047,-0.007183,0.079009,-9.550470,-0.014922,0.021850,-0.022116
1704884269,6531085,0.083797,0.033519,-9.445126,-0.013057,0.016787,-0.023715
1704884269,6531125,0.016759,0.047884,-9.418790,-0.013856,0.018919,-0.019718
1704884269,6531163,0.071826,0.124498,-9.485827,-0.013057,0.019718,-0.021051
1704884269,6531201,0.052672,0.074220,-9.519346,-0.011724,0.015455,-0.023715
1704884269,6531240,0.045490,-0.002394,-9.409213,-0.014123,0.018386,-0.022649
1704884269,6531278,0.110133,0.028730,-9.406818,-0.011724,0.017054,-0.019718
1704884269,6531316,0.007183,0.028730,-9.516952,-0.012524,0.018119,-0.022116
1704884269,6531356,-0.014365,-0.019154,-9.478644,-0.013323,0.017320,-0.025047
1704884269,6531394,0.026336,-0.004788,-9.516952,-0.013057,0.017853,-0.022383
1704884269,6531432,0.031125,0.057461,-9.543288,-0.011724,0.017320,-0.023715
1704884269,6531471,0.047884,0.033519,-9.411607,-0.013057,0.018386,-0.018652
1704884270,6531509,0.076614,0.067038,-9.430760,-0.016521,0.021051,-0.023982
1704884270,6531547,0.043096,0.023942,-9.445126,-0.012524,0.018119,-0.021051
1704884270,6531585,0.011971,0.040701,-9.555259,-0.012790,0.019452,-0.023449
1704884270,6531625,0.067038,0.052672,-9.404425,-0.012524,0.016254,-0.021051
1704884270,6531663,0.016759,0.021548,-9.447520,-0.015455,0.017320,-0.022116
1704884270,6531701,0.047884,0.088585,-9.469068,-0.013057,0.017853,-0.024781
1704884270,6531739,-0.009577,0.007183,-9.516952,-0.014389,0.015455,-0.019452
1704884270,6531778,0.035913,-0.038307,-9.471462,-0.009859,0.017054,-0.021583
1704884270,6531816,0.086191,0.055067,-9.414001,-0.015455,0.017054,-0.021850
1704884270,6531854,0.031125,0.023942,-9.406818,-0.013856,0.014922,-0.020251
1704884270,6531894,0.069432,0.031125,-9.428367,-0.015988,0.019718,-0.023182
1704884270,6531932,0.055067,0.021548,-9.404425,-0.013323,0.022383,-0.022383
1704884270,6531970,0.052672,0.009577,-9.437943,-0.012524,0.015721,-0.023182
1704884270,6532008,0.023942,0.052672,-9.469068,-0.015988,0.018919,-0.023182
1704884270,6532047,-0.031125,0.035913,-9.414001,-0.012790,0.017320,-0.023449
1704884270,6532085,0.016759,0.055067,-9.504981,-0.014123,0.017054,-0.022649
1704884270,6532123,0.004788,-0.035913,-9.473856,-0.011991,0.015988,-0.021583
1704884270,6532163,0.009577,0.043096,-9.452309,-0.014655,0.021583,-0.022916
1704884270,6532201,-0.004788,0.011971,-9.473856,-0.016254,0.020784,-0.021317
1704884270,6532239,0.031125,0.019154,-9.528923,-0.011724,0.019452,-0.023182
1704884270,6532278,0.038307,0.004788,-9.461885,-0.014123,0.022116,-0.023449
1704884270,6532316,0.031125,0.002394,-9.447520,-0.014389,0.019985,-0.020784
1704884270,6532354,0.086191,0.016759,-9.524135,-0.007994,0.021583,-0.021317
1704884270,6532394,0.050278,-0.023942,-9.414001,-0.015988,0.017320,-0.024248
1704884270,6532432,0.014365,0.055067,-9.411607,-0.012524,0.015188,-0.021583
1704884270,6532470,0.064643,0.069432,-9.485827,-0.015188,0.016521,-0.022649
1704884271,6532508,-0.038307,0.035913,-9.411607,-0.011724,0.019452,-0.022916
1704884271,6532547,0.057461,0.043096,-9.512163,-0.014123,0.015455,-0.023182
1704884271,6532585,0.031125,0.076614,-9.430760,-0.014389,0.016787,-0.022383
1704884271,6532623,0.043096,0.043096,-9.464279,-0.013057,0.015455,-0.022916
1704884271,6532663,0.069432,0.043096,-9.471462,-0.013323,0.018386,-0.019718
1704884271,6532702,0.064643,0.000000,-9.370906,-0.014123,0.016254,-0.021583
1704884271,6532740,0.069432,0.004788,-9.464279,-0.013856,0.015988,-0.019185
1704884271,6532778,0.023942,-0.014365,-9.411607,-0.013057,0.016521,-0.024248
1704884271,6532816,0.043096,-0.007183,-9.440337,-0.011191,0.017587,-0.023182
1704884271,6532855,0.081403,0.009577,-9.516952,-0.014123,0.021583,-0.023182
1704884271,6532893,0.038307,-0.040701,-9.514558,-0.011724,0.016521,-0.018919
1704884271,6532934,0.057461,0.062249,-9.457097,-0.014922,0.018652,-0.024248
1704884271,6532972,0.011971,0.000000,-9.497798,-0.013856,0.018652,-0.024248
1704884271,6533011,-0.007183,0.067038,-9.399636,-0.011458,0.020251,-0.023982
1704884271,6533049,0.057461,0.033519,-9.461885,-0.013057,0.019452,-0.023449
1704884271,6533088,-0.021548,0.043096,-9.437943,-0.013590,0.015188,-0.020784
1704884271,6533126,0.026336,0.052672,-9.409213,-0.015188,0.016254,-0.021850
1704884271,6533167,0.062249,0.035913,-9.442732,-0.014922,0.018652,-0.019718
1704884271,6533205,0.079009,0.007183,-9.478644,-0.013856,0.015455,-0.022916
1704884271,6533244,0.033519,0.033519,-9.392453,-0.012257,0.020518,-0.024248
1704884271,6533282,0.086191,0.050278,-9.538500,-0.012524,0.016521,-0.017853
1704884271,6533321,0.019154,0.028730,-9.421184,-0.014389,0.021583,-0.022916
1704884271,6533359,-0.052672,0.004788,-9.447520,-0.014655,0.018652,-0.020518
1704884271,6533397,0.055067,0.045490,-9.543288,-0.014655,0.015988,-0.020251
1704884271,6533438,0.045490,-0.033519,-9.471462,-0.014389,0.017587,-0.021583
1704884271,6533477,0.064643,0.031125,-9.509769,-0.011991,0.018919,-0.021583
1704884272,6533515,0.055067,-0.014365,-9.454702,-0.013057,0.013323,-0.022649
1704884272,6533553,0.045490,0.028730,-9.428367,-0.013323,0.016521,-0.021850
1704884272,6533592,0.033519,0.002394,-9.425972,-0.014922,0.022383,-0.025847
1704884272,6533630,0.122104,0.038307,-9.457097,-0.012257,0.013057,-0.022916
1704884272,6533668,0.009577,0.002394,-9.555259,-0.014389,0.014389,-0.023182
1704884272,6533709,0.026336,-0.009577,-9.390059,-0.011458,0.014655,-0.020251
1704884272,6533748,0.000000,-0.026336,-9.435549,-0.011724,0.016254,-0.024248
1704884272,6533786,0.028730,0.023942,-9.457097,-0.013057,0.016521,-0.020251
1704884272,6533824,0.074220,0.050278,-9.519346,-0.014655,0.018919,-0.020784
1704884272,6533863,0.033519,0.009577,-9.476251,-0.014922,0.017853,-0.021850
1704884272,6533901,0.059855,0.002394,-9.435549,-0.012524,0.014123,-0.021850
1704884272,6533940,0.002394,0.014365,-9.464279,-0.013590,0.022916,-0.019452
1704884272,6533980,0.047884,0.033519,-9.402030,-0.014389,0.018119,-0.020518
1704884272,6534019,0.088585,0.038307,-9.495404,-0.012524,0.017853,-0.019452
1704884272,6534057,0.088585,0.007183,-9.481039,-0.011191,0.017587,-0.023182
1704884272,6534096,0.083797,0.009577,-9.540894,-0.012790,0.015188,-0.021583
1704884272,6534134,0.076614,-0.002394,-9.421184,-0.013323,0.018119,-0.020518
1704884272,6534172,0.035913,0.004788,-9.466674,-0.014123,0.015455,-0.021583
1704884272,6534213,0.019154,0.052672,-9.464279,-0.012790,0.019985,-0.022116
1704884272,6534252,0.050278,0.038307,-9.435549,-0.013057,0.015188,-0.019985
1704884272,6534290,0.038307,0.043096,-9.430760,-0.013323,0.019185,-0.021051
1704884272,6534328,0.019154,0.016759,-9.478644,-0.013590,0.017320,-0.026913
1704884272,6534367,-0.016759,-0.062249,-9.418790,-0.011458,0.019718,-0.023715
1704884272,6534405,0.040701,0.052672,-9.466674,-0.010658,0.021583,-0.022916
1704884272,6534444,0.043096,0.014365,-9.433155,-0.015188,0.020518,-0.026113
1704884272,6534484,0.038307,0.009577,-9.442732,-0.014655,0.018119,-0.021850
1704884273,6534523,0.021548,-0.011971,-9.411607,-0.013856,0.019718,-0.023182
1704884273,6534561,0.040701,0.045490,-9.476251,-0.016521,0.022649,-0.022649
1704884273,6534599,0.047884,0.019154,-9.495404,-0.014655,0.021317,-0.019718
1704884273,6534638,0.033519,-0.026336,-9.481039,-0.014123,0.012790,-0.019718
1704884273,6534676,0.055067,0.043096,-9.440337,-0.011991,0.014123,-0.020784
1704884273,6534714,-0.021548,0.059855,-9.452309,-0.015988,0.015455,-0.019985
1704884273,6534763,0.023942,-0.055067,-9.402030,-0.016254,0.018919,-0.020784
1704884273,6534802,0.081403,0.059855,-9.447520,-0.014123,0.018652,-0.018652
1704884273,6534840,0.071826,0.023942,-9.404425,-0.014389,0.015988,-0.022649
1704884273,6534878,0.045490,-0.004788,-9.504981,-0.015455,0.019452,-0.022116
1704884273,6534916,0.050278,0.086191,-9.414001,-0.011458,0.018119,-0.019985
1704884273,6534954,0.038307,0.026336,-9.555259,-0.011724,0.015721,-0.019452
1704884273,6534994,0.059855,0.055067,-9.406818,-0.014389,0.020518,-0.023182
1704884273,6535032,0.090980,-0.028730,-9.459491,-0.013323,0.020518,-0.019185
1704884273,6535070,-0.021548,-0.019154,-9.483433,-0.013323,0.017853,-0.022649
1704884273,6535108,-0.002394,0.011971,-9.500193,-0.012790,0.019185,-0.020784
1704884273,6535146,0.045490,-0.026336,-9.392453,-0.012257,0.015455,-0.021850
1704884273,6535185,0.043096,-0.007183,-9.536105,-0.014655,0.016254,-0.022649
1704884273,6535223,-0.026336,-0.016759,-9.440337,-0.010126,0.018919,-0.023715
1704884273,6535263,0.038307,0.014365,-9.375694,-0.013323,0.017320,-0.019452
1704884273,6535301,-0.062249,0.038307,-9.493010,-0.014389,0.020784,-0.019452
1704884273,6535339,0.052672,0.021548,-9.543288,-0.015455,0.018119,-0.022116
1704884273,6535377,0.011971,0.038307,-9.394848,-0.016254,0.016521,-0.021051
1704884273,6535416,0.122104,0.016759,-9.478644,-0.014655,0.018386,-0.023982
1704884273,6535454,0.047884,0.002394,-9.461885,-0.014389,0.016521,-0.021850
1704884273,6535492,0.081403,0.021548,-9.416395,-0.014922,0.019718,-0.020784
1704884274,6535532,0.033519,0.021548,-9.435549,-0.012524,0.014655,-0.019452
1704884274,6535570,0.071826,0.011971,-9.425972,-0.011458,0.019452,-0.022649
1704884274,6535608,0.052672,0.028730,-9.476251,-0.013057,0.017853,-0.024248
1704884274,6535646,0.059855,0.047884,-9.473856,-0.015455,0.018652,-0.021850
1704884274,6535685,0.026336,0.052672,-9.423578,-0.012790,0.018652,-0.023182
1704884274,6535723,0.069432,0.033519,-9.471462,-0.013323,0.018652,-0.022916
1704884274,6535763,-0.021548,0.026336,-9.531317,-0.014655,0.014922,-0.020251
1704884274,6535801,0.071826,0.016759,-9.454702,-0.016521,0.018919,-0.022916
1704884274,6535839,0.069432,-0.045490,-9.461885,-0.012790,0.018386,-0.022649
1704884274,6535877,0.110133,-0.023942,-9.428367,-0.013057,0.019718,-0.020518
1704884274,6535915,0.057461,0.002394,-9.459491,-0.012790,0.017054,-0.022649
1704884274,6535954,0.057461,0.019154,-9.493010,-0.014389,0.018119,-0.022916
1704884274,6535992,0.038307,0.059855,-9.445126,-0.011991,0.016254,-0.020251
1704884274,6536032,0.043096,0.016759,-9.490616,-0.012524,0.016787,-0.022649
1704884274,6536070,0.038307,0.043096,-9.493010,-0.014655,0.017587,-0.021317
1704884274,6536108,0.040701,0.052672,-9.461885,-0.013856,0.017054,-0.022649
1704884274,6536146,0.011971,-0.014365,-9.473856,-0.014123,0.014922,-0.022383
1704884274,6536184,0.004788,-0.016759,-9.459491,-0.011724,0.015188,-0.021583
1704884274,6536222,-0.038307,-0.009577,-9.459491,-0.014123,0.018386,-0.021850
1704884274,6536261,0.014365,0.031125,-9.507375,-0.014389,0.021317,-0.021051
1704884274,6536301,0.009577,0.035913,-9.490616,-0.011991,0.018386,-0.021850
1704884274,6536339,0.011971,0.007183,-9.358934,-0.016254,0.016521,-0.022383
1704884274,6536377,0.055067,0.052672,-9.461885,-0.012524,0.020251,-0.021583
1704884274,6536415,0.050278,-0.021548,-9.473856,-0.014389,0.016254,-0.021583
1704884274,6536453,0.083797,0.059855,-9.406818,-0.011991,0.016254,-0.023715
1704884274,6536492,0.043096,0.026336,-9.454702,-0.016787,0.015988,-0.021583
1704884275,6536530,0.023942,0.014365,-9.449914,-0.014123,0.018652,-0.020251
1704884275,6536570,0.095768,0.011971,-9.351752,-0.011191,0.013057,-0.021583
1704884275,6536608,-0.002394,0.002394,-9.440337,-0.013323,0.020251,-0.022116
1704884275,6536646,-0.016759,-0.002394,-9.423578,-0.013590,0.020518,-0.021051
1704884275,6536684,0.083797,0.026336,-9.483433,-0.012524,0.019185,-0.021850
1704884275,6536722,0.057461,0.023942,-9.502586,-0.013856,0.020251,-0.019185
1704884275,6536760,0.038307,0.045490,-9.454702,-0.014922,0.019452,-0.022116
1704884275,6536800,0.011971,0.007183,-9.538500,-0.011991,0.017587,-0.022383
1704884275,6536839,0.098162,-0.031125,-9.490616,-0.012790,0.019718,-0.023715
1704884275,6536877,0.086191,0.023942,-9.445126,-0.014655,0.020784,-0.024248
1704884275,6536915,0.088585,0.071826,-9.390059,-0.014389,0.019452,-0.025580
1704884275,6536954,0.052672,0.064643,-9.409213,-0.014389,0.018919,-0.021850
1704884275,6536992,0.019154,0.004788,-9.428367,-0.012257,0.019185,-0.019985
1704884275,6537030,0.016759,0.045490,-9.495404,-0.013856,0.018652,-0.020518
1704884275,6537071,0.016759,-0.011971,-9.442732,-0.014389,0.018119,-0.022383
1704884275,6537110,-0.009577,0.067038,-9.507375,-0.011991,0.014123,-0.021317
1704884275,6537148,0.050278,0.076614,-9.452309,-0.010925,0.018919,-0.022916
1704884275,6537186,0.019154,0.021548,-9.483433,-0.015188,0.019185,-0.025580
1704884275,6537225,0.028730,0.047884,-9.385271,-0.015455,0.017320,-0.022383
1704884275,6537263,0.009577,-0.028730,-9.423578,-0.011724,0.016521,-0.023982
1704884275,6537301,0.028730,0.009577,-9.514558,-0.013057,0.017587,-0.021583
1704884275,6537342,0.047884,0.009577,-9.552865,-0.016254,0.020518,-0.022116
1704884275,6537381,0.050278,0.050278,-9.483433,-0.010658,0.016254,-0.021850
1704884275,6537419,0.028730,-0.031125,-9.500193,-0.014922,0.016787,-0.023449
1704884275,6537458,0.076614,-0.014365,-9.358934,-0.013856,0.016254,-0.022916
1704884275,6537496,0.004788,0.079009,-9.454702,-0.013856,0.016787,-0.022383
1704884276,6537534,0.076614,0.009577,-9.526528,-0.013590,0.018119,-0.024248
1704884276,6537575,0.081403,-0.023942,-9.370906,-0.012524,0.018919,-0.022916
1704884276,6537614,0.059855,-0.016759,-9.466674,-0.013590,0.018119,-0.024781
1704884276,6537652,0.035913,-0.021548,-9.358934,-0.009859,0.017587,-0.020518
1704884276,6537690,-0.047884,0.011971,-9.495404,-0.016254,0.019985,-0.024781
1704884276,6537729,0.033519,0.043096,-9.521740,-0.014389,0.019718,-0.020251
1704884276,6537767,0.023942,-0.047884,-9.461885,-0.015188,0.018652,-0.023182
1704884276,6537805,0.009577,0.043096,-9.414001,-0.011458,0.019718,-0.021583
1704884276,6537846,0.040701,-0.045490,-9.533711,-0.013856,0.018919,-0.023182
1704884276,6537885,0.023942,0.050278,-9.466674,-0.012524,0.015721,-0.021051
1704884276,6537923,0.007183,0.026336,-9.445126,-0.012790,0.014922,-0.021051
1704884276,6537961,0.047884,0.000000,-9.469068,-0.014922,0.017853,-0.021583
1704884276,6538000,0.076614,0.023942,-9.433155,-0.013590,0.016787,-0.022916
1704884276,6538038,0.004788,0.028730,-9.476251,-0.013323,0.016254,-0.021850
1704884276,6538077,0.079009,0.057461,-9.457097,-0.013323,0.017054,-0.023449
1704884276,6538117,0.050278,0.021548,-9.476251,-0.013856,0.016521,-0.021051
1704884276,6538156,0.033519,0.043096,-9.562442,-0.016787,0.020251,-0.020518
1704884276,6538194,0.090980,-0.002394,-9.469068,-0.018386,0.015988,-0.025047
1704884276,6538233,0.035913,-0.033519,-9.495404,-0.012257,0.018386,-0.021850
1704884276,6538271,0.071826,0.057461,-9.423578,-0.012257,0.016521,-0.024515
1704884276,6538309,-0.019154,0.052672,-9.476251,-0.015721,0.018919,-0.021317
1704884276,6538350,0.071826,0.038307,-9.473856,-0.014389,0.017853,-0.021317
1704884276,6538389,0.031125,0.059855,-9.404425,-0.013856,0.018386,-0.021051
1704884276,6538427,0.086191,0.031125,-9.533711,-0.011991,0.015721,-0.022916
1704884276,6538466,0.038307,0.007183,-9.485827,-0.015988,0.016787,-0.020784
1704884276,6538504,-0.021548,0.064643,-9.447520,-0.014123,0.014655,-0.020518
1704884277,6538542,0.038307,-0.026336,-9.488221,-0.014922,0.016787,-0.021850
1704884277,6538581,0.100556,0.057461,-9.466674,-0.011458,0.017853,-0.024781
1704884277,6538621,0.045490,0.045490,-9.406818,-0.014123,0.019452,-0.019718
1704884277,6538660,0.031125,0.040701,-9.543288,-0.014389,0.018386,-0.019718
1704884277,6538698,0.021548,0.021548,-9.423578,-0.015988,0.014922,-0.021583
1704884277,6538736,0.040701,0.055067,-9.440337,-0.014922,0.015721,-0.022383
1704884277,6538775,0.059855,-0.009577,-9.445126,-0.013057,0.017587,-0.020251
1704884277,6538813,-0.057461,-0.014365,-9.531317,-0.012524,0.018652,-0.021051
1704884277,6538851,0.079009,0.026336,-9.461885,-0.014389,0.014922,-0.023182
1704884277,6538900,0.045490,0.009577,-9.459491,-0.013057,0.018919,-0.023182
1704884277,6538939,0.014365,0.076614,-9.536105,-0.015455,0.015188,-0.025047
1704884277,6538977,0.102951,0.019154,-9.519346,-0.011724,0.019452,-0.022649
1704884277,6539015,0.004788,0.019154,-9.466674,-0.013057,0.017587,-0.020784
1704884277,6539053,0.045490,0.028730,-9.485827,-0.014389,0.014123,-0.022916
1704884277,6539091,0.045490,0.033519,-9.552865,-0.010925,0.020251,-0.024781
1704884277,6539129,0.098162,0.023942,-9.540894,-0.014389,0.017853,-0.023715
1704884277,6539170,0.002394,0.004788,-9.435549,-0.013323,0.018919,-0.020518
1704884277,6539208,0.045490,0.067038,-9.485827,-0.015988,0.015721,-0.022116
1704884277,6539246,0.047884,-0.009577,-9.461885,-0.010925,0.017320,-0.025047
1704884277,6539284,0.052672,0.043096,-9.495404,-0.011991,0.011991,-0.019185
1704884277,6539322,0.093374,0.002394,-9.373300,-0.013057,0.018919,-0.019718
1704884277,6539360,0.021548,-0.004788,-9.437943,-0.013323,0.015455,-0.023182
1704884277,6539401,0.026336,-0.035913,-9.483433,-0.015455,0.017320,-0.023449
1704884277,6539439,0.067038,0.028730,-9.473856,-0.013057,0.013323,-0.022116
1704884277,6539477,-0.014365,0.021548,-9.536105,-0.011991,0.014922,-0.023182
1704884278,6539515,0.081403,0.011971,-9.483433,-0.017054,0.017587,-0.023182
1704884278,6539553,0.009577,0.021548,-9.449914,-0.013856,0.020251,-0.020251
1704884278,6539591,0.062249,0.035913,-9.497798,-0.013057,0.015188,-0.022383
1704884278,6539629,0.009577,0.000000,-9.509769,-0.011724,0.015455,-0.023982
1704884278,6539670,0.023942,-0.055067,-9.502586,-0.013323,0.017853,-0.023182
1704884278,6539708,0.059855,0.033519,-9.524135,-0.013590,0.017587,-0.021850
1704884278,6539746,0.069432,0.040701,-9.478644,-0.013057,0.020518,-0.022383
1704884278,6539784,0.062249,0.067038,-9.493010,-0.014123,0.017853,-0.021317
1704884278,6539822,0.000000,0.055067,-9.440337,-0.014389,0.015455,-0.022649
1704884278,6539861,0.038307,0.019154,-9.521740,-0.012524,0.021051,-0.021317
1704884278,6539899,0.002394,0.004788,-9.399636,-0.017054,0.015721,-0.021051
1704884278,6539939,0.019154,0.040701,-9.449914,-0.013590,0.015988,-0.021317
1704884278,6539977,0.090980,0.000000,-9.457097,-0.012524,0.019718,-0.020518
1704884278,6540015,0.014365,0.038307,-9.481039,-0.014655,0.014655,-0.021583
1704884278,6540053,0.083797,0.031125,-9.464279,-0.016787,0.022116,-0.023715
1704884278,6540091,0.038307,0.016759,-9.385271,-0.012524,0.015188,-0.022116
1704884278,6540130,0.071826,0.014365,-9.471462,-0.012257,0.017853,-0.022916
1704884278,6540168,0.031125,0.047884,-9.481039,-0.015721,0.020518,-0.022649
1704884278,6540204,0.040701,0.021548,-9.469068,-0.013590,0.018386,-0.020251
1704884278,6540243,0.067038,0.059855,-9.473856,-0.015188,0.018652,-0.022116
1704884278,6540281,0.035913,0.009577,-9.430760,-0.015188,0.015721,-0.021051
1704884278,6540319,0.093374,0.059855,-9.447520,-0.012257,0.015721,-0.021850
1704884278,6540357,0.088585,0.028730,-9.521740,-0.014389,0.019718,-0.022116
1704884278,6540395,0.083797,0.076614,-9.528923,-0.014922,0.014123,-0.024515
1704884278,6540435,0.050278,-0.004788,-9.461885,-0.016254,0.017320,-0.021850
1704884278,6540474,-0.014365,0.021548,-9.378088,-0.012524,0.019185,-0.022649
1704884279,6540512,0.064643,0.014365,-9.385271,-0.012257,0.018919,-0.021317
1704884279,6540550,0.067038,0.038307,-9.521740,-0.014922,0.019718,-0.021850
1704884279,6540588,0.007183,-0.016759,-9.521740,-0.011724,0.015188,-0.023715
1704884279,6540626,0.038307,0.009577,-9.406818,-0.014123,0.019185,-0.021317
1704884279,6540664,0.076614,0.021548,-9.469068,-0.013323,0.017320,-0.022649
1704884279,6540704,-0.071826,0.014365,-9.399636,-0.013590,0.018119,-0.021583
1704884279,6540742,0.011971,-0.004788,-9.380483,-0.014123,0.014123,-0.021583
1704884279,6540780,0.055067,-0.004788,-9.464279,-0.011458,0.014123,-0.020518
1704884279,6540818,0.040701,-0.031125,-9.370906,-0.014389,0.016521,-0.019718
1704884279,6540856,0.081403,0.014365,-9.555259,-0.011991,0.019452,-0.022649
1704884279,6540894,0.004788,0.023942,-9.464279,-0.014922,0.017320,-0.022383
1704884279,6540932,0.047884,0.019154,-9.500193,-0.015455,0.021850,-0.022916
1704884279,6540973,0.057461,-0.011971,-9.521740,-0.014655,0.017853,-0.022383
1704884279,6541011,0.095768,0.000000,-9.442732,-0.013590,0.015188,-0.020784
1704884279,6541050,0.045490,0.007183,-9.459491,-0.013590,0.013856,-0.021850
1704884279,6541088,0.071826,0.033519,-9.433155,-0.013856,0.017320,-0.023449
1704884279,6541126,0.117316,0.055067,-9.447520,-0.013057,0.021317,-0.021583
1704884279,6541164,-0.043096,-0.009577,-9.509769,-0.014123,0.015188,-0.022116
1704884279,6541205,0.079009,0.050278,-9.406818,-0.014389,0.016787,-0.023982
1704884279,6541244,0.040701,-0.004788,-9.524135,-0.013856,0.017054,-0.021583
1704884279,6541282,0.009577,0.002394,-9.488221,-0.015455,0.018652,-0.020784
1704884279,6541320,0.038307,0.033519,-9.461885,-0.012524,0.017320,-0.021583
1704884279,6541359,0.009577,0.040701,-9.495404,-0.013057,0.016521,-0.017587
1704884279,6541397,0.043096,-0.004788,-9.516952,-0.016254,0.015721,-0.022916
1704884279,6541436,-0.033519,0.040701,-9.500193,-0.011724,0.017853,-0.021583
1704884279,6541477,0.069432,0.045490,-9.411607,-0.015721,0.019718,-0.021583
1704884280,6541515,0.035913,0.031125,-9.416395,-0.015455,0.014123,-0.024515
1704884280,6541553,0.071826,-0.014365,-9.449914,-0.009859,0.016254,-0.021051
1704884280,6541592,0.031125,0.055067,-9.375694,-0.013856,0.015721,-0.021850
1704884280,6541630,0.031125,0.035913,-9.473856,-0.013323,0.016254,-0.021850
1704884280,6541668,0.050278,-0.011971,-9.380483,-0.013856,0.017853,-0.021317
1704884280,6541707,0.095768,0.000000,-9.414001,-0.012257,0.015721,-0.020784
1704884280,6541748,0.033519,-0.019154,-9.454702,-0.013590,0.015455,-0.022916
1704884280,6541786,0.019154,-0.009577,-9.478644,-0.011458,0.017320,-0.023182
1704884280,6541824,0.067038,0.035913,-9.354146,-0.011458,0.017320,-0.021850
1704884280,6541863,0.002394,0.035913,-9.493010,-0.013323,0.017853,-0.019718
1704884280,6541901,0.038307,0.011971,-9.433155,-0.012790,0.018119,-0.023449
1704884280,6541940,0.083797,0.021548,-9.433155,-0.013057,0.017587,-0.022116
1704884280,6541980,0.079009,0.040701,-9.488221,-0.013856,0.019985,-0.020251
1704884280,6542019,0.016759,0.026336,-9.447520,-0.012790,0.019718,-0.022916
1704884280,6542057,0.098162,0.035913,-9.370906,-0.014389,0.018119,-0.019985
1704884280,6542096,0.069432,-0.007183,-9.485827,-0.012790,0.019185,-0.021850
1704884280,6542134,0.119710,-0.019154,-9.437943,-0.014655,0.014922,-0.022916
1704884280,6542172,-0.016759,0.023942,-9.588778,-0.011458,0.017587,-0.019718
1704884280,6542211,0.045490,0.031125,-9.445126,-0.009859,0.019985,-0.023449
1704884280,6542252,-0.007183,0.014365,-9.447520,-0.011458,0.011991,-0.021850
1704884280,6542290,0.071826,0.014365,-9.528923,-0.014922,0.014655,-0.019718
1704884280,6542328,0.047884,0.064643,-9.524135,-0.011991,0.018652,-0.020518
1704884280,6542367,0.079009,0.064643,-9.528923,-0.011724,0.015455,-0.020251
1704884280,6542405,0.052672,0.083797,-9.411607,-0.014389,0.018652,-0.023449
1704884280,6542444,0.079009,0.021548,-9.502586,-0.013057,0.017054,-0.023182
1704884280,6542482,0.093374,-0.021548,-9.406818,-0.011458,0.018652,-0.023715
1704884281,6542523,0.055067,-0.021548,-9.493010,-0.011724,0.018919,-0.020251
1704884281,6542561,0.050278,0.014365,-9.526528,-0.013856,0.014922,-0.020784
1704884281,6542600,0.023942,0.057461,-9.464279,-0.011991,0.018652,-0.023982
1704884281,6542638,0.038307,0.019154,-9.423578,-0.011458,0.019452,-0.023982
1704884281,6542676,0.064643,-0.043096,-9.457097,-0.011191,0.018386,-0.023715
1704884281,6542715,-0.009577,0.074220,-9.473856,-0.014389,0.020784,-0.022916
1704884281,6542753,0.011971,0.011971,-9.430760,-0.013590,0.019185,-0.020518
1704884281,6542794,0.081403,-0.004788,-9.509769,-0.013323,0.015721,-0.022649
1704884281,6542832,0.050278,0.064643,-9.476251,-0.015455,0.017853,-0.018386
1704884281,6542870,0.011971,0.064643,-9.459491,-0.012790,0.016254,-0.020251
1704884281,6542909,-0.002394,-0.023942,-9.423578,-0.013323,0.019452,-0.021317
1704884281,6542947,0.043096,0.000000,-9.524135,-0.013057,0.018386,-0.021317
1704884281,6542985,-0.009577,-0.031125,-9.519346,-0.014389,0.018919,-0.025047
1704884281,6543034,0.059855,0.088585,-9.473856,-0.010925,0.018919,-0.023715
1704884281,6543073,0.011971,0.002394,-9.469068,-0.014922,0.018119,-0.020251
1704884281,6543111,0.071826,0.040701,-9.514558,-0.013323,0.015455,-0.023449
1704884281,6543149,0.019154,0.074220,-9.528923,-0.014922,0.019452,-0.023449
1704884281,6543187,0.011971,0.059855,-9.550470,-0.010658,0.018919,-0.025580
1704884281,6543225,0.019154,-0.009577,-9.464279,-0.011458,0.016521,-0.024781
1704884281,6543263,0.016759,-0.002394,-9.490616,-0.011191,0.018386,-0.022916
1704884281,6543303,0.107739,0.050278,-9.459491,-0.014389,0.016254,-0.022116
1704884281,6543341,0.004788,0.055067,-9.459491,-0.011724,0.020518,-0.022383
1704884281,6543379,0.021548,0.023942,-9.433155,-0.014922,0.018119,-0.019452
1704884281,6543418,-0.031125,0.023942,-9.507375,-0.014655,0.019985,-0.022383
1704884281,6543456,0.004788,-0.052672,-9.433155,-0.014389,0.016254,-0.022116
1704884281,6543494,0.009577,0.031125,-9.466674,-0.013057,0.017587,-0.023182
1704884282,6543532,-0.011971,0.045490,-9.466674,-0.014922,0.014655,-0.022383
1704884282,6543572,0.019154,0.040701,-9.447520,-0.014389,0.017587,-0.023182
1704884282,6543610,0.079009,0.000000,-9.502586,-0.012257,0.017587,-0.022383
1704884282,6543649,0.028730,0.014365,-9.442732,-0.013057,0.017587,-0.023182
1704884282,6543687,0.050278,0.016759,-9.402030,-0.015188,0.016521,-0.025314
1704884282,6543725,0.040701,0.002394,-9.473856,-0.015188,0.022649,-0.025047
1704884282,6543763,0.059855,0.011971,-9.540894,-0.016521,0.020518,-0.020784
1704884282,6543803,0.055067,-0.009577,-9.459491,-0.010392,0.014922,-0.022383
1704884282,6543841,0.050278,0.004788,-9.478644,-0.014922,0.019452,-0.022916
1704884282,6543879,0.028730,-0.023942,-9.490616,-0.012257,0.018919,-0.022916
1704884282,6543918,0.035913,0.009577,-9.414001,-0.013057,0.013057,-0.019985
1704884282,6543956,0.028730,0.069432,-9.536105,-0.013590,0.020518,-0.021583
1704884282,6543994,0.064643,0.076614,-9.500193,-0.012257,0.017587,-0.023449
1704884282,6544032,0.074220,0.038307,-9.514558,-0.013590,0.016787,-0.021317
1704884282,6544072,0.009577,0.035913,-9.421184,-0.013590,0.017853,-0.021850
1704884282,6544110,0.033519,0.002394,-9.531317,-0.017587,0.013057,-0.020518
1704884282,6544148,0.043096,-0.007183,-9.502586,-0.011458,0.018119,-0.021583
1704884282,6544186,0.014365,0.028730,-9.583989,-0.015721,0.016254,-0.022116
1704884282,6544225,0.079009,-0.004788,-9.507375,-0.012524,0.020784,-0.022649
1704884282,6544263,0.026336,-0.028730,-9.469068,-0.013590,0.019985,-0.021850
1704884282,6544301,0.074220,0.045490,-9.437943,-0.013057,0.017054,-0.023449
1704884282,6544341,0.033519,0.057461,-9.512163,-0.015455,0.020784,-0.020251
1704884282,6544379,0.134075,0.016759,-9.466674,-0.012257,0.019185,-0.024515
1704884282,6544418,0.081403,-0.014365,-9.461885,-0.012790,0.022383,-0.022916
1704884282,6544456,0.035913,0.014365,-9.404425,-0.012790,0.016787,-0.022916
1704884282,6544494,0.045490,0.021548,-9.469068,-0.014123,0.018652,-0.022116
1704884283,6544532,0.011971,0.028730,-9.394848,-0.012524,0.019452,-0.021583
1704884283,6544572,0.067038,-0.016759,-9.452309,-0.011724,0.017320,-0.021583
1704884283,6544610,0.000000,0.035913,-9.478644,-0.014123,0.018386,-0.021850
1704884283,6544648,0.074220,0.050278,-9.457097,-0.012257,0.021051,-0.021051
1704884283,6544687,0.011971,-0.011971,-9.466674,-0.014655,0.016521,-0.021850
1704884283,6544725,0.055067,0.026336,-9.440337,-0.013590,0.021051,-0.018919
1704884283,6544763,0.033519,0.002394,-9.488221,-0.013590,0.019452,-0.020518
1704884283,6544801,0.033519,0.045490,-9.497798,-0.011458,0.018386,-0.021850
1704884283,6544841,0.062249,-0.019154,-9.457097,-0.013323,0.019985,-0.021583
1704884283,6544879,0.031125,0.062249,-9.543288,-0.015455,0.021051,-0.019452
1704884283,6544917,0.062249,0.040701,-9.473856,-0.016521,0.016254,-0.022383
1704884283,6544955,0.098162,0.028730,-9.399636,-0.012790,0.019452,-0.023982
1704884283,6544993,0.021548,0.031125,-9.423578,-0.014655,0.015188,-0.021850
1704884283,6545031,-0.007183,-0.011971,-9.490616,-0.011458,0.016254,-0.023715
1704884283,6545069,0.045490,-0.007183,-9.358934,-0.014922,0.015188,-0.021317
1704884283,6545110,0.019154,0.000000,-9.356541,-0.013057,0.014922,-0.024248
1704884283,6545148,0.040701,0.011971,-9.476251,-0.012790,0.016521,-0.024781
1704884283,6545186,0.043096,-0.016759,-9.514558,-0.012790,0.019985,-0.022916
1704884283,6545225,0.031125,0.031125,-9.411607,-0.013323,0.018386,-0.022116
1704884283,6545263,0.038307,0.007183,-9.519346,-0.014123,0.015988,-0.022116
1704884283,6545301,0.126893,0.009577,-9.404425,-0.011724,0.015988,-0.022383
1704884283,6545340,0.076614,0.016759,-9.540894,-0.012257,0.016254,-0.023982
1704884283,6545381,0.035913,0.000000,-9.514558,-0.012257,0.017320,-0.021051
1704884283,6545419,0.004788,-0.035913,-9.526528,-0.013856,0.015721,-0.022116
1704884283,6545458,0.023942,-0.011971,-9.418790,-0.012257,0.020251,-0.023715
1704884283,6545496,0.052672,0.031125,-9.435549,-0.013057,0.020251,-0.020784
1704884284,6545534,0.047884,0.047884,-9.490616,-0.013590,0.016521,-0.024515
1704884284,6545573,0.023942,0.023942,-9.483433,-0.015455,0.017054,-0.023182
1704884284,6545614,0.038307,-0.014365,-9.478644,-0.011458,0.017853,-0.022916
1704884284,6545652,0.055067,-0.023942,-9.526528,-0.017054,0.017054,-0.024248
1704884284,6545690,0.004788,0.059855,-9.428367,-0.015988,0.016521,-0.022116
1704884284,6545729,0.069432,0.028730,-9.437943,-0.014922,0.018386,-0.021850
1704884284,6545767,-0.035913,0.028730,-9.380483,-0.014922,0.019452,-0.019452
1704884284,6545806,0.016759,0.064643,-9.425972,-0.014655,0.022383,-0.021583
1704884284,6545844,0.069432,0.000000,-9.437943,-0.012257,0.014922,-0.022116
1704884284,6545885,0.062249,0.035913,-9.461885,-0.011191,0.011991,-0.020518
1704884284,6545923,0.009577,0.011971,-9.423578,-0.012790,0.023982,-0.023182
1704884284,6545962,0.050278,0.009577,-9.543288,-0.012790,0.022383,-0.021317
1704884284,6546000,0.052672,0.026336,-9.519346,-0.011724,0.015988,-0.022116
1704884284,6546038,0.033519,0.031125,-9.562442,-0.012257,0.016254,-0.023182
1704884284,6546077,0.059855,0.057461,-9.440337,-0.015188,0.020518,-0.022116
1704884284,6546115,0.035913,0.095768,-9.545682,-0.014389,0.019185,-0.021317
1704884284,6546156,0.038307,0.059855,-9.435549,-0.012790,0.017587,-0.023982
1704884284,6546195,0.045490,0.028730,-9.495404,-0.014123,0.020784,-0.023982
1704884284,6546233,0.076614,0.028730,-9.488221,-0.011991,0.018919,-0.021850
1704884284,6546271,0.047884,0.002394,-9.437943,-0.015988,0.016787,-0.023715
1704884284,6546310,0.076614,-0.007183,-9.421184,-0.015721,0.014655,-0.022383
1704884284,6546348,0.114922,0.009577,-9.454702,-0.014655,0.021317,-0.022116
1704884284,6546389,0.059855,0.069432,-9.502586,-0.014655,0.017054,-0.024781
1704884284,6546428,0.059855,0.014365,-9.485827,-0.013057,0.018652,-0.022649
1704884284,6546477,0.004788,-0.002394,-9.442732,-0.014123,0.013590,-0.021583
1704884285,6546515,0.021548,0.011971,-9.442732,-0.014922,0.020518,-0.020784
1704884285,6546553,0.076614,0.043096,-9.567230,-0.014123,0.021051,-0.022649
1704884285,6546592,0.076614,-0.004788,-9.459491,-0.011191,0.020251,-0.023715
1704884285,6546630,0.045490,-0.019154,-9.493010,-0.012790,0.014655,-0.022383
1704884285,6546671,0.031125,0.040701,-9.466674,-0.014123,0.019452,-0.022116
1704884285,6546709,-0.016759,0.000000,-9.411607,-0.013590,0.017587,-0.022649
1704884285,6546747,0.067038,0.004788,-9.428367,-0.011991,0.020518,-0.022116
1704884285,6546786,-0.011971,0.014365,-9.473856,-0.014655,0.019452,-0.020784
1704884285,6546824,0.057461,0.028730,-9.497798,-0.014922,0.015188,-0.024515
1704884285,6546863,0.004788,0.035913,-9.445126,-0.012790,0.019185,-0.020784
1704884285,6546901,0.045490,0.011971,-9.524135,-0.010658,0.018119,-0.021583
1704884285,6546942,0.028730,-0.057461,-9.548077,-0.012790,0.014123,-0.021850
1704884285,6546980,0.007183,-0.004788,-9.461885,-0.011724,0.017320,-0.021051
1704884285,6547018,0.052672,-0.011971,-9.414001,-0.013057,0.017320,-0.021051
1704884285,6547057,0.040701,0.031125,-9.404425,-0.013323,0.016787,-0.021583
1704884285,6547095,0.105345,0.035913,-9.473856,-0.011991,0.015455,-0.021850
1704884285,6547133,0.023942,0.014365,-9.464279,-0.014922,0.018652,-0.024248
1704884285,6547172,0.064643,0.028730,-9.449914,-0.014123,0.022383,-0.021051
1704884285,6547220,0.052672,0.011971,-9.425972,-0.013057,0.015988,-0.021317
1704884285,6547259,0.000000,0.019154,-9.442732,-0.012524,0.016521,-0.020784
1704884285,6547297,0.052672,0.023942,-9.397242,-0.013590,0.014655,-0.019718
1704884285,6547335,-0.014365,0.009577,-9.502586,-0.014389,0.018119,-0.023715
1704884285,6547373,0.050278,0.028730,-9.490616,-0.015988,0.017853,-0.022916
1704884285,6547411,0.055067,0.067038,-9.493010,-0.016521,0.021583,-0.020784
1704884285,6547452,0.040701,0.023942,-9.526528,-0.016254,0.020251,-0.022916
1704884285,6547490,0.023942,0.035913,-9.550470,-0.012524,0.017853,-0.020251
1704884286,6547528,0.040701,-0.016759,-9.576807,-0.011991,0.022116,-0.023715
1704884286,6547566,0.050278,0.026336,-9.442732,-0.015188,0.022116,-0.020784
1704884286,6547604,0.057461,0.026336,-9.380483,-0.014655,0.018652,-0.021583
1704884286,6547642,0.069432,0.038307,-9.425972,-0.014655,0.018919,-0.024248
1704884286,6547680,-0.019154,0.035913,-9.425972,-0.015188,0.019185,-0.021317
1704884286,6547721,0.069432,-0.011971,-9.490616,-0.013590,0.015721,-0.022116
1704884286,6547759,0.098162,0.021548,-9.497798,-0.009859,0.019718,-0.022916
1704884286,6547797,0.059855,0.021548,-9.430760,-0.012524,0.013856,-0.026380
1704884286,6547835,0.016759,-0.007183,-9.442732,-0.013057,0.017320,-0.021051
1704884286,6547873,0.079009,0.038307,-9.545682,-0.015721,0.015455,-0.022649
1704884286,6547911,-0.007183,-0.016759,-9.440337,-0.014123,0.016521,-0.019718
1704884286,6547949,-0.014365,-0.009577,-9.406818,-0.013856,0.018919,-0.021850
1704884286,6547990,0.031125,0.086191,-9.483433,-0.015188,0.014123,-0.020784
1704884286,6548028,0.076614,0.014365,-9.459491,-0.014655,0.018386,-0.022383
1704884286,6548066,0.040701,-0.026336,-9.452309,-0.013590,0.018119,-0.022116
1704884286,6548104,-0.021548,0.050278,-9.461885,-0.015455,0.019185,-0.021317
1704884286,6548142,0.057461,0.050278,-9.421184,-0.013856,0.015455,-0.019718
1704884286,6548180,0.038307,0.023942,-9.382876,-0.014922,0.017054,-0.024781
1704884286,6548220,0.069432,0.069432,-9.454702,-0.010925,0.018119,-0.022383
1704884286,6548258,0.076614,-0.007183,-9.402030,-0.014922,0.019185,-0.023182
1704884286,6548297,0.059855,0.074220,-9.442732,-0.012524,0.021051,-0.022383
1704884286,6548335,0.014365,-0.026336,-9.411607,-0.015988,0.021317,-0.021317
1704884286,6548373,0.112527,0.057461,-9.504981,-0.013323,0.016254,-0.020251
1704884286,6548411,0.074220,0.047884,-9.390059,-0.014389,0.017853,-0.022116
1704884286,6548449,0.055067,0.023942,-9.318233,-0.013323,0.015188,-0.022383
1704884286,6548489,0.004788,0.019154,-9.449914,-0.013057,0.020784,-0.023715
1704884287,6548528,0.052672,0.064643,-9.466674,-0.014922,0.014389,-0.019985
1704884287,6548566,-0.026336,0.007183,-9.382876,-0.011191,0.017587,-0.021583
1704884287,6548604,0.076614,0.052672,-9.442732,-0.012790,0.015455,-0.022916
1704884287,6548642,0.016759,0.045490,-9.440337,-0.015721,0.016254,-0.022916
1704884287,6548680,0.057461,-0.007183,-9.493010,-0.014123,0.018919,-0.025314
1704884287,6548718,0.026336,0.035913,-9.440337,-0.014123,0.022649,-0.022116
1704884287,6548758,0.019154,0.043096,-9.485827,-0.013590,0.018919,-0.020784
1704884287,6548797,0.079009,0.019154,-9.526528,-0.013057,0.020518,-0.022116
1704884287,6548835,0.071826,0.055067,-9.457097,-0.012257,0.017320,-0.019985
1704884287,6548873,0.067038,0.002394,-9.524135,-0.016521,0.021051,-0.023182
1704884287,6548911,0.047884,0.043096,-9.423578,-0.013057,0.018119,-0.021317
1704884287,6548949,0.064643,0.009577,-9.473856,-0.011191,0.018386,-0.023715
1704884287,6548987,0.083797,-0.074220,-9.464279,-0.012790,0.018386,-0.018652
1704884287,6549027,0.016759,-0.026336,-9.478644,-0.015188,0.016521,-0.024781
1704884287,6549065,0.045490,-0.002394,-9.469068,-0.013856,0.018919,-0.023449
1704884287,6549103,0.033519,0.031125,-9.416395,-0.011991,0.014123,-0.020518
1704884287,6549141,0.083797,0.057461,-9.490616,-0.013323,0.015988,-0.022916
1704884287,6549179,0.023942,0.028730,-9.454702,-0.011991,0.021051,-0.023182
1704884287,6549217,0.028730,-0.023942,-9.397242,-0.013856,0.014922,-0.024781
1704884287,6549258,0.043096,0.004788,-9.461885,-0.013856,0.020251,-0.022649
1704884287,6549296,0.019154,0.009577,-9.490616,-0.017054,0.018652,-0.019185
1704884287,6549334,0.050278,0.004788,-9.473856,-0.010658,0.017320,-0.019985
1704884287,6549373,0.043096,0.028730,-9.500193,-0.014655,0.021583,-0.021850
1704884287,6549411,0.028730,0.009577,-9.404425,-0.012790,0.013856,-0.025047
1704884287,6549450,0.038307,-0.011971,-9.406818,-0.010925,0.016254,-0.021051
1704884287,6549488,-0.002394,0.021548,-9.430760,-0.016521,0.018119,-0.022383
1704884288,6549529,0.011971,0.045490,-9.397242,-0.012524,0.018919,-0.022383
1704884288,6549567,0.057461,0.055067,-9.588778,-0.010925,0.019452,-0.022383
1704884288,6549606,0.057461,0.009577,-9.430760,-0.012524,0.017587,-0.020784
1704884288,6549644,0.004788,0.043096,-9.500193,-0.013590,0.017853,-0.023715
1704884288,6549682,-0.035913,0.026336,-9.495404,-0.015455,0.014655,-0.022916
1704884288,6549721,0.033519,-0.011971,-9.442732,-0.013590,0.017054,-0.022916
1704884288,6549759,-0.014365,0.014365,-9.385271,-0.013057,0.017054,-0.020518
1704884288,6549800,0.031125,-0.004788,-9.397242,-0.015721,0.021051,-0.025047
1704884288,6549838,0.033519,-0.014365,-9.490616,-0.012257,0.019985,-0.019718
1704884288,6549877,0.050278,0.057461,-9.461885,-0.014655,0.021317,-0.019985
1704884288,6549915,0.028730,0.038307,-9.521740,-0.012524,0.016787,-0.023715
1704884288,6549953,0.000000,-0.026336,-9.454702,-0.014389,0.017853,-0.023449
1704884288,6549992,0.026336,0.052672,-9.442732,-0.015988,0.017054,-0.024248
1704884288,6550033,0.055067,0.055067,-9.452309,-0.013323,0.022383,-0.022116
1704884288,6550071,0.019154,-0.014365,-9.423578,-0.014123,0.015455,-0.021583
1704884288,6550109,0.052672,0.074220,-9.533711,-0.013590,0.019718,-0.021317
1704884288,6550148,0.007183,-0.023942,-9.457097,-0.016521,0.019185,-0.023715
1704884288,6550186,0.052672,0.002394,-9.406818,-0.011191,0.022383,-0.020784
1704884288,6550224,0.023942,0.052672,-9.454702,-0.014389,0.018919,-0.019185
1704884288,6550263,0.059855,0.021548,-9.354146,-0.011724,0.016787,-0.024248
1704884288,6550304,0.028730,-0.014365,-9.433155,-0.009326,0.017054,-0.023449
1704884288,6550342,0.052672,0.007183,-9.493010,-0.014922,0.017320,-0.022649
1704884288,6550380,0.047884,-0.031125,-9.488221,-0.015455,0.019452,-0.021850
1704884288,6550419,0.055067,0.023942,-9.478644,-0.013856,0.015721,-0.023982
1704884288,6550457,0.047884,0.033519,-9.442732,-0.015188,0.016521,-0.025047
1704884288,6550496,0.035913,0.002394,-9.507375,-0.013590,0.018119,-0.021583
1704884289,6550534,0.059855,-0.026336,-9.433155,-0.015988,0.016787,-0.022916
1704884289,6550575,-0.002394,0.055067,-9.399636,-0.014922,0.017587,-0.020784
1704884289,6550613,0.086191,-0.009577,-9.478644,-0.012524,0.017853,-0.021583
1704884289,6550652,0.067038,0.028730,-9.466674,-0.012524,0.017853,-0.024248
1704884289,6550690,0.076614,0.059855,-9.485827,-0.013856,0.013590,-0.019185
1704884289,6550728,0.026336,0.011971,-9.411607,-0.011191,0.018386,-0.021850
1704884289,6550767,0.059855,0.014365,-9.500193,-0.014922,0.019185,-0.021317
1704884289,6550808,0.045490,0.028730,-9.425972,-0.014123,0.015188,-0.025047
1704884289,6550846,0.059855,0.019154,-9.416395,-0.016254,0.018652,-0.024248
1704884289,6550884,0.050278,0.047884,-9.548077,-0.013590,0.014655,-0.020784
1704884289,6550923,0.028730,-0.026336,-9.481039,-0.013323,0.016254,-0.020251
1704884289,6550961,0.067038,0.033519,-9.493010,-0.013856,0.017320,-0.021850
1704884289,6551000,0.033519,-0.009577,-9.433155,-0.013856,0.016254,-0.020518
1704884289,6551038,0.038307,0.045490,-9.425972,-0.013856,0.023449,-0.021317
1704884289,6551079,0.016759,0.035913,-9.442732,-0.013323,0.020251,-0.021850
1704884289,6551117,0.052672,0.009577,-9.466674,-0.013856,0.015988,-0.022383
1704884289,6551155,0.055067,0.028730,-9.394848,-0.010658,0.020784,-0.021583
1704884289,6551194,0.045490,0.059855,-9.454702,-0.011458,0.018119,-0.025314
1704884289,6551232,0.016759,0.002394,-9.490616,-0.014655,0.016521,-0.021317
1704884289,6551270,0.021548,-0.009577,-9.583989,-0.014389,0.017853,-0.022916
1704884289,6551309,0.057461,0.052672,-9.457097,-0.014922,0.017587,-0.023449
1704884289,6551357,0.040701,0.011971,-9.483433,-0.014655,0.019718,-0.021317
1704884289,6551396,0.050278,0.023942,-9.416395,-0.012790,0.017587,-0.020518
1704884289,6551434,0.040701,-0.028730,-9.449914,-0.013057,0.014922,-0.022649
1704884289,6551472,0.067038,0.023942,-9.418790,-0.015188,0.018386,-0.023449
1704884290,6551510,-0.009577,0.045490,-9.390059,-0.014123,0.014922,-0.021583
1704884290,6551548,0.028730,0.040701,-9.481039,-0.013590,0.017320,-0.023182
1704884290,6551586,-0.026336,0.071826,-9.397242,-0.015988,0.021850,-0.022649
1704884290,6551627,0.050278,-0.064643,-9.354146,-0.015721,0.014922,-0.023182
1704884290,6551665,0.016759,0.067038,-9.588778,-0.011991,0.016521,-0.022116
1704884290,6551703,0.023942,0.047884,-9.502586,-0.013590,0.014123,-0.021051
1704884290,6551741,0.057461,-0.031125,-9.457097,-0.012524,0.017320,-0.021317
1704884290,6551779,0.038307,0.057461,-9.430760,-0.016521,0.017320,-0.019452
1704884290,6551817,-0.007183,0.009577,-9.562442,-0.013856,0.018919,-0.020518
1704884290,6551858,0.069432,0.033519,-9.490616,-0.013323,0.018119,-0.019452
1704884290,6551896,0.033519,0.031125,-9.459491,-0.016787,0.019185,-0.018919
1704884290,6551934,0.050278,-0.031125,-9.430760,-0.015988,0.015455,-0.022116
1704884290,6551972,0.011971,-0.062249,-9.402030,-0.012257,0.016787,-0.021051
1704884290,6552010,0.038307,0.019154,-9.368511,-0.012257,0.018919,-0.023982
1704884290,6552048,0.038307,0.040701,-9.471462,-0.014922,0.016254,-0.022116
1704884290,6552086,0.069432,0.028730,-9.428367,-0.014123,0.021850,-0.023449
1704884290,6552127,0.040701,0.011971,-9.521740,-0.015721,0.018919,-0.022916
1704884290,6552165,0.035913,0.038307,-9.440337,-0.012524,0.014922,-0.021317
1704884290,6552203,0.026336,0.114922,-9.334992,-0.011458,0.016521,-0.022916
1704884290,6552241,0.019154,0.000000,-9.493010,-0.015188,0.018652,-0.022649
1704884290,6552279,0.021548,0.086191,-9.536105,-0.013323,0.017853,-0.023449
1704884290,6552317,0.071826,-0.040701,-9.416395,-0.012257,0.016254,-0.019185
1704884290,6552355,0.002394,0.093374,-9.404425,-0.014389,0.016254,-0.022383
1704884290,6552396,0.021548,0.028730,-9.454702,-0.014123,0.019985,-0.020784
1704884290,6552434,0.045490,0.035913,-9.521740,-0.014922,0.015721,-0.022649
1704884290,6552472,0.090980,-0.023942,-9.454702,-0.014389,0.018652,-0.022383
1704884291,6552510,0.055067,0.007183,-9.502586,-0.015721,0.016254,-0.022383
1704884291,6552549,0.028730,-0.028730,-9.428367,-0.013590,0.018652,-0.021583
1704884291,6552587,0.002394,-0.055067,-9.440337,-0.013856,0.019185,-0.021583
1704884291,6552627,0.035913,0.026336,-9.516952,-0.013590,0.014922,-0.024781
1704884291,6552665,0.076614,0.038307,-9.488221,-0.012524,0.022916,-0.023715
1704884291,6552703,0.067038,0.050278,-9.528923,-0.014655,0.012257,-0.022116
1704884291,6552742,-0.045490,0.016759,-9.440337,-0.012524,0.019185,-0.023182
1704884291,6552780,0.064643,0.045490,-9.512163,-0.012790,0.014655,-0.020518
1704884291,6552818,0.026336,0.021548,-9.437943,-0.013323,0.019452,-0.023715
1704884291,6552856,0.074220,0.069432,-9.447520,-0.014655,0.017587,-0.022383
1704884291,6552896,0.098162,0.033519,-9.495404,-0.011991,0.015188,-0.024248
1704884291,6552934,0.098162,0.014365,-9.464279,-0.016521,0.015988,-0.024781
1704884291,6552973,0.062249,0.014365,-9.447520,-0.015455,0.020518,-0.022116
1704884291,6553011,0.059855,0.002394,-9.521740,-0.013856,0.020251,-0.021051
1704884291,6553049,0.064643,0.059855,-9.457097,-0.014389,0.022116,-0.021317
1704884291,6553087,0.043096,0.033519,-9.346964,-0.014922,0.020784,-0.024781
1704884291,6553125,0.083797,0.038307,-9.402030,-0.013323,0.019452,-0.020518
1704884291,6553165,0.038307,0.043096,-9.502586,-0.013856,0.018652,-0.022116
1704884291,6553203,0.028730,-0.014365,-9.409213,-0.013856,0.019452,-0.021317
1704884291,6553241,0.098162,-0.028730,-9.409213,-0.012257,0.016521,-0.027179
1704884291,6553280,0.040701,0.007183,-9.409213,-0.014389,0.017320,-0.022116
1704884291,6553318,0.057461,0.021548,-9.404425,-0.009060,0.018386,-0.021850
1704884291,6553356,0.062249,0.009577,-9.397242,-0.011724,0.018652,-0.022383
1704884291,6553394,0.052672,0.016759,-9.512163,-0.014123,0.018386,-0.022116
1704884291,6553434,0.016759,0.000000,-9.421184,-0.013057,0.015721,-0.023982
1704884291,6553472,0.035913,0.016759,-9.493010,-0.009593,0.019985,-0.021051
1704884292,6553511,0.057461,-0.021548,-9.466674,-0.012257,0.019185,-0.023715
1704884292,6553549,-0.062249,0.045490,-9.449914,-0.012790,0.019185,-0.024515
1704884292,6553587,0.057461,0.026336,-9.497798,-0.014389,0.016787,-0.023449
1704884292,6553626,0.033519,0.071826,-9.437943,-0.013856,0.017853,-0.021317
1704884292,6553667,0.057461,-0.002394,-9.483433,-0.015988,0.015988,-0.021317
1704884292,6553705,0.064643,0.016759,-9.476251,-0.015455,0.018919,-0.022383
1704884292,6553743,0.052672,-0.004788,-9.459491,-0.014922,0.017587,-0.021051
1704884292,6553782,0.057461,-0.019154,-9.411607,-0.013323,0.015988,-0.020784
1704884292,6553820,0.081403,0.028730,-9.442732,-0.012524,0.011991,-0.021583
1704884292,6553858,-0.026336,0.043096,-9.485827,-0.012524,0.018119,-0.021850
1704884292,6553897,0.021548,-0.016759,-9.469068,-0.016254,0.016254,-0.023182
1704884292,6553938,0.009577,-0.016759,-9.442732,-0.013057,0.015188,-0.019718
1704884292,6553976,0.026336,0.055067,-9.416395,-0.013323,0.014922,-0.022383
1704884292,6554014,0.043096,0.021548,-9.361329,-0.012257,0.015988,-0.023449
1704884292,6554053,0.079009,0.050278,-9.531317,-0.011724,0.017853,-0.021583
1704884292,6554091,0.040701,0.016759,-9.473856,-0.012790,0.020251,-0.023449
1704884292,6554130,0.052672,0.062249,-9.402030,-0.013057,0.016521,-0.023715
1704884292,6554168,0.047884,0.023942,-9.502586,-0.015988,0.020251,-0.022116
1704884292,6554209,0.014365,0.016759,-9.464279,-0.016787,0.019185,-0.021583
1704884292,6554247,0.035913,0.074220,-9.457097,-0.014123,0.021583,-0.023182
1704884292,6554286,0.081403,0.007183,-9.504981,-0.009593,0.020518,-0.024248
1704884292,6554324,0.057461,0.002394,-9.454702,-0.013590,0.019452,-0.019985
1704884292,6554362,0.057461,-0.009577,-9.366117,-0.013856,0.017054,-0.023715
1704884292,6554401,0.069432,0.043096,-9.509769,-0.011191,0.014922,-0.019985
1704884292,6554442,0.011971,-0.002394,-9.512163,-0.013323,0.014123,-0.022649
1704884292,6554480,0.095768,0.067038,-9.469068,-0.014922,0.018652,-0.022916
1704884293,6554519,0.064643,0.062249,-9.416395,-0.014389,0.019452,-0.020784
1704884293,6554557,-0.035913,-0.004788,-9.423578,-0.014655,0.019985,-0.022383
1704884293,6554595,0.007183,0.040701,-9.552865,-0.012257,0.015721,-0.018919
1704884293,6554634,0.057461,-0.026336,-9.378088,-0.012790,0.020251,-0.023715
1704884293,6554672,0.047884,0.002394,-9.536105,-0.012257,0.016521,-0.019985
1704884293,6554713,0.040701,0.028730,-9.476251,-0.015721,0.013590,-0.021850
1704884293,6554751,0.023942,0.021548,-9.473856,-0.011991,0.015988,-0.019452
1704884293,6554790,0.031125,0.002394,-9.516952,-0.011991,0.015988,-0.018652
1704884293,6554828,0.011971,0.035913,-9.454702,-0.011458,0.019452,-0.021583
1704884293,6554866,0.002394,0.023942,-9.457097,-0.016521,0.017320,-0.024248
1704884293,6554905,0.009577,0.031125,-9.469068,-0.014922,0.018919,-0.022383
1704884293,6554943,-0.007183,0.062249,-9.500193,-0.014655,0.018919,-0.022116
1704884293,6554984,0.088585,0.067038,-9.502586,-0.013856,0.017587,-0.020251
1704884293,6555022,0.031125,0.000000,-9.440337,-0.014123,0.017054,-0.020251
1704884293,6555061,0.057461,-0.002394,-9.447520,-0.009593,0.020251,-0.022916
1704884293,6555099,0.026336,0.045490,-9.414001,-0.014655,0.021051,-0.024781
1704884293,6555137,0.021548,0.071826,-9.500193,-0.014922,0.015988,-0.022916
1704884293,6555176,0.086191,-0.026336,-9.440337,-0.008527,0.014655,-0.024248
1704884293,6555214,0.007183,0.059855,-9.543288,-0.014922,0.014655,-0.021317
1704884293,6555255,-0.011971,0.055067,-9.464279,-0.016521,0.018119,-0.021850
1704884293,6555293,-0.002394,0.021548,-9.490616,-0.010658,0.017320,-0.022916
1704884293,6555332,0.002394,-0.007183,-9.423578,-0.011458,0.018386,-0.020251
1704884293,6555370,0.031125,-0.011971,-9.370906,-0.013590,0.014922,-0.022649
1704884293,6555408,0.062249,0.043096,-9.402030,-0.013057,0.016521,-0.020251
1704884293,6555447,0.047884,-0.031125,-9.481039,-0.014389,0.016254,-0.025047
1704884293,6555495,0.026336,-0.009577,-9.433155,-0.015455,0.015455,-0.023715
1704884294,6555534,0.045490,0.083797,-9.437943,-0.010925,0.018386,-0.024248
1704884294,6555572,0.050278,0.043096,-9.485827,-0.015721,0.021583,-0.021850
1704884294,6555610,0.038307,0.038307,-9.466674,-0.011458,0.019185,-0.025847
1704884294,6555648,0.090980,0.031125,-9.497798,-0.014922,0.016787,-0.022649
1704884294,6555686,0.040701,0.095768,-9.416395,-0.013590,0.015455,-0.022116
1704884294,6555724,0.055067,0.011971,-9.449914,-0.015988,0.017320,-0.022116
1704884294,6555765,0.026336,0.021548,-9.457097,-0.014922,0.015455,-0.022116
1704884294,6555803,0.081403,0.021548,-9.397242,-0.015188,0.017853,-0.022916
1704884294,6555841,0.047884,0.038307,-9.493010,-0.015188,0.015455,-0.022383
1704884294,6555879,-0.014365,0.023942,-9.464279,-0.016787,0.014123,-0.020784
1704884294,6555917,-0.033519,0.023942,-9.531317,-0.014655,0.021051,-0.020251
1704884294,6555955,0.040701,0.009577,-9.490616,-0.014655,0.014922,-0.019985
1704884294,6555993,0.086191,0.045490,-9.414001,-0.013323,0.015721,-0.022649
1704884294,6556034,0.002394,0.004788,-9.514558,-0.013856,0.015188,-0.025847
1704884294,6556072,0.035913,-0.009577,-9.461885,-0.015188,0.019452,-0.022916
1704884294,6556110,0.064643,0.071826,-9.478644,-0.013057,0.013323,-0.023449
1704884294,6556148,0.031125,0.007183,-9.466674,-0.014123,0.018652,-0.024781
1704884294,6556186,-0.002394,0.033519,-9.423578,-0.013323,0.018119,-0.023182
1704884294,6556224,0.031125,-0.002394,-9.493010,-0.016787,0.020784,-0.023182
1704884294,6556265,0.064643,0.002394,-9.526528,-0.012524,0.015455,-0.024781
1704884294,6556303,0.050278,0.007183,-9.478644,-0.012257,0.014123,-0.021583
1704884294,6556341,0.045490,0.021548,-9.442732,-0.010658,0.016254,-0.022116
1704884294,6556379,0.105345,0.023942,-9.560047,-0.011991,0.013590,-0.022649
1704884294,6556417,0.011971,0.031125,-9.402030,-0.012257,0.020251,-0.022383
1704884294,6556455,0.064643,0.067038,-9.399636,-0.012524,0.018652,-0.022649
1704884294,6556493,0.011971,-0.016759,-9.409213,-0.013856,0.018386,-0.019718
1704884295,6556534,0.074220,-0.019154,-9.473856,-0.013856,0.018119,-0.022916
1704884295,6556572,0.050278,0.031125,-9.454702,-0.014655,0.015721,-0.023182
1704884295,6556610,0.014365,0.055067,-9.437943,-0.013856,0.019185,-0.027712
1704884295,6556648,0.007183,0.004788,-9.447520,-0.013856,0.015988,-0.022916
1704884295,6556686,0.057461,0.114922,-9.471462,-0.013856,0.018386,-0.022116
1704884295,6556724,0.000000,-0.002394,-9.464279,-0.014389,0.016787,-0.021850
1704884295,6556762,0.052672,0.000000,-9.461885,-0.011991,0.023982,-0.021317
1704884295,6556803,0.004788,0.035913,-9.445126,-0.014922,0.019185,-0.022383
1704884295,6556841,0.052672,0.031125,-9.481039,-0.013856,0.014655,-0.021051
1704884295,6556879,0.007183,0.004788,-9.473856,-0.014922,0.017853,-0.022383
1704884295,6556917,0.016759,-0.033519,-9.481039,-0.012257,0.020784,-0.021850
1704884295,6556955,0.083797,-0.055067,-9.425972,-0.015455,0.016254,-0.023182
1704884295,6556993,0.026336,0.047884,-9.411607,-0.012790,0.019185,-0.020251
1704884295,6557033,0.026336,-0.007183,-9.414001,-0.014123,0.019185,-0.022116
1704884295,6557071,0.124498,0.004788,-9.418790,-0.015988,0.018652,-0.023449
1704884295,6557110,0.107739,-0.009577,-9.495404,-0.011991,0.015988,-0.020251
1704884295,6557148,0.016759,0.014365,-9.500193,-0.014123,0.018652,-0.021051
1704884295,6557186,0.100556,0.026336,-9.478644,-0.013590,0.018919,-0.021317
1704884295,6557224,-0.019154,0.000000,-9.507375,-0.010925,0.015721,-0.022649
1704884295,6557262,0.055067,0.023942,-9.421184,-0.014922,0.015455,-0.021317
1704884295,6557302,0.011971,0.079009,-9.461885,-0.012790,0.018652,-0.022383
1704884295,6557340,0.028730,0.016759,-9.478644,-0.012790,0.017853,-0.021850
1704884295,6557378,0.071826,0.045490,-9.466674,-0.015721,0.013590,-0.022916
1704884295,6557417,0.057461,0.050278,-9.560047,-0.014389,0.017054,-0.020251
1704884295,6557455,0.045490,0.028730,-9.409213,-0.013590,0.018652,-0.025847
1704884295,6557493,-0.028730,-0.014365,-9.466674,-0.015188,0.019452,-0.023449
1704884296,6557531,0.050278,0.019154,-9.411607,-0.013856,0.015988,-0.022916
1704884296,6557571,0.086191,0.031125,-9.409213,-0.013590,0.017853,-0.019718
1704884296,6557609,0.119710,0.050278,-9.387665,-0.015188,0.013057,-0.020518
1704884296,6557648,0.043096,0.031125,-9.421184,-0.013323,0.018919,-0.021583
1704884296,6557686,0.050278,0.035913,-9.449914,-0.013590,0.017853,-0.024248
1704884296,6557724,0.043096,0.062249,-9.519346,-0.012790,0.019452,-0.024248
1704884296,6557763,0.052672,0.021548,-9.469068,-0.016254,0.014389,-0.022916
1704884296,6557801,0.026336,0.023942,-9.478644,-0.010658,0.015455,-0.019985
1704884296,6557842,0.023942,-0.009577,-9.495404,-0.014123,0.015455,-0.022649
1704884296,6557880,0.000000,0.040701,-9.564836,-0.013856,0.017054,-0.021583
1704884296,6557919,0.050278,0.052672,-9.490616,-0.014123,0.016787,-0.021850
1704884296,6557957,0.052672,-0.007183,-9.454702,-0.017054,0.016787,-0.022916
1704884296,6557995,0.064643,0.019154,-9.461885,-0.009593,0.022649,-0.019718
1704884296,6558034,0.055067,0.000000,-9.512163,-0.011458,0.017853,-0.022916
1704884296,6558075,0.090980,0.016759,-9.502586,-0.016254,0.018652,-0.024515
1704884296,6558113,0.016759,-0.016759,-9.473856,-0.014389,0.018119,-0.022116
1704884296,6558151,-0.004788,0.021548,-9.531317,-0.013323,0.014655,-0.022649
1704884296,6558190,0.064643,0.040701,-9.495404,-0.013856,0.018119,-0.020251
1704884296,6558228,0.016759,0.002394,-9.430760,-0.011991,0.018652,-0.023182
1704884296,6558266,0.050278,0.062249,-9.461885,-0.010925,0.019718,-0.021583
1704884296,6558305,0.059855,-0.004788,-9.428367,-0.013323,0.014922,-0.020518
1704884296,6558346,-0.023942,-0.009577,-9.428367,-0.014123,0.018919,-0.019185
1704884296,6558384,0.028730,0.071826,-9.476251,-0.014389,0.015455,-0.021583
1704884296,6558423,0.019154,-0.021548,-9.442732,-0.014922,0.014389,-0.018652
1704884296,6558461,0.028730,0.016759,-9.562442,-0.014655,0.016254,-0.020784
1704884296,6558499,0.055067,0.016759,-9.495404,-0.014389,0.017320,-0.021583
1704884297,6558538,0.014365,0.007183,-9.478644,-0.013590,0.019452,-0.019985
1704884297,6558576,0.064643,-0.019154,-9.528923,-0.015188,0.018652,-0.022649
1704884297,6558617,0.098162,0.023942,-9.485827,-0.014123,0.018652,-0.021317
1704884297,6558656,0.040701,0.026336,-9.447520,-0.011724,0.015455,-0.022649
1704884297,6558694,0.038307,-0.004788,-9.524135,-0.014655,0.015721,-0.021317
1704884297,6558732,0.045490,-0.052672,-9.488221,-0.014389,0.017054,-0.020251
1704884297,6558771,0.028730,0.023942,-9.418790,-0.012790,0.016521,-0.021051
1704884297,6558809,0.062249,0.000000,-9.495404,-0.011991,0.015721,-0.023182
1704884297,6558850,0.028730,0.028730,-9.464279,-0.015455,0.019185,-0.022916
1704884297,6558888,0.057461,0.033519,-9.459491,-0.012257,0.018652,-0.025314
1704884297,6558927,0.047884,0.050278,-9.442732,-0.013856,0.017054,-0.024515
1704884297,6558965,0.050278,0.004788,-9.397242,-0.014922,0.016254,-0.024248
1704884297,6559004,0.028730,0.000000,-9.500193,-0.013057,0.017587,-0.023182
1704884297,6559042,0.028730,0.023942,-9.473856,-0.013057,0.014389,-0.023715
1704884297,6559080,0.035913,0.035913,-9.543288,-0.013057,0.018119,-0.021051
1704884297,6559121,0.086191,-0.004788,-9.442732,-0.013057,0.017853,-0.021317
1704884297,6559160,0.011971,-0.004788,-9.461885,-0.012257,0.016787,-0.021850
1704884297,6559198,0.114922,0.043096,-9.406818,-0.012257,0.018652,-0.022916
1704884297,6559237,0.059855,0.014365,-9.497798,-0.012790,0.018652,-0.023982
1704884297,6559275,0.064643,-0.009577,-9.459491,-0.011991,0.017853,-0.022649
1704884297,6559313,0.076614,0.011971,-9.425972,-0.014123,0.018919,-0.022116
1704884297,6559352,0.031125,0.023942,-9.488221,-0.013323,0.021051,-0.023715
1704884297,6559393,0.105345,-0.040701,-9.567230,-0.010658,0.022383,-0.023449
1704884297,6559431,0.105345,0.057461,-9.473856,-0.015721,0.017587,-0.026380
1704884297,6559469,0.045490,0.055067,-9.540894,-0.011724,0.014655,-0.021583
1704884297,6559508,0.021548,0.035913,-9.548077,-0.015188,0.018652,-0.022383
1704884298,6559546,0.064643,0.002394,-9.550470,-0.015988,0.017853,-0.021583
1704884298,6559584,0.021548,0.040701,-9.440337,-0.010126,0.016254,-0.022916
1704884298,6559623,0.062249,-0.009577,-9.404425,-0.013590,0.017320,-0.020518
1704884298,6559671,0.031125,0.002394,-9.437943,-0.012790,0.015721,-0.024248
1704884298,6559710,0.069432,-0.004788,-9.483433,-0.014389,0.018919,-0.021850
1704884298,6559748,0.086191,0.074220,-9.428367,-0.013856,0.018119,-0.020784
1704884298,6559786,0.043096,0.014365,-9.516952,-0.013323,0.018119,-0.022649
1704884298,6559824,0.045490,-0.019154,-9.402030,-0.012524,0.018386,-0.026113
1704884298,6559862,0.057461,0.033519,-9.471462,-0.012790,0.019452,-0.023715
1704884298,6559903,-0.028730,0.038307,-9.478644,-0.014389,0.016254,-0.024515
1704884298,6559941,0.050278,0.055067,-9.473856,-0.015455,0.020784,-0.021051
1704884298,6559979,0.028730,0.035913,-9.526528,-0.013323,0.020518,-0.022649
1704884298,6560017,0.023942,0.031125,-9.447520,-0.015721,0.014123,-0.018919
1704884298,6560055,0.031125,0.059855,-9.490616,-0.011191,0.013323,-0.022383
1704884298,6560093,0.071826,0.083797,-9.469068,-0.013323,0.018919,-0.021850
1704884298,6560131,0.043096,0.011971,-9.483433,-0.014922,0.020518,-0.022116
1704884298,6560172,0.040701,0.004788,-9.442732,-0.014123,0.017320,-0.022916
1704884298,6560210,-0.002394,-0.004788,-9.378088,-0.011191,0.018652,-0.021317
1704884298,6560248,0.043096,-0.009577,-9.459491,-0.013590,0.014655,-0.023715
1704884298,6560286,0.052672,0.023942,-9.471462,-0.013590,0.016787,-0.021850
1704884298,6560324,-0.050278,0.023942,-9.469068,-0.013323,0.013057,-0.023715
1704884298,6560362,0.088585,0.035913,-9.416395,-0.013323,0.013057,-0.023715
1704884298,6560400,0.023942,0.031125,-9.425972,-0.011458,0.015988,-0.024515
1704884298,6560441,0.011971,0.071826,-9.457097,-0.014389,0.015721,-0.021051
1704884298,6560479,0.014365,0.047884,-9.392453,-0.011458,0.020518,-0.022383
