timestamp,millis,AccX.AccY,AccZ,GyroX,GyroY,GyroZ
1706615010,1258805,0.124498,-0.033519,-9.526528,-0.014389,0.017054,-0.019985
1706615010,1258829,0.134075,-0.038307,-9.514558,-0.013057,0.018919,-0.022116
1706615010,1258850,0.086191,-0.031125,-9.552865,-0.014389,0.019985,-0.021850
1706615010,1258872,0.100556,-0.069432,-9.471462,-0.015188,0.018919,-0.022916
1706615010,1258894,0.122104,-0.026336,-9.550470,-0.015721,0.017587,-0.020251
1706615010,1258916,0.158017,0.011971,-9.447520,-0.012257,0.019452,-0.020518
1706615010,1258937,0.083797,-0.050278,-9.516952,-0.014389,0.018919,-0.022649
1706615010,1258959,0.107739,-0.033519,-9.548077,-0.015721,0.016521,-0.020251
1706615010,1258983,0.095768,0.052672,-9.543288,-0.011991,0.018386,-0.019718
1706615010,1259004,0.102951,0.011971,-9.579201,-0.014655,0.014389,-0.020518
1706615010,1259026,0.100556,0.002394,-9.478644,-0.015188,0.020251,-0.022116
1706615010,1259048,0.079009,-0.035913,-9.574412,-0.012524,0.020784,-0.017853
1706615010,1259069,0.110133,-0.011971,-9.538500,-0.010392,0.017054,-0.019185
1706615010,1259091,0.119710,-0.040701,-9.430760,-0.015721,0.017587,-0.019718
1706615010,1259123,0.148441,-0.002394,-9.567230,-0.015188,0.018919,-0.020784
1706615010,1259146,0.100556,-0.038307,-9.488221,-0.015188,0.017587,-0.022116
1706615010,1259167,0.114922,-0.004788,-9.579201,-0.011724,0.018919,-0.021583
1706615010,1259189,0.100556,-0.045490,-9.459491,-0.013323,0.018119,-0.022383
1706615010,1259210,0.090980,-0.021548,-9.507375,-0.011458,0.019185,-0.020784
1706615010,1259231,0.126893,-0.043096,-9.548077,-0.013856,0.014922,-0.019985
1706615010,1259253,0.124498,-0.021548,-9.516952,-0.013323,0.017054,-0.021051
1706615010,1259276,0.119710,-0.081403,-9.552865,-0.011724,0.017054,-0.021051
1706615010,1259298,0.143652,-0.038307,-9.500193,-0.014389,0.019985,-0.021583
1706615010,1259319,0.069432,0.021548,-9.500193,-0.016521,0.018919,-0.021051
1706615010,1259341,0.035913,0.016759,-9.495404,-0.014655,0.018919,-0.022649
1706615010,1259362,0.081403,-0.033519,-9.540894,-0.015188,0.015188,-0.018652
1706615010,1259383,0.076614,-0.028730,-9.447520,-0.015988,0.017054,-0.020518
1706615010,1259405,0.055067,0.019154,-9.454702,-0.013856,0.016787,-0.018919
1706615010,1259428,0.138864,-0.002394,-9.567230,-0.013590,0.016787,-0.020251
1706615010,1259450,0.155623,-0.002394,-9.610326,-0.013323,0.018119,-0.023182
1706615010,1259471,0.193930,0.016759,-9.574412,-0.013057,0.017853,-0.022116
1706615010,1259493,0.100556,-0.045490,-9.454702,-0.015455,0.017853,-0.020518
1706615010,1259514,0.055067,-0.011971,-9.516952,-0.013590,0.017853,-0.023182
1706615010,1259535,0.117316,-0.002394,-9.445126,-0.015721,0.017320,-0.022116
1706615010,1259559,0.107739,-0.033519,-9.593566,-0.014922,0.018919,-0.020518
1706615010,1259580,0.062249,-0.011971,-9.440337,-0.013856,0.017853,-0.021051
1706615010,1259602,0.090980,-0.038307,-9.579201,-0.011991,0.019718,-0.023982
1706615010,1259623,0.114922,0.009577,-9.600749,-0.016521,0.015721,-0.022116
1706615010,1259645,0.122104,-0.021548,-9.524135,-0.013057,0.018652,-0.021317
1706615010,1259666,0.047884,-0.011971,-9.540894,-0.015455,0.017587,-0.019452
1706615010,1259687,0.114922,-0.023942,-9.512163,-0.015455,0.015721,-0.018386
1706615010,1259711,0.069432,0.000000,-9.548077,-0.015188,0.017320,-0.019718
1706615010,1259733,0.131681,0.014365,-9.490616,-0.014389,0.019185,-0.019718
1706615010,1259754,0.129287,-0.026336,-9.445126,-0.016787,0.020518,-0.018652
1706615010,1259775,0.124498,-0.047884,-9.521740,-0.014655,0.017320,-0.021317
1706615011,1259797,0.071826,-0.023942,-9.531317,-0.012257,0.014655,-0.020784
1706615011,1259818,0.033519,0.040701,-9.488221,-0.014123,0.017587,-0.018919
1706615011,1259840,0.079009,-0.023942,-9.533711,-0.013856,0.020784,-0.020784
1706615011,1259863,0.162806,0.007183,-9.526528,-0.010658,0.017853,-0.021317
1706615011,1259885,0.129287,0.045490,-9.531317,-0.015188,0.017320,-0.019185
1706615011,1259906,0.148441,-0.052672,-9.454702,-0.011991,0.017320,-0.021317
1706615011,1259927,0.122104,-0.026336,-9.536105,-0.013323,0.015988,-0.022649
1706615011,1259949,0.093374,-0.040701,-9.526528,-0.013590,0.020251,-0.019985
1706615011,1259970,0.098162,-0.026336,-9.512163,-0.013590,0.018652,-0.023715
1706615011,1259994,0.110133,-0.009577,-9.485827,-0.016254,0.016521,-0.022649
1706615011,1260015,0.119710,-0.023942,-9.605537,-0.013057,0.018652,-0.022116
1706615011,1260037,0.107739,-0.033519,-9.574412,-0.010658,0.015721,-0.020251
1706615011,1260058,0.117316,0.040701,-9.531317,-0.017853,0.017320,-0.023449
1706615011,1260080,0.148441,0.045490,-9.588778,-0.014922,0.017054,-0.018386
1706615011,1260101,0.110133,-0.040701,-9.543288,-0.017054,0.021583,-0.019985
1706615011,1260123,0.074220,-0.019154,-9.526528,-0.013590,0.020251,-0.020518
1706615011,1260146,0.090980,0.021548,-9.521740,-0.014123,0.015988,-0.020251
1706615011,1260168,0.110133,-0.081403,-9.540894,-0.013590,0.016787,-0.022116
1706615011,1260189,0.126893,-0.002394,-9.548077,-0.015988,0.017587,-0.019985
1706615011,1260210,0.086191,-0.009577,-9.526528,-0.017320,0.019718,-0.018919
1706615011,1260232,0.045490,0.023942,-9.533711,-0.013856,0.018919,-0.019718
1706615011,1260253,0.107739,0.009577,-9.493010,-0.013057,0.017853,-0.021850
1706615011,1260274,0.174777,-0.023942,-9.497798,-0.014123,0.015988,-0.020251
1706615011,1260298,0.112527,-0.043096,-9.524135,-0.012524,0.018386,-0.021583
1706615011,1260320,0.093374,0.014365,-9.598354,-0.015455,0.018119,-0.022116
1706615011,1260341,0.062249,-0.033519,-9.483433,-0.014389,0.016787,-0.022116
1706615011,1260363,0.114922,-0.064643,-9.579201,-0.009593,0.016254,-0.021850
1706615011,1260385,0.074220,0.031125,-9.526528,-0.014389,0.015988,-0.020784
1706615011,1260406,0.090980,-0.069432,-9.548077,-0.014922,0.018919,-0.022649
1706615011,1260430,0.069432,0.035913,-9.478644,-0.014655,0.015988,-0.022116
1706615011,1260452,0.069432,0.033519,-9.516952,-0.011724,0.014123,-0.022116
1706615011,1260474,0.174777,-0.052672,-9.435549,-0.013590,0.018119,-0.023982
1706615011,1260496,0.076614,0.016759,-9.562442,-0.012524,0.020251,-0.022383
1706615011,1260517,0.090980,-0.038307,-9.440337,-0.012524,0.016254,-0.020784
1706615011,1260539,0.035913,-0.093374,-9.495404,-0.014922,0.019985,-0.021583
1706615011,1260561,0.090980,-0.040701,-9.521740,-0.015455,0.015721,-0.021850
1706615011,1260585,0.100556,-0.019154,-9.507375,-0.014389,0.020251,-0.020251
1706615011,1260607,0.069432,0.028730,-9.440337,-0.014922,0.018386,-0.021051
1706615011,1260628,0.143652,0.026336,-9.423578,-0.013590,0.017853,-0.022383
1706615011,1260650,0.095768,-0.052672,-9.457097,-0.014389,0.019185,-0.021317
1706615011,1260672,0.088585,0.009577,-9.579201,-0.012257,0.019185,-0.023182
1706615011,1260693,0.057461,-0.069432,-9.521740,-0.012524,0.019185,-0.020251
1706615011,1260715,0.112527,-0.023942,-9.495404,-0.014123,0.016254,-0.023182
1706615011,1260739,0.119710,-0.031125,-9.423578,-0.013323,0.015988,-0.020518
1706615011,1260761,0.153229,0.019154,-9.607931,-0.013856,0.021850,-0.019452
1706615012,1260782,0.124498,-0.040701,-9.497798,-0.011991,0.018386,-0.025314
1706615012,1260804,0.088585,-0.040701,-9.562442,-0.016521,0.014922,-0.021850
1706615012,1260826,0.162806,-0.045490,-9.490616,-0.010925,0.015188,-0.022116
1706615012,1260847,0.122104,-0.023942,-9.483433,-0.014123,0.017853,-0.022383
1706615012,1260871,0.100556,-0.011971,-9.655815,-0.013856,0.017853,-0.021051
1706615012,1260893,0.126893,0.009577,-9.548077,-0.015188,0.018119,-0.022116
1706615012,1260915,0.093374,0.038307,-9.459491,-0.014389,0.019185,-0.021051
1706615012,1260936,0.057461,0.071826,-9.560047,-0.009859,0.022916,-0.020251
1706615012,1260958,0.126893,-0.050278,-9.507375,-0.012524,0.019985,-0.020518
1706615012,1260980,0.102951,-0.045490,-9.485827,-0.013323,0.016254,-0.018652
1706615012,1261001,0.069432,-0.050278,-9.612720,-0.011724,0.017054,-0.023715
1706615012,1261026,0.110133,-0.002394,-9.473856,-0.014922,0.016521,-0.021583
1706615012,1261047,0.079009,-0.016759,-9.528923,-0.015455,0.018919,-0.023449
1706615012,1261069,0.110133,0.028730,-9.603143,-0.015188,0.020251,-0.023182
1706615012,1261091,0.112527,0.014365,-9.495404,-0.013856,0.017853,-0.019985
1706615012,1261112,0.160412,-0.035913,-9.536105,-0.013323,0.018119,-0.021317
1706615012,1261134,0.134075,0.002394,-9.464279,-0.013590,0.016787,-0.022649
1706615012,1261156,0.076614,-0.064643,-9.497798,-0.012524,0.018386,-0.021583
1706615012,1261180,0.079009,-0.004788,-9.500193,-0.014922,0.018919,-0.019985
1706615012,1261201,0.155623,-0.055067,-9.459491,-0.014123,0.018652,-0.022916
1706615012,1261223,0.107739,-0.047884,-9.497798,-0.014922,0.016254,-0.021850
1706615012,1261245,0.146046,0.004788,-9.452309,-0.012257,0.013856,-0.025047
1706615012,1261267,0.119710,0.033519,-9.476251,-0.012790,0.014123,-0.018919
1706615012,1261288,0.146046,-0.016759,-9.493010,-0.016521,0.017853,-0.022116
1706615012,1261312,0.122104,0.028730,-9.500193,-0.014123,0.018119,-0.021051
1706615012,1261334,0.102951,-0.023942,-9.452309,-0.013590,0.017853,-0.019718
1706615012,1261356,0.059855,-0.031125,-9.485827,-0.013323,0.016254,-0.020784
1706615012,1261377,0.138864,-0.057461,-9.481039,-0.012257,0.017320,-0.019718
1706615012,1261399,0.107739,-0.021548,-9.476251,-0.013590,0.017587,-0.018386
1706615012,1261421,0.031125,-0.033519,-9.507375,-0.017320,0.015188,-0.021317
1706615012,1261442,0.095768,-0.026336,-9.562442,-0.015188,0.017054,-0.022116
1706615012,1261475,0.110133,-0.038307,-9.471462,-0.014123,0.017587,-0.021850
1706615012,1261498,0.100556,-0.011971,-9.516952,-0.014922,0.013057,-0.019985
1706615012,1261519,0.083797,-0.007183,-9.564836,-0.011458,0.018652,-0.021583
1706615012,1261540,0.110133,-0.014365,-9.440337,-0.011724,0.014655,-0.022116
1706615012,1261561,0.124498,0.011971,-9.588778,-0.016787,0.020518,-0.022383
1706615012,1261583,0.114922,-0.062249,-9.538500,-0.014389,0.015721,-0.023449
1706615012,1261604,0.138864,0.023942,-9.536105,-0.013057,0.016521,-0.018652
1706615012,1261628,0.122104,0.016759,-9.545682,-0.014922,0.019185,-0.022916
1706615012,1261649,0.040701,-0.019154,-9.524135,-0.013856,0.013057,-0.021850
1706615012,1261670,0.148441,-0.009577,-9.464279,-0.014389,0.018119,-0.021583
1706615012,1261692,0.119710,0.062249,-9.509769,-0.012790,0.014389,-0.023449
1706615012,1261713,0.095768,-0.031125,-9.545682,-0.012524,0.015721,-0.022916
1706615012,1261735,0.043096,-0.026336,-9.524135,-0.014922,0.018652,-0.018652
1706615012,1261758,0.110133,-0.021548,-9.574412,-0.011724,0.013057,-0.020784
1706615013,1261780,0.143652,-0.064643,-9.576807,-0.009859,0.019985,-0.020251
1706615013,1261801,0.134075,-0.043096,-9.483433,-0.011191,0.017320,-0.023182
1706615013,1261823,0.112527,-0.038307,-9.521740,-0.012257,0.019185,-0.019718
1706615013,1261844,0.040701,-0.002394,-9.497798,-0.012257,0.022649,-0.023982
1706615013,1261865,0.064643,0.026336,-9.612720,-0.014922,0.019185,-0.020518
1706615013,1261887,0.122104,-0.038307,-9.514558,-0.013590,0.015721,-0.019718
1706615013,1261910,0.129287,-0.021548,-9.576807,-0.014123,0.016254,-0.019185
1706615013,1261932,0.141258,0.002394,-9.471462,-0.011724,0.018386,-0.019718
1706615013,1261953,0.033519,-0.009577,-9.469068,-0.011724,0.016254,-0.016787
1706615013,1261975,0.074220,-0.004788,-9.552865,-0.013856,0.015988,-0.020518
1706615013,1261996,0.079009,-0.026336,-9.500193,-0.012790,0.019718,-0.023715
1706615013,1262017,0.129287,-0.043096,-9.490616,-0.014389,0.019452,-0.019718
1706615013,1262039,0.090980,0.026336,-9.533711,-0.015988,0.015721,-0.019985
1706615013,1262062,0.059855,-0.014365,-9.452309,-0.015455,0.016787,-0.021583
1706615013,1262084,0.062249,0.000000,-9.526528,-0.013856,0.020251,-0.022916
1706615013,1262105,0.093374,-0.023942,-9.514558,-0.013323,0.015455,-0.019985
1706615013,1262127,0.107739,0.026336,-9.469068,-0.013856,0.014922,-0.020518
1706615013,1262148,0.057461,0.002394,-9.428367,-0.012257,0.015988,-0.018919
1706615013,1262170,0.090980,0.019154,-9.591172,-0.014389,0.014922,-0.020518
1706615013,1262193,0.146046,0.000000,-9.478644,-0.016521,0.018386,-0.023449
1706615013,1262215,0.102951,-0.079009,-9.512163,-0.013856,0.019985,-0.023715
1706615013,1262236,0.033519,0.002394,-9.464279,-0.012524,0.017054,-0.020784
1706615013,1262257,0.110133,0.007183,-9.526528,-0.012790,0.014123,-0.021583
1706615013,1262279,0.069432,0.028730,-9.550470,-0.013590,0.014655,-0.022383
1706615013,1262300,0.150835,-0.026336,-9.500193,-0.012790,0.019185,-0.023982
1706615013,1262322,0.059855,0.014365,-9.473856,-0.012790,0.019452,-0.023449
1706615013,1262345,0.105345,-0.100556,-9.574412,-0.014123,0.016521,-0.021850
1706615013,1262367,0.095768,-0.040701,-9.598354,-0.013590,0.014389,-0.018652
1706615013,1262388,0.107739,-0.040701,-9.504981,-0.014922,0.019185,-0.020784
1706615013,1262410,0.064643,-0.011971,-9.579201,-0.013323,0.021583,-0.022916
1706615013,1262431,0.119710,-0.009577,-9.512163,-0.015188,0.015988,-0.022649
1706615013,1262452,0.059855,0.019154,-9.469068,-0.012257,0.018119,-0.016787
1706615013,1262474,0.064643,-0.045490,-9.509769,-0.012790,0.017320,-0.024248
1706615013,1262497,0.074220,-0.014365,-9.483433,-0.014922,0.018919,-0.019185
1706615013,1262519,0.098162,-0.026336,-9.514558,-0.014922,0.018119,-0.019985
1706615013,1262540,0.119710,-0.074220,-9.524135,-0.014123,0.014123,-0.019718
1706615013,1262561,0.107739,0.067038,-9.526528,-0.011991,0.016254,-0.022649
1706615013,1262583,0.093374,-0.038307,-9.560047,-0.012790,0.014655,-0.018652
1706615013,1262604,0.141258,-0.016759,-9.545682,-0.013590,0.017054,-0.020784
1706615013,1262625,0.129287,-0.038307,-9.509769,-0.014123,0.016521,-0.022116
1706615013,1262649,0.124498,-0.038307,-9.617508,-0.013057,0.018919,-0.021317
1706615013,1262671,0.055067,0.031125,-9.526528,-0.010925,0.018386,-0.019985
1706615013,1262692,0.129287,-0.052672,-9.531317,-0.014655,0.015188,-0.022649
1706615013,1262714,0.114922,0.033519,-9.514558,-0.012524,0.016787,-0.021850
1706615013,1262736,0.100556,-0.038307,-9.550470,-0.016254,0.018119,-0.020251
1706615013,1262757,0.117316,-0.007183,-9.531317,-0.013323,0.015721,-0.022116
1706615014,1262781,0.141258,-0.035913,-9.500193,-0.012524,0.018386,-0.021317
1706615014,1262803,0.126893,0.035913,-9.579201,-0.014389,0.017587,-0.020518
1706615014,1262824,0.136469,0.047884,-9.543288,-0.014123,0.016254,-0.022116
1706615014,1262846,0.131681,-0.079009,-9.579201,-0.014389,0.017320,-0.020251
1706615014,1262868,0.086191,0.011971,-9.516952,-0.018386,0.015988,-0.020784
1706615014,1262890,0.112527,0.021548,-9.572019,-0.015455,0.016787,-0.019718
1706615014,1262911,0.129287,-0.023942,-9.583989,-0.014389,0.018386,-0.018386
1706615014,1262935,0.138864,-0.031125,-9.548077,-0.010925,0.020251,-0.022649
1706615014,1262957,0.086191,0.014365,-9.507375,-0.012790,0.017587,-0.021583
1706615014,1262979,0.038307,-0.007183,-9.447520,-0.013057,0.016521,-0.019718
1706615014,1263000,0.105345,-0.088585,-9.583989,-0.015455,0.014655,-0.022649
1706615014,1263022,0.102951,-0.028730,-9.504981,-0.013057,0.016521,-0.021850
1706615014,1263044,0.090980,-0.076614,-9.509769,-0.014123,0.015721,-0.023182
1706615014,1263065,0.112527,-0.102951,-9.418790,-0.015988,0.017853,-0.021051
1706615014,1263089,0.102951,0.004788,-9.514558,-0.013323,0.014922,-0.022649
1706615014,1263111,0.090980,-0.019154,-9.555259,-0.013057,0.017054,-0.019985
1706615014,1263133,0.083797,-0.021548,-9.469068,-0.012257,0.018119,-0.022383
1706615014,1263154,0.117316,-0.019154,-9.452309,-0.014389,0.011991,-0.020518
1706615014,1263176,0.119710,0.011971,-9.528923,-0.013323,0.017054,-0.020518
1706615014,1263198,0.114922,-0.069432,-9.471462,-0.014655,0.018119,-0.022116
1706615014,1263222,0.067038,-0.009577,-9.440337,-0.011458,0.015988,-0.022649
1706615014,1263244,0.074220,0.002394,-9.536105,-0.014389,0.014922,-0.022649
1706615014,1263265,0.141258,0.000000,-9.540894,-0.014655,0.019452,-0.021850
1706615014,1263287,0.117316,-0.004788,-9.562442,-0.014922,0.019452,-0.022116
1706615014,1263309,0.102951,-0.052672,-9.514558,-0.016521,0.017587,-0.022116
1706615014,1263330,0.095768,-0.052672,-9.562442,-0.013590,0.018652,-0.023982
1706615014,1263352,0.062249,-0.033519,-9.514558,-0.012257,0.016254,-0.018919
1706615014,1263376,0.052672,-0.002394,-9.493010,-0.013323,0.019452,-0.020784
1706615014,1263398,0.093374,-0.016759,-9.598354,-0.011991,0.018119,-0.021051
1706615014,1263420,0.081403,-0.040701,-9.507375,-0.013323,0.018119,-0.019452
1706615014,1263441,0.119710,-0.021548,-9.536105,-0.011991,0.020251,-0.022116
1706615014,1263463,0.100556,0.021548,-9.519346,-0.011991,0.014389,-0.023449
1706615014,1263485,0.114922,0.002394,-9.488221,-0.014655,0.018386,-0.023182
1706615014,1263506,0.081403,0.000000,-9.478644,-0.015188,0.021583,-0.019452
1706615014,1263530,0.146046,-0.035913,-9.540894,-0.013323,0.018919,-0.022116
1706615014,1263552,0.124498,-0.050278,-9.533711,-0.012524,0.018652,-0.023182
1706615014,1263574,0.117316,0.031125,-9.493010,-0.012257,0.016787,-0.017587
1706615014,1263596,0.074220,0.011971,-9.423578,-0.013323,0.017587,-0.020251
1706615014,1263617,0.093374,-0.014365,-9.528923,-0.013856,0.019985,-0.021850
1706615014,1263639,0.105345,0.002394,-9.497798,-0.016254,0.017320,-0.022383
1706615014,1263663,0.150835,-0.002394,-9.464279,-0.014389,0.015988,-0.017853
1706615014,1263685,0.081403,-0.004788,-9.469068,-0.013856,0.015988,-0.019185
1706615014,1263706,0.052672,0.004788,-9.476251,-0.014655,0.017587,-0.021583
1706615014,1263728,0.098162,-0.002394,-9.500193,-0.016787,0.020518,-0.024515
1706615014,1263749,0.148441,-0.031125,-9.552865,-0.014655,0.019985,-0.021317
1706615014,1263771,0.114922,0.000000,-9.552865,-0.014922,0.016521,-0.019185
1706615015,1263793,0.098162,0.004788,-9.521740,-0.014389,0.018919,-0.020784
1706615015,1263825,0.076614,-0.031125,-9.648633,-0.013323,0.017320,-0.021317
1706615015,1263848,0.083797,-0.031125,-9.536105,-0.015988,0.014389,-0.024248
1706615015,1263869,0.112527,-0.095768,-9.538500,-0.015988,0.018652,-0.018386
1706615015,1263891,0.090980,0.014365,-9.483433,-0.014922,0.017054,-0.020784
1706615015,1263912,0.095768,-0.004788,-9.514558,-0.014123,0.016254,-0.018119
1706615015,1263934,0.083797,-0.004788,-9.610326,-0.013856,0.021317,-0.021051
1706615015,1263955,0.117316,-0.023942,-9.540894,-0.011191,0.016787,-0.020784
1706615015,1263978,0.062249,-0.011971,-9.485827,-0.011458,0.019185,-0.020784
1706615015,1264000,0.069432,-0.035913,-9.516952,-0.013590,0.019985,-0.020251
1706615015,1264021,0.146046,-0.047884,-9.466674,-0.010658,0.019452,-0.022383
1706615015,1264043,0.150835,0.028730,-9.500193,-0.015721,0.019185,-0.020518
1706615015,1264064,0.110133,-0.043096,-9.531317,-0.012790,0.019985,-0.020251
1706615015,1264086,0.114922,-0.002394,-9.574412,-0.011991,0.017320,-0.018386
1706615015,1264109,0.059855,0.000000,-9.533711,-0.012524,0.018919,-0.020784
1706615015,1264131,0.129287,-0.045490,-9.560047,-0.016254,0.019452,-0.021583
1706615015,1264152,0.098162,-0.040701,-9.500193,-0.013856,0.019718,-0.021317
1706615015,1264174,0.136469,-0.043096,-9.619903,-0.013856,0.015721,-0.022383
1706615015,1264195,0.079009,0.009577,-9.478644,-0.013323,0.019718,-0.019718
1706615015,1264216,0.126893,-0.028730,-9.497798,-0.012790,0.019185,-0.020251
1706615015,1264238,0.083797,-0.031125,-9.550470,-0.012790,0.017587,-0.018119
1706615015,1264262,0.076614,-0.026336,-9.481039,-0.011191,0.021583,-0.022116
1706615015,1264283,0.112527,-0.031125,-9.500193,-0.013856,0.017054,-0.022649
1706615015,1264305,0.177171,-0.028730,-9.526528,-0.013856,0.018652,-0.019185
1706615015,1264326,0.067038,-0.016759,-9.507375,-0.015188,0.017853,-0.022916
1706615015,1264348,0.141258,-0.033519,-9.464279,-0.012257,0.019718,-0.019718
1706615015,1264369,0.098162,-0.033519,-9.531317,-0.011991,0.017587,-0.018386
1706615015,1264390,0.131681,-0.019154,-9.593566,-0.011191,0.016254,-0.022383
1706615015,1264414,0.155623,-0.004788,-9.576807,-0.011191,0.019985,-0.021051
1706615015,1264435,0.090980,0.023942,-9.483433,-0.014123,0.017587,-0.020518
1706615015,1264457,0.098162,0.002394,-9.579201,-0.013323,0.021317,-0.021317
1706615015,1264478,0.102951,-0.011971,-9.600749,-0.014123,0.014389,-0.021583
1706615015,1264500,0.117316,0.028730,-9.476251,-0.011458,0.016521,-0.019718
1706615015,1264521,0.100556,-0.011971,-9.495404,-0.014922,0.016254,-0.017853
1706615015,1264545,0.122104,-0.011971,-9.533711,-0.013856,0.013057,-0.020251
1706615015,1264566,0.090980,-0.009577,-9.447520,-0.015455,0.017320,-0.023449
1706615015,1264587,0.186748,0.009577,-9.562442,-0.015988,0.016254,-0.020251
1706615015,1264609,0.131681,0.016759,-9.574412,-0.016521,0.016254,-0.022649
1706615015,1264630,0.114922,0.071826,-9.543288,-0.014922,0.019452,-0.019985
1706615015,1264652,0.146046,-0.019154,-9.370906,-0.012790,0.017853,-0.021317
1706615015,1264673,0.083797,0.019154,-9.574412,-0.015721,0.017054,-0.019985
1706615015,1264697,0.076614,0.047884,-9.603143,-0.013057,0.012790,-0.023182
1706615015,1264718,0.040701,0.009577,-9.696517,-0.014123,0.018919,-0.021850
1706615015,1264740,0.110133,-0.035913,-9.507375,-0.014389,0.019452,-0.019185
1706615015,1264761,0.110133,-0.014365,-9.531317,-0.013057,0.017054,-0.020518
1706615016,1264782,0.134075,0.043096,-9.533711,-0.013856,0.017853,-0.021850
1706615016,1264804,0.141258,-0.043096,-9.521740,-0.015188,0.018119,-0.021317
1706615016,1264825,0.124498,-0.014365,-9.526528,-0.014123,0.014123,-0.022916
1706615016,1264849,0.083797,-0.019154,-9.504981,-0.014123,0.017587,-0.020518
1706615016,1264870,0.102951,0.047884,-9.526528,-0.013057,0.019185,-0.020518
1706615016,1264891,0.079009,-0.040701,-9.579201,-0.009326,0.017054,-0.022649
1706615016,1264913,0.088585,0.038307,-9.526528,-0.014655,0.014389,-0.019718
1706615016,1264934,0.136469,-0.033519,-9.528923,-0.012790,0.016521,-0.019185
1706615016,1264955,0.131681,-0.055067,-9.457097,-0.014922,0.016521,-0.020784
1706615016,1264979,0.119710,-0.074220,-9.507375,-0.014922,0.017054,-0.022383
1706615016,1265001,0.119710,0.009577,-9.595961,-0.012790,0.017054,-0.023182
1706615016,1265022,0.028730,-0.074220,-9.552865,-0.012257,0.018652,-0.022649
1706615016,1265044,0.148441,0.028730,-9.378088,-0.012524,0.016521,-0.018119
1706615016,1265066,0.141258,-0.055067,-9.476251,-0.015988,0.018386,-0.018386
1706615016,1265087,0.083797,0.011971,-9.540894,-0.015721,0.021583,-0.024515
1706615016,1265109,0.124498,-0.014365,-9.557653,-0.014655,0.012790,-0.021317
1706615016,1265133,0.076614,-0.057461,-9.373300,-0.014123,0.019452,-0.019185
1706615016,1265154,0.069432,-0.009577,-9.512163,-0.016254,0.018119,-0.020251
1706615016,1265176,0.143652,-0.004788,-9.514558,-0.014123,0.018919,-0.023182
1706615016,1265198,0.102951,-0.040701,-9.574412,-0.014389,0.018919,-0.023182
1706615016,1265220,0.107739,0.033519,-9.512163,-0.016254,0.015455,-0.021051
1706615016,1265241,0.112527,0.021548,-9.641450,-0.017054,0.013856,-0.022916
1706615016,1265263,0.112527,-0.047884,-9.598354,-0.013057,0.017853,-0.018119
1706615016,1265287,0.146046,-0.004788,-9.512163,-0.014389,0.020784,-0.020251
1706615016,1265309,0.090980,-0.016759,-9.500193,-0.014655,0.017587,-0.019985
1706615016,1265331,0.088585,-0.055067,-9.557653,-0.015455,0.017054,-0.019718
1706615016,1265352,0.114922,-0.023942,-9.473856,-0.015721,0.013590,-0.020784
1706615016,1265374,0.148441,0.009577,-9.461885,-0.013057,0.018652,-0.019985
1706615016,1265396,0.100556,-0.079009,-9.583989,-0.016787,0.014389,-0.019452
1706615016,1265420,0.095768,0.002394,-9.622296,-0.015188,0.015721,-0.022116
1706615016,1265441,0.126893,-0.079009,-9.572019,-0.013057,0.015188,-0.020518
1706615016,1265463,0.098162,0.000000,-9.469068,-0.013590,0.018652,-0.021583
1706615016,1265485,0.124498,-0.016759,-9.555259,-0.012790,0.021051,-0.019985
1706615016,1265507,0.110133,-0.055067,-9.507375,-0.012257,0.014389,-0.021583
1706615016,1265528,0.105345,-0.009577,-9.528923,-0.013057,0.021583,-0.018386
1706615016,1265550,0.069432,-0.031125,-9.512163,-0.014389,0.019985,-0.018386
1706615016,1265574,0.174777,-0.011971,-9.502586,-0.010126,0.017054,-0.022649
1706615016,1265596,0.098162,-0.040701,-9.533711,-0.010126,0.015988,-0.021317
1706615016,1265617,0.107739,-0.047884,-9.488221,-0.014655,0.012524,-0.018386
1706615016,1265639,0.122104,-0.014365,-9.550470,-0.009593,0.016521,-0.019985
1706615016,1265661,0.098162,-0.047884,-9.514558,-0.012524,0.018652,-0.023715
1706615016,1265682,0.129287,-0.019154,-9.538500,-0.015988,0.016787,-0.020251
1706615016,1265704,0.227449,-0.031125,-9.504981,-0.014389,0.015721,-0.021583
1706615016,1265728,0.050278,-0.040701,-9.504981,-0.012524,0.021317,-0.022116
1706615016,1265750,0.105345,-0.016759,-9.583989,-0.011724,0.018119,-0.022116
1706615016,1265771,0.081403,0.035913,-9.500193,-0.015188,0.017320,-0.021051
1706615017,1265793,0.102951,-0.047884,-9.583989,-0.014123,0.016254,-0.018919
1706615017,1265815,0.079009,-0.019154,-9.449914,-0.013590,0.016787,-0.018652
1706615017,1265836,0.090980,0.028730,-9.531317,-0.016521,0.018119,-0.023449
1706615017,1265861,0.102951,-0.019154,-9.538500,-0.010392,0.017853,-0.022916
1706615017,1265882,0.155623,-0.014365,-9.536105,-0.013856,0.017587,-0.018919
1706615017,1265904,0.124498,-0.009577,-9.564836,-0.016254,0.014655,-0.021583
1706615017,1265926,0.129287,-0.045490,-9.464279,-0.014922,0.016787,-0.023982
1706615017,1265947,0.141258,0.019154,-9.428367,-0.011191,0.018919,-0.022383
1706615017,1265969,0.107739,0.031125,-9.454702,-0.013323,0.022916,-0.018919
1706615017,1265991,0.160412,-0.016759,-9.543288,-0.014389,0.018386,-0.023182
1706615017,1266015,0.150835,-0.050278,-9.667787,-0.013323,0.015988,-0.020518
1706615017,1266036,0.062249,-0.004788,-9.622296,-0.015455,0.017587,-0.021583
1706615017,1266058,0.069432,0.043096,-9.617508,-0.011191,0.013323,-0.021317
1706615017,1266079,0.093374,-0.026336,-9.502586,-0.012790,0.018652,-0.018386
1706615017,1266101,0.105345,-0.009577,-9.531317,-0.014389,0.015721,-0.019985
1706615017,1266123,0.086191,-0.023942,-9.433155,-0.014389,0.019718,-0.021850
1706615017,1266144,0.088585,0.038307,-9.540894,-0.014123,0.019985,-0.021850
1706615017,1266177,0.083797,-0.019154,-9.607931,-0.011458,0.018919,-0.018386
1706615017,1266200,0.076614,0.002394,-9.624691,-0.014123,0.016521,-0.019185
1706615017,1266221,0.090980,0.026336,-9.493010,-0.016254,0.014922,-0.021583
1706615017,1266242,0.114922,-0.031125,-9.483433,-0.014922,0.019985,-0.018919
1706615017,1266264,0.122104,-0.016759,-9.536105,-0.011458,0.020518,-0.019985
1706615017,1266285,0.093374,-0.076614,-9.512163,-0.011724,0.017320,-0.020518
1706615017,1266308,0.141258,-0.009577,-9.615114,-0.013057,0.018119,-0.020251
1706615017,1266330,0.081403,-0.083797,-9.588778,-0.013323,0.011991,-0.021317
1706615017,1266351,0.062249,0.007183,-9.481039,-0.016787,0.019185,-0.021583
1706615017,1266373,0.083797,-0.009577,-9.473856,-0.015721,0.019985,-0.023449
1706615017,1266394,0.136469,0.038307,-9.488221,-0.012790,0.018386,-0.019718
1706615017,1266416,0.100556,0.038307,-9.555259,-0.011458,0.019985,-0.018119
1706615017,1266437,0.129287,0.023942,-9.536105,-0.015188,0.014123,-0.021850
1706615017,1266461,0.095768,-0.047884,-9.564836,-0.015188,0.015455,-0.021850
1706615017,1266482,0.126893,0.059855,-9.435549,-0.011991,0.017587,-0.022649
1706615017,1266504,0.160412,-0.019154,-9.624691,-0.014922,0.018119,-0.022649
1706615017,1266525,0.102951,-0.007183,-9.552865,-0.015721,0.017320,-0.019718
1706615017,1266546,0.057461,-0.062249,-9.533711,-0.014389,0.017587,-0.022116
1706615017,1266568,0.134075,-0.019154,-9.552865,-0.014389,0.016787,-0.022649
1706615017,1266589,0.174777,-0.031125,-9.437943,-0.010925,0.018119,-0.019185
1706615017,1266613,0.062249,-0.093374,-9.662998,-0.014655,0.016521,-0.019718
1706615017,1266634,0.119710,-0.009577,-9.454702,-0.014123,0.019985,-0.022649
1706615017,1266656,0.129287,-0.026336,-9.433155,-0.009593,0.015721,-0.020251
1706615017,1266677,0.112527,0.009577,-9.526528,-0.013590,0.016254,-0.019185
1706615017,1266699,0.146046,0.045490,-9.615114,-0.014123,0.019985,-0.020784
1706615017,1266720,0.129287,-0.071826,-9.653421,-0.013590,0.021583,-0.019985
1706615017,1266744,0.076614,-0.023942,-9.461885,-0.013590,0.017853,-0.018652
1706615017,1266765,0.079009,0.009577,-9.509769,-0.010658,0.017587,-0.017320
1706615018,1266786,0.107739,0.071826,-9.545682,-0.010658,0.021317,-0.019718
1706615018,1266808,0.088585,0.040701,-9.533711,-0.012524,0.017054,-0.023182
1706615018,1266829,0.069432,-0.079009,-9.433155,-0.015721,0.015721,-0.020518
1706615018,1266851,0.090980,-0.028730,-9.512163,-0.012790,0.020251,-0.024515
1706615018,1266872,0.062249,-0.019154,-9.528923,-0.013323,0.017853,-0.019985
1706615018,1266896,0.090980,-0.009577,-9.552865,-0.014389,0.016521,-0.018652
1706615018,1266917,0.100556,-0.040701,-9.533711,-0.015455,0.017320,-0.023982
1706615018,1266938,0.160412,0.038307,-9.421184,-0.014123,0.017853,-0.021051
1706615018,1266960,0.057461,0.014365,-9.473856,-0.013590,0.015721,-0.021583
1706615018,1266981,0.098162,0.016759,-9.545682,-0.013590,0.018919,-0.021051
1706615018,1267003,0.177171,0.014365,-9.406818,-0.016521,0.018386,-0.019718
1706615018,1267024,0.110133,0.009577,-9.483433,-0.012790,0.019185,-0.021583
1706615018,1267048,0.076614,-0.021548,-9.478644,-0.015988,0.017054,-0.022916
1706615018,1267069,0.124498,-0.021548,-9.516952,-0.012257,0.020251,-0.019185
1706615018,1267091,0.126893,-0.011971,-9.540894,-0.011991,0.015188,-0.019185
1706615018,1267112,0.095768,-0.040701,-9.504981,-0.011191,0.017320,-0.019452
1706615018,1267133,0.059855,-0.043096,-9.509769,-0.013590,0.014389,-0.019985
1706615018,1267155,0.095768,0.021548,-9.583989,-0.011458,0.020784,-0.023182
1706615018,1267176,0.086191,-0.040701,-9.615114,-0.013590,0.016787,-0.019452
1706615018,1267200,0.131681,0.009577,-9.500193,-0.013856,0.018652,-0.021583
1706615018,1267221,0.052672,-0.059855,-9.540894,-0.011991,0.014922,-0.022383
1706615018,1267242,0.136469,-0.004788,-9.543288,-0.015988,0.018386,-0.021051
1706615018,1267264,0.141258,0.016759,-9.615114,-0.012790,0.018652,-0.021583
1706615018,1267285,0.088585,-0.045490,-9.572019,-0.013856,0.021051,-0.022116
1706615018,1267307,0.059855,0.014365,-9.512163,-0.014389,0.016787,-0.022383
1706615018,1267330,0.148441,0.057461,-9.588778,-0.015188,0.015455,-0.023182
1706615018,1267352,0.100556,-0.055067,-9.476251,-0.012790,0.018386,-0.022649
1706615018,1267374,0.112527,-0.023942,-9.581595,-0.013057,0.018652,-0.024248
1706615018,1267395,0.102951,-0.004788,-9.569624,-0.013323,0.017587,-0.021317
1706615018,1267417,0.088585,-0.014365,-9.459491,-0.010925,0.021051,-0.020518
1706615018,1267439,0.098162,-0.016759,-9.454702,-0.015455,0.018386,-0.020518
1706615018,1267460,0.110133,-0.057461,-9.531317,-0.011724,0.020251,-0.021583
1706615018,1267484,0.045490,-0.026336,-9.588778,-0.011458,0.017853,-0.018119
1706615018,1267506,0.117316,-0.016759,-9.583989,-0.011991,0.019452,-0.020518
1706615018,1267528,0.136469,-0.026336,-9.536105,-0.015721,0.017320,-0.019718
1706615018,1267550,0.138864,-0.052672,-9.447520,-0.011724,0.016521,-0.020784
1706615018,1267571,0.100556,0.023942,-9.533711,-0.013590,0.015988,-0.020784
1706615018,1267593,0.028730,-0.052672,-9.634268,-0.010126,0.016254,-0.021317
1706615018,1267615,0.150835,-0.031125,-9.490616,-0.012524,0.018919,-0.023982
1706615018,1267639,0.105345,-0.033519,-9.552865,-0.013057,0.017320,-0.019452
1706615018,1267661,0.114922,0.035913,-9.497798,-0.013856,0.017054,-0.020518
1706615018,1267682,0.114922,-0.074220,-9.509769,-0.014123,0.018386,-0.021583
1706615018,1267704,0.119710,-0.043096,-9.497798,-0.014389,0.019452,-0.019718
1706615018,1267726,0.107739,0.014365,-9.481039,-0.011991,0.014123,-0.022916
1706615018,1267747,0.100556,-0.055067,-9.531317,-0.012790,0.015188,-0.019985
1706615018,1267771,0.110133,0.028730,-9.447520,-0.013856,0.017587,-0.019985
1706615019,1267793,0.119710,-0.028730,-9.562442,-0.013590,0.018119,-0.022916
1706615019,1267815,0.059855,-0.059855,-9.579201,-0.014389,0.015721,-0.020518
1706615019,1267837,0.090980,0.023942,-9.562442,-0.017054,0.015721,-0.020784
1706615019,1267858,0.069432,0.011971,-9.504981,-0.014922,0.020251,-0.022116
1706615019,1267880,0.076614,0.023942,-9.555259,-0.012524,0.017054,-0.022383
1706615019,1267902,0.105345,-0.043096,-9.581595,-0.014922,0.017853,-0.020518
1706615019,1267926,0.057461,0.016759,-9.557653,-0.011724,0.016254,-0.021051
1706615019,1267948,0.088585,0.002394,-9.557653,-0.014655,0.017853,-0.020251
1706615019,1267969,0.131681,0.011971,-9.526528,-0.014123,0.019185,-0.023982
1706615019,1267991,0.086191,-0.047884,-9.464279,-0.016254,0.016787,-0.021850
1706615019,1268013,0.102951,0.007183,-9.524135,-0.014123,0.018386,-0.021583
1706615019,1268045,0.064643,0.026336,-9.526528,-0.012257,0.018119,-0.019718
1706615019,1268067,0.074220,-0.023942,-9.516952,-0.015188,0.017320,-0.018119
1706615019,1268091,0.174777,0.028730,-9.449914,-0.012524,0.018386,-0.021317
1706615019,1268113,0.095768,-0.016759,-9.485827,-0.015721,0.017853,-0.021583
1706615019,1268134,0.095768,0.007183,-9.483433,-0.012257,0.018386,-0.018652
1706615019,1268156,0.138864,-0.002394,-9.581595,-0.017320,0.018652,-0.019452
1706615019,1268177,0.081403,0.026336,-9.483433,-0.013323,0.016521,-0.020784
1706615019,1268199,0.105345,0.016759,-9.567230,-0.013323,0.018119,-0.021317
1706615019,1268223,0.090980,-0.064643,-9.476251,-0.015721,0.018386,-0.020518
1706615019,1268245,0.083797,-0.004788,-9.483433,-0.013856,0.018119,-0.018119
1706615019,1268266,0.086191,0.000000,-9.488221,-0.011191,0.019985,-0.021051
1706615019,1268288,0.124498,-0.002394,-9.509769,-0.013323,0.016787,-0.019985
1706615019,1268310,0.098162,-0.050278,-9.531317,-0.013856,0.018919,-0.019185
1706615019,1268332,0.126893,-0.011971,-9.531317,-0.013590,0.018119,-0.021583
1706615019,1268353,0.114922,-0.045490,-9.607931,-0.012524,0.014123,-0.021051
1706615019,1268377,0.150835,-0.026336,-9.447520,-0.014123,0.017320,-0.018119
1706615019,1268399,0.098162,-0.019154,-9.555259,-0.013057,0.020251,-0.019718
1706615019,1268421,0.098162,-0.050278,-9.504981,-0.012524,0.016787,-0.020251
1706615019,1268442,0.074220,0.009577,-9.519346,-0.012790,0.019452,-0.021051
1706615019,1268464,0.076614,0.031125,-9.459491,-0.012790,0.019185,-0.020784
1706615019,1268485,0.138864,0.009577,-9.552865,-0.015721,0.019985,-0.020784
1706615019,1268507,0.102951,0.023942,-9.524135,-0.015988,0.018386,-0.021317
1706615019,1268540,0.138864,0.002394,-9.404425,-0.014123,0.023182,-0.022116
1706615019,1268562,0.095768,-0.057461,-9.550470,-0.016254,0.017587,-0.022116
1706615019,1268584,0.150835,-0.026336,-9.459491,-0.012257,0.018386,-0.022116
1706615019,1268605,0.102951,-0.004788,-9.500193,-0.014389,0.014655,-0.020518
1706615019,1268626,0.141258,0.035913,-9.536105,-0.012524,0.016254,-0.022383
1706615019,1268648,0.083797,-0.011971,-9.411607,-0.015988,0.017054,-0.018652
1706615019,1268671,0.136469,0.011971,-9.557653,-0.014389,0.017054,-0.022116
1706615019,1268693,0.112527,0.014365,-9.576807,-0.015988,0.019718,-0.020251
1706615019,1268714,0.064643,0.045490,-9.536105,-0.016787,0.016521,-0.020251
1706615019,1268735,0.122104,-0.023942,-9.514558,-0.016521,0.016521,-0.020784
1706615019,1268757,0.074220,-0.043096,-9.512163,-0.013323,0.021051,-0.020518
1706615020,1268778,0.112527,0.000000,-9.600749,-0.012790,0.018919,-0.023449
1706615020,1268800,0.047884,0.007183,-9.519346,-0.014123,0.019185,-0.020251
1706615020,1268823,0.134075,0.035913,-9.473856,-0.018652,0.016787,-0.019185
1706615020,1268845,0.081403,-0.028730,-9.540894,-0.014655,0.017587,-0.016254
1706615020,1268866,0.083797,-0.031125,-9.540894,-0.012257,0.014389,-0.020518
1706615020,1268888,0.124498,0.011971,-9.509769,-0.014922,0.016254,-0.022649
1706615020,1268909,0.057461,0.014365,-9.569624,-0.014123,0.018119,-0.023182
1706615020,1268930,0.122104,-0.031125,-9.516952,-0.017587,0.019452,-0.020251
1706615020,1268952,0.043096,-0.009577,-9.634268,-0.012257,0.017054,-0.022916
1706615020,1268975,0.083797,0.002394,-9.512163,-0.014123,0.018119,-0.019185
1706615020,1268997,0.095768,-0.014365,-9.497798,-0.014655,0.018119,-0.023449
1706615020,1269018,0.169988,-0.019154,-9.490616,-0.013057,0.020784,-0.018919
1706615020,1269040,0.141258,-0.021548,-9.449914,-0.013856,0.018386,-0.020251
1706615020,1269061,0.136469,0.021548,-9.485827,-0.015455,0.018919,-0.021317
1706615020,1269082,0.110133,-0.011971,-9.476251,-0.015188,0.016787,-0.021317
1706615020,1269106,0.117316,-0.064643,-9.543288,-0.011458,0.016787,-0.019985
1706615020,1269127,0.057461,-0.047884,-9.390059,-0.010925,0.016254,-0.019452
1706615020,1269149,0.014365,0.026336,-9.615114,-0.013590,0.015721,-0.021317
1706615020,1269170,0.083797,-0.016759,-9.562442,-0.012790,0.016787,-0.023982
1706615020,1269192,0.114922,0.011971,-9.507375,-0.013057,0.016521,-0.021583
1706615020,1269213,0.114922,-0.021548,-9.519346,-0.012790,0.014922,-0.019718
1706615020,1269235,0.055067,-0.007183,-9.516952,-0.011991,0.018119,-0.022116
1706615020,1269258,0.047884,-0.035913,-9.588778,-0.010658,0.015188,-0.023449
1706615020,1269280,0.131681,-0.007183,-9.603143,-0.015188,0.016787,-0.019718
1706615020,1269301,0.153229,-0.069432,-9.476251,-0.014389,0.018386,-0.023449
1706615020,1269323,0.098162,0.002394,-9.538500,-0.010658,0.018119,-0.020784
1706615020,1269344,0.126893,-0.007183,-9.579201,-0.010392,0.017320,-0.018919
1706615020,1269365,0.079009,-0.028730,-9.581595,-0.014655,0.016787,-0.023182
1706615020,1269387,0.131681,0.028730,-9.473856,-0.013590,0.015988,-0.021850
1706615020,1269411,0.134075,-0.043096,-9.550470,-0.013590,0.015188,-0.018919
1706615020,1269432,0.138864,-0.026336,-9.464279,-0.013590,0.017853,-0.019718
1706615020,1269453,0.150835,0.016759,-9.564836,-0.012790,0.019185,-0.022916
1706615020,1269475,0.112527,-0.028730,-9.519346,-0.014123,0.018652,-0.023449
1706615020,1269496,0.083797,0.009577,-9.607931,-0.014389,0.018652,-0.022116
1706615020,1269518,0.086191,-0.057461,-9.598354,-0.015188,0.017054,-0.023182
1706615020,1269541,0.057461,-0.011971,-9.521740,-0.014389,0.019985,-0.018919
1706615020,1269563,0.069432,-0.031125,-9.636662,-0.015988,0.019185,-0.020784
1706615020,1269584,0.162806,-0.040701,-9.514558,-0.015721,0.017853,-0.021850
1706615020,1269605,0.098162,0.004788,-9.560047,-0.014123,0.018386,-0.019718
1706615020,1269627,0.057461,0.028730,-9.493010,-0.010925,0.017853,-0.021583
1706615020,1269648,0.098162,0.045490,-9.495404,-0.012790,0.018652,-0.020784
1706615020,1269669,0.165200,0.023942,-9.495404,-0.013856,0.018919,-0.021850
1706615020,1269693,0.088585,-0.021548,-9.504981,-0.014922,0.016787,-0.021583
1706615020,1269715,0.100556,-0.033519,-9.598354,-0.014389,0.016787,-0.021850
1706615020,1269736,0.090980,0.009577,-9.514558,-0.014389,0.015455,-0.019718
1706615020,1269758,0.079009,-0.028730,-9.495404,-0.015721,0.019452,-0.020784
1706615021,1269779,0.100556,0.038307,-9.500193,-0.013856,0.017853,-0.020518
1706615021,1269801,0.102951,-0.062249,-9.493010,-0.015188,0.015721,-0.022116
1706615021,1269823,0.086191,-0.014365,-9.485827,-0.011724,0.018919,-0.020784
1706615021,1269847,0.088585,0.007183,-9.567230,-0.012257,0.015721,-0.020518
1706615021,1269868,0.131681,0.021548,-9.519346,-0.014655,0.015988,-0.022383
1706615021,1269890,0.090980,-0.047884,-9.516952,-0.014389,0.016254,-0.023449
1706615021,1269912,0.050278,-0.031125,-9.524135,-0.014655,0.016521,-0.020784
1706615021,1269933,0.088585,-0.055067,-9.651027,-0.013590,0.015721,-0.020518
1706615021,1269955,0.100556,-0.014365,-9.490616,-0.016254,0.016254,-0.019185
1706615021,1269977,0.105345,0.023942,-9.576807,-0.011991,0.021051,-0.021850
1706615021,1270001,0.155623,-0.023942,-9.521740,-0.013590,0.014922,-0.018119
1706615021,1270022,0.083797,0.011971,-9.495404,-0.016787,0.016521,-0.020518
1706615021,1270044,0.093374,-0.011971,-9.521740,-0.014123,0.020251,-0.020518
1706615021,1270066,0.141258,0.002394,-9.581595,-0.015188,0.017054,-0.026380
1706615021,1270087,0.088585,0.002394,-9.471462,-0.011991,0.015188,-0.026113
1706615021,1270109,0.114922,0.050278,-9.560047,-0.014389,0.014655,-0.018919
1706615021,1270133,0.107739,0.002394,-9.461885,-0.013057,0.017320,-0.021850
1706615021,1270155,0.019154,-0.002394,-9.588778,-0.015455,0.016521,-0.023182
1706615021,1270177,0.069432,-0.067038,-9.495404,-0.013057,0.022649,-0.021583
1706615021,1270198,0.119710,0.038307,-9.536105,-0.017853,0.018652,-0.021583
1706615021,1270220,0.090980,-0.055067,-9.473856,-0.015188,0.019185,-0.018919
1706615021,1270242,0.102951,-0.040701,-9.538500,-0.014655,0.018652,-0.021051
1706615021,1270263,0.071826,-0.007183,-9.471462,-0.013856,0.017054,-0.021850
1706615021,1270287,0.155623,-0.023942,-9.497798,-0.013590,0.016254,-0.022649
1706615021,1270309,0.117316,-0.007183,-9.545682,-0.015455,0.016521,-0.023715
1706615021,1270331,0.138864,-0.038307,-9.569624,-0.011991,0.017320,-0.018919
1706615021,1270352,0.067038,0.002394,-9.464279,-0.013057,0.018919,-0.021317
1706615021,1270374,0.083797,0.000000,-9.536105,-0.014655,0.014655,-0.023182
1706615021,1270396,0.131681,-0.033519,-9.586384,-0.014389,0.020784,-0.023449
1706615021,1270418,0.052672,-0.002394,-9.531317,-0.014922,0.020518,-0.018919
1706615021,1270442,0.086191,0.026336,-9.538500,-0.010925,0.018386,-0.021317
1706615021,1270463,0.079009,0.028730,-9.435549,-0.014922,0.019185,-0.020784
1706615021,1270485,0.071826,-0.033519,-9.406818,-0.014123,0.017587,-0.021317
1706615021,1270507,0.095768,0.002394,-9.466674,-0.013057,0.017853,-0.021317
1706615021,1270528,0.064643,-0.038307,-9.550470,-0.014655,0.019452,-0.021850
1706615021,1270550,0.100556,-0.038307,-9.595961,-0.014655,0.014655,-0.018652
1706615021,1270574,0.169988,0.023942,-9.526528,-0.011458,0.015188,-0.023982
1706615021,1270596,0.126893,-0.040701,-9.557653,-0.013590,0.013590,-0.021317
1706615021,1270618,0.071826,0.040701,-9.591172,-0.011458,0.017853,-0.021850
1706615021,1270639,0.090980,-0.031125,-9.545682,-0.012524,0.018652,-0.019452
1706615021,1270661,0.102951,-0.007183,-9.552865,-0.016787,0.016787,-0.021583
1706615021,1270683,0.117316,-0.004788,-9.588778,-0.013856,0.019718,-0.021317
1706615021,1270704,0.100556,-0.007183,-9.512163,-0.010658,0.019718,-0.022383
1706615021,1270728,0.160412,-0.007183,-9.574412,-0.014389,0.017320,-0.017587
1706615021,1270750,0.122104,-0.016759,-9.516952,-0.016254,0.016521,-0.021850
1706615021,1270771,0.057461,0.019154,-9.581595,-0.014655,0.017587,-0.016254
1706615022,1270793,0.126893,-0.081403,-9.516952,-0.011724,0.019985,-0.023182
1706615022,1270815,0.019154,0.050278,-9.435549,-0.013057,0.019185,-0.023715
1706615022,1270836,0.105345,0.026336,-9.490616,-0.016254,0.021317,-0.019452
1706615022,1270858,0.167594,-0.033519,-9.476251,-0.016254,0.019718,-0.018652
1706615022,1270890,0.050278,-0.050278,-9.593566,-0.015188,0.016787,-0.018652
1706615022,1270913,0.076614,-0.011971,-9.519346,-0.013856,0.019452,-0.020784
1706615022,1270935,0.153229,-0.040701,-9.457097,-0.011458,0.014123,-0.021850
1706615022,1270956,0.126893,-0.079009,-9.481039,-0.011191,0.016521,-0.022649
1706615022,1270977,0.107739,-0.014365,-9.533711,-0.014655,0.017587,-0.022383
1706615022,1270999,0.100556,-0.076614,-9.495404,-0.009859,0.021317,-0.019985
1706615022,1271022,0.129287,0.007183,-9.528923,-0.015721,0.015188,-0.020784
1706615022,1271044,0.064643,-0.047884,-9.485827,-0.014123,0.018919,-0.021583
1706615022,1271065,0.150835,0.002394,-9.612720,-0.014389,0.018386,-0.021850
1706615022,1271086,0.088585,0.004788,-9.583989,-0.013590,0.015721,-0.020518
1706615022,1271108,0.081403,0.002394,-9.524135,-0.011191,0.018386,-0.021850
1706615022,1271129,0.038307,0.014365,-9.519346,-0.017054,0.015188,-0.022916
1706615022,1271151,0.155623,-0.076614,-9.516952,-0.011458,0.016521,-0.019718
1706615022,1271174,0.055067,-0.028730,-9.478644,-0.012524,0.021051,-0.018119
1706615022,1271196,0.076614,0.019154,-9.528923,-0.015188,0.016521,-0.019985
1706615022,1271217,0.086191,-0.031125,-9.507375,-0.013590,0.018919,-0.020784
1706615022,1271239,0.102951,0.011971,-9.569624,-0.017320,0.016521,-0.021583
1706615022,1271260,0.122104,-0.004788,-9.490616,-0.012524,0.017054,-0.022649
1706615022,1271281,0.031125,-0.064643,-9.481039,-0.012524,0.018919,-0.020251
1706615022,1271303,0.160412,-0.023942,-9.545682,-0.013590,0.015721,-0.020784
1706615022,1271327,0.126893,0.016759,-9.579201,-0.017054,0.017320,-0.021051
1706615022,1271348,0.124498,-0.009577,-9.454702,-0.015455,0.015455,-0.019452
1706615022,1271370,0.112527,0.000000,-9.524135,-0.015188,0.016254,-0.020518
1706615022,1271391,0.160412,-0.040701,-9.514558,-0.014123,0.019985,-0.018119
1706615022,1271413,0.064643,-0.019154,-9.483433,-0.014123,0.019718,-0.021051
1706615022,1271434,0.112527,0.023942,-9.411607,-0.011191,0.019185,-0.021850
1706615022,1271458,0.129287,0.023942,-9.488221,-0.013590,0.017587,-0.020518
1706615022,1271479,0.095768,-0.007183,-9.469068,-0.017320,0.016787,-0.018919
1706615022,1271501,0.134075,-0.019154,-9.406818,-0.015455,0.015721,-0.022116
1706615022,1271522,0.083797,-0.057461,-9.610326,-0.016254,0.017320,-0.021051
1706615022,1271544,0.114922,-0.002394,-9.512163,-0.012524,0.021317,-0.020251
1706615022,1271565,0.150835,-0.093374,-9.488221,-0.014123,0.019452,-0.019452
1706615022,1271587,0.136469,-0.040701,-9.466674,-0.012790,0.021317,-0.022916
1706615022,1271610,0.110133,-0.002394,-9.449914,-0.012257,0.020518,-0.022116
1706615022,1271632,0.155623,0.035913,-9.567230,-0.014123,0.017853,-0.015455
1706615022,1271653,0.126893,-0.052672,-9.557653,-0.012790,0.018652,-0.017853
1706615022,1271674,0.069432,-0.026336,-9.545682,-0.014922,0.020251,-0.020251
1706615022,1271696,0.093374,0.002394,-9.490616,-0.009326,0.015721,-0.021317
1706615022,1271717,0.019154,-0.031125,-9.457097,-0.018119,0.013856,-0.019185
1706615022,1271739,0.083797,0.002394,-9.473856,-0.013590,0.014655,-0.022116
1706615022,1271763,0.114922,-0.026336,-9.504981,-0.016787,0.017054,-0.018652
1706615023,1271784,0.035913,-0.004788,-9.430760,-0.015988,0.015455,-0.022116
1706615023,1271806,0.124498,-0.014365,-9.545682,-0.013057,0.016254,-0.020518
1706615023,1271827,0.134075,0.002394,-9.562442,-0.013856,0.016521,-0.020784
1706615023,1271848,0.134075,0.009577,-9.562442,-0.014389,0.015455,-0.021317
1706615023,1271870,0.117316,0.004788,-9.428367,-0.013057,0.018119,-0.022116
1706615023,1271893,0.138864,-0.052672,-9.557653,-0.012790,0.018919,-0.022116
1706615023,1271915,0.117316,-0.069432,-9.507375,-0.014123,0.017587,-0.023182
1706615023,1271936,0.100556,-0.047884,-9.512163,-0.014123,0.015188,-0.020784
1706615023,1271957,0.090980,-0.050278,-9.545682,-0.014123,0.016787,-0.021051
1706615023,1271979,0.098162,-0.033519,-9.536105,-0.014922,0.015455,-0.021850
1706615023,1272000,0.126893,-0.004788,-9.445126,-0.014922,0.015721,-0.021317
1706615023,1272021,0.105345,-0.079009,-9.576807,-0.014389,0.015188,-0.018386
1706615023,1272045,0.093374,0.002394,-9.598354,-0.012790,0.019718,-0.021051
1706615023,1272067,0.107739,0.021548,-9.497798,-0.014655,0.016254,-0.020518
1706615023,1272088,0.158017,-0.031125,-9.519346,-0.015721,0.017054,-0.022116
1706615023,1272110,0.079009,-0.014365,-9.538500,-0.011458,0.021051,-0.021051
1706615023,1272132,0.062249,-0.052672,-9.610326,-0.015988,0.018119,-0.021850
1706615023,1272153,0.119710,-0.019154,-9.643845,-0.015188,0.016787,-0.020784
1706615023,1272175,0.131681,0.031125,-9.516952,-0.015721,0.015988,-0.019452
1706615023,1272199,0.100556,-0.045490,-9.591172,-0.014123,0.018652,-0.020251
1706615023,1272220,0.143652,0.071826,-9.543288,-0.014123,0.020251,-0.020784
1706615023,1272242,0.076614,0.031125,-9.548077,-0.015455,0.015455,-0.022649
1706615023,1272264,0.088585,-0.035913,-9.502586,-0.014655,0.017320,-0.021850
1706615023,1272286,0.124498,0.026336,-9.643845,-0.014655,0.018386,-0.020784
1706615023,1272307,0.107739,0.031125,-9.581595,-0.011724,0.017054,-0.019185
1706615023,1272331,0.102951,-0.011971,-9.533711,-0.012790,0.016254,-0.023182
1706615023,1272353,0.143652,-0.004788,-9.459491,-0.011724,0.015988,-0.021850
1706615023,1272375,0.162806,0.011971,-9.521740,-0.014655,0.019985,-0.019718
1706615023,1272396,0.095768,0.000000,-9.483433,-0.011724,0.017054,-0.019718
1706615023,1272418,0.064643,-0.035913,-9.533711,-0.015188,0.017587,-0.022916
1706615023,1272440,0.098162,-0.043096,-9.471462,-0.011191,0.020251,-0.020518
1706615023,1272462,0.134075,-0.107739,-9.490616,-0.015988,0.018652,-0.020518
1706615023,1272486,0.114922,0.023942,-9.469068,-0.011458,0.015988,-0.022116
1706615023,1272507,0.153229,-0.040701,-9.476251,-0.014123,0.019185,-0.022916
1706615023,1272529,0.105345,-0.040701,-9.583989,-0.012790,0.017320,-0.023182
1706615023,1272551,0.107739,0.062249,-9.485827,-0.013590,0.019718,-0.022649
1706615023,1272572,0.081403,-0.019154,-9.469068,-0.013856,0.018652,-0.021850
1706615023,1272594,0.083797,-0.043096,-9.560047,-0.014123,0.017054,-0.018386
1706615023,1272616,0.110133,-0.011971,-9.481039,-0.013856,0.015988,-0.019985
1706615023,1272640,0.150835,0.031125,-9.483433,-0.015455,0.017054,-0.022649
1706615023,1272661,0.110133,-0.038307,-9.478644,-0.015455,0.019985,-0.019185
1706615023,1272683,0.043096,0.009577,-9.514558,-0.014123,0.018119,-0.022116
1706615023,1272705,0.122104,-0.016759,-9.516952,-0.013590,0.017320,-0.023182
1706615023,1272727,0.143652,0.009577,-9.500193,-0.011191,0.018652,-0.021317
1706615023,1272748,0.086191,-0.033519,-9.567230,-0.011458,0.019185,-0.021051
1706615023,1272772,0.059855,-0.004788,-9.497798,-0.014655,0.019185,-0.018386
1706615024,1272794,0.102951,-0.035913,-9.603143,-0.011724,0.014922,-0.021583
1706615024,1272816,0.129287,0.055067,-9.516952,-0.013057,0.012790,-0.020784
1706615024,1272837,0.098162,-0.011971,-9.540894,-0.013590,0.019718,-0.021317
1706615024,1272859,0.114922,-0.062249,-9.548077,-0.014123,0.015721,-0.021850
1706615024,1272881,0.114922,-0.009577,-9.471462,-0.012524,0.015455,-0.020784
1706615024,1272902,0.047884,0.016759,-9.497798,-0.014389,0.018386,-0.021850
1706615024,1272926,0.160412,-0.011971,-9.521740,-0.014389,0.021317,-0.022116
1706615024,1272948,0.095768,-0.026336,-9.607931,-0.011191,0.013856,-0.020518
1706615024,1272970,0.136469,-0.002394,-9.557653,-0.016787,0.019985,-0.019718
1706615024,1272992,0.117316,-0.055067,-9.576807,-0.013323,0.022383,-0.018652
1706615024,1273013,0.057461,-0.007183,-9.603143,-0.015455,0.019985,-0.019452
1706615024,1273035,0.098162,-0.052672,-9.528923,-0.014922,0.018119,-0.023182
1706615024,1273057,0.131681,0.028730,-9.610326,-0.014922,0.016787,-0.019985
1706615024,1273081,0.107739,-0.040701,-9.485827,-0.016254,0.017320,-0.021317
1706615024,1273102,0.098162,-0.050278,-9.461885,-0.014123,0.019985,-0.024781
1706615024,1273124,0.100556,0.004788,-9.466674,-0.010925,0.016521,-0.020251
1706615024,1273145,0.110133,-0.062249,-9.449914,-0.016254,0.017054,-0.025047
1706615024,1273167,0.064643,-0.021548,-9.567230,-0.011724,0.019185,-0.023182
1706615024,1273189,0.155623,0.004788,-9.557653,-0.014655,0.013057,-0.019185
1706615024,1273210,0.153229,-0.021548,-9.483433,-0.015455,0.019985,-0.022383
1706615024,1273239,0.095768,-0.002394,-9.516952,-0.015455,0.019185,-0.020251
1706615024,1273262,0.153229,-0.016759,-9.526528,-0.013856,0.019452,-0.019452
1706615024,1273283,0.136469,-0.035913,-9.545682,-0.015455,0.018652,-0.018386
1706615024,1273305,0.117316,-0.009577,-9.557653,-0.014922,0.017320,-0.022383
1706615024,1273326,0.071826,-0.050278,-9.600749,-0.013323,0.017587,-0.022649
1706615024,1273347,0.119710,-0.007183,-9.495404,-0.015721,0.018652,-0.023182
1706615024,1273371,0.102951,0.002394,-9.552865,-0.014389,0.017320,-0.018919
1706615024,1273392,0.112527,-0.004788,-9.531317,-0.012790,0.015988,-0.018919
1706615024,1273414,0.107739,0.000000,-9.569624,-0.014655,0.016787,-0.021583
1706615024,1273435,0.086191,0.004788,-9.418790,-0.014655,0.019452,-0.018919
1706615024,1273457,0.126893,-0.016759,-9.595961,-0.010392,0.018652,-0.023715
1706615024,1273478,0.100556,0.002394,-9.533711,-0.013057,0.013856,-0.017853
1706615024,1273500,0.040701,0.014365,-9.445126,-0.016254,0.017853,-0.017320
1706615024,1273523,0.124498,-0.035913,-9.512163,-0.013323,0.019185,-0.022383
1706615024,1273545,0.114922,-0.057461,-9.536105,-0.015188,0.018919,-0.022916
1706615024,1273566,0.069432,-0.028730,-9.531317,-0.014123,0.016254,-0.021850
1706615024,1273587,0.138864,-0.026336,-9.516952,-0.015721,0.019718,-0.020518
1706615024,1273609,0.148441,-0.043096,-9.514558,-0.013323,0.017054,-0.019452
1706615024,1273630,0.026336,-0.062249,-9.548077,-0.014123,0.017587,-0.018919
1706615024,1273652,0.155623,-0.081403,-9.469068,-0.013856,0.017853,-0.018919
1706615024,1273675,0.172383,-0.045490,-9.423578,-0.014922,0.018119,-0.020251
1706615024,1273697,0.083797,-0.004788,-9.512163,-0.017587,0.017587,-0.021317
1706615024,1273718,0.110133,0.004788,-9.562442,-0.014123,0.018386,-0.018652
1706615024,1273740,0.105345,0.016759,-9.540894,-0.012257,0.016254,-0.021051
1706615024,1273761,0.112527,-0.026336,-9.524135,-0.013590,0.020251,-0.019185
1706615025,1273782,0.095768,-0.035913,-9.452309,-0.017587,0.020251,-0.018386
1706615025,1273806,0.146046,0.014365,-9.454702,-0.014922,0.018386,-0.022649
1706615025,1273827,0.102951,-0.011971,-9.538500,-0.014922,0.019985,-0.019718
1706615025,1273849,0.100556,-0.040701,-9.430760,-0.014123,0.017054,-0.019452
1706615025,1273870,0.035913,0.019154,-9.516952,-0.012790,0.017587,-0.020784
1706615025,1273892,0.102951,-0.007183,-9.595961,-0.014922,0.015188,-0.021051
1706615025,1273913,0.117316,-0.038307,-9.526528,-0.012257,0.014922,-0.019985
1706615025,1273935,0.052672,-0.067038,-9.586384,-0.013590,0.017587,-0.022116
1706615025,1273958,0.129287,-0.019154,-9.670180,-0.015988,0.019985,-0.021850
1706615025,1273980,0.114922,-0.062249,-9.653421,-0.014655,0.020784,-0.017853
1706615025,1274001,0.105345,-0.043096,-9.548077,-0.011458,0.014123,-0.023982
1706615025,1274022,0.071826,0.004788,-9.488221,-0.014655,0.016254,-0.022383
1706615025,1274044,0.110133,0.119710,-9.569624,-0.011458,0.015188,-0.018652
1706615025,1274065,0.069432,0.028730,-9.574412,-0.011724,0.019985,-0.021317
1706615025,1274087,0.093374,-0.026336,-9.528923,-0.015188,0.018119,-0.019185
1706615025,1274110,0.129287,-0.023942,-9.504981,-0.013057,0.018919,-0.019985
1706615025,1274132,0.088585,-0.031125,-9.445126,-0.014389,0.015721,-0.022649
1706615025,1274153,0.100556,-0.040701,-9.543288,-0.015455,0.016254,-0.019985
1706615025,1274174,0.083797,0.009577,-9.528923,-0.015721,0.018386,-0.020251
1706615025,1274196,0.112527,0.016759,-9.548077,-0.017320,0.015188,-0.020784
1706615025,1274217,0.095768,0.009577,-9.591172,-0.016254,0.014655,-0.017587
1706615025,1274241,0.079009,0.007183,-9.464279,-0.012524,0.016254,-0.022649
1706615025,1274262,0.129287,0.033519,-9.500193,-0.012790,0.017054,-0.022116
1706615025,1274284,0.138864,-0.014365,-9.524135,-0.015455,0.018919,-0.021317
1706615025,1274305,0.031125,-0.021548,-9.504981,-0.016787,0.015988,-0.022116
1706615025,1274326,0.083797,-0.031125,-9.564836,-0.012257,0.015988,-0.018119
1706615025,1274348,0.136469,0.038307,-9.619903,-0.013856,0.018119,-0.022916
1706615025,1274369,0.107739,-0.019154,-9.454702,-0.014922,0.015721,-0.019185
1706615025,1274393,0.136469,-0.002394,-9.595961,-0.014123,0.013057,-0.019985
1706615025,1274414,0.071826,-0.040701,-9.526528,-0.014922,0.018652,-0.021583
1706615025,1274436,0.112527,-0.002394,-9.619903,-0.011191,0.018652,-0.021583
1706615025,1274458,0.107739,-0.011971,-9.533711,-0.012524,0.017054,-0.022116
1706615025,1274479,0.117316,-0.055067,-9.548077,-0.010392,0.015721,-0.022649
1706615025,1274501,0.055067,-0.023942,-9.502586,-0.012524,0.017054,-0.025047
1706615025,1274523,0.095768,-0.050278,-9.591172,-0.013323,0.018652,-0.023715
1706615025,1274546,0.107739,-0.102951,-9.447520,-0.014123,0.019985,-0.020518
1706615025,1274568,0.093374,-0.011971,-9.454702,-0.011991,0.015188,-0.019452
1706615025,1274590,0.124498,-0.011971,-9.543288,-0.009859,0.015721,-0.021051
1706615025,1274612,0.083797,-0.035913,-9.473856,-0.013856,0.020784,-0.019452
1706615025,1274633,0.031125,0.000000,-9.564836,-0.015721,0.018119,-0.022649
1706615025,1274655,0.083797,-0.031125,-9.540894,-0.015188,0.017054,-0.023182
1706615025,1274679,0.093374,0.002394,-9.485827,-0.013057,0.018919,-0.020518
1706615025,1274701,0.141258,0.007183,-9.497798,-0.011724,0.018119,-0.021850
1706615025,1274722,0.057461,0.000000,-9.562442,-0.012790,0.018919,-0.020251
1706615025,1274744,0.136469,0.014365,-9.469068,-0.011458,0.020518,-0.021583
1706615025,1274766,0.086191,0.055067,-9.497798,-0.011458,0.018919,-0.019985
1706615026,1274787,0.076614,0.059855,-9.473856,-0.011991,0.014389,-0.018119
1706615026,1274809,0.105345,0.016759,-9.605537,-0.014389,0.018386,-0.018386
1706615026,1274833,0.057461,-0.019154,-9.490616,-0.016787,0.016787,-0.021317
1706615026,1274855,0.122104,-0.019154,-9.521740,-0.014922,0.014655,-0.021583
1706615026,1274877,0.086191,-0.047884,-9.430760,-0.014389,0.017587,-0.020784
1706615026,1274898,0.167594,-0.040701,-9.550470,-0.012524,0.017054,-0.021317
1706615026,1274920,0.124498,0.016759,-9.569624,-0.013323,0.016787,-0.019185
1706615026,1274942,0.134075,-0.040701,-9.526528,-0.012790,0.018119,-0.021317
1706615026,1274963,0.069432,-0.057461,-9.552865,-0.012257,0.016787,-0.021850
1706615026,1274988,0.033519,-0.035913,-9.490616,-0.013590,0.016521,-0.020518
1706615026,1275009,0.162806,-0.031125,-9.540894,-0.012790,0.017320,-0.020251
1706615026,1275031,0.086191,0.014365,-9.469068,-0.012257,0.019452,-0.023982
1706615026,1275053,0.162806,0.043096,-9.512163,-0.014123,0.018652,-0.021317
1706615026,1275074,0.098162,-0.047884,-9.519346,-0.015721,0.022649,-0.018119
1706615026,1275096,0.138864,-0.059855,-9.512163,-0.015455,0.017320,-0.021850
1706615026,1275120,0.090980,-0.002394,-9.662998,-0.015188,0.017587,-0.023982
1706615026,1275142,0.064643,-0.014365,-9.583989,-0.012524,0.017587,-0.023715
1706615026,1275164,0.114922,0.004788,-9.557653,-0.014389,0.019985,-0.021051
1706615026,1275185,0.110133,0.000000,-9.564836,-0.014655,0.019718,-0.021850
1706615026,1275207,0.050278,-0.021548,-9.500193,-0.016254,0.017054,-0.020518
1706615026,1275229,0.105345,-0.023942,-9.552865,-0.013323,0.017320,-0.019452
1706615026,1275251,0.100556,0.026336,-9.548077,-0.014123,0.017054,-0.020518
1706615026,1275275,0.067038,-0.052672,-9.476251,-0.014389,0.017853,-0.021051
1706615026,1275296,0.112527,0.038307,-9.567230,-0.014922,0.017853,-0.023449
1706615026,1275318,0.095768,-0.033519,-9.540894,-0.012524,0.017320,-0.018919
1706615026,1275340,0.062249,-0.076614,-9.423578,-0.014123,0.018919,-0.019452
1706615026,1275362,0.098162,-0.052672,-9.588778,-0.014123,0.017320,-0.023182
1706615026,1275383,0.129287,0.038307,-9.473856,-0.012257,0.014922,-0.021583
1706615026,1275405,0.095768,-0.004788,-9.478644,-0.016787,0.015455,-0.022116
1706615026,1275429,0.090980,-0.028730,-9.507375,-0.013057,0.017320,-0.021583
1706615026,1275451,0.155623,0.000000,-9.495404,-0.013323,0.018119,-0.022649
1706615026,1275472,0.148441,-0.076614,-9.493010,-0.014655,0.015721,-0.019985
1706615026,1275494,0.098162,-0.045490,-9.500193,-0.015455,0.021850,-0.023715
1706615026,1275516,0.088585,-0.059855,-9.603143,-0.014123,0.018652,-0.021583
1706615026,1275538,0.090980,-0.031125,-9.390059,-0.015455,0.015721,-0.022116
1706615026,1275570,0.045490,-0.007183,-9.485827,-0.014123,0.023182,-0.021583
1706615026,1275593,0.040701,0.002394,-9.557653,-0.012790,0.016254,-0.021317
1706615026,1275614,0.225055,-0.047884,-9.495404,-0.015455,0.017054,-0.020784
1706615026,1275635,0.105345,0.052672,-9.552865,-0.012790,0.021583,-0.018119
1706615026,1275657,0.114922,-0.035913,-9.478644,-0.014655,0.017587,-0.021051
1706615026,1275678,0.079009,0.011971,-9.519346,-0.014389,0.016787,-0.021850
1706615026,1275699,0.083797,0.000000,-9.509769,-0.013057,0.017054,-0.022383
1706615026,1275723,0.057461,-0.007183,-9.581595,-0.014123,0.017054,-0.020518
1706615026,1275744,0.107739,0.007183,-9.538500,-0.015721,0.018119,-0.019452
1706615026,1275766,0.186748,-0.057461,-9.483433,-0.013323,0.018919,-0.021051
1706615027,1275787,0.134075,-0.045490,-9.569624,-0.014123,0.016254,-0.020251
1706615027,1275809,0.081403,0.011971,-9.454702,-0.011191,0.019185,-0.021051
1706615027,1275830,0.059855,-0.057461,-9.538500,-0.014389,0.021583,-0.021317
1706615027,1275851,0.107739,-0.074220,-9.536105,-0.015988,0.015721,-0.022649
1706615027,1275875,0.074220,-0.050278,-9.557653,-0.011724,0.020518,-0.021583
1706615027,1275896,0.160412,-0.059855,-9.533711,-0.011458,0.016254,-0.020251
1706615027,1275918,0.138864,-0.011971,-9.457097,-0.014389,0.018119,-0.021317
1706615027,1275939,0.107739,-0.045490,-9.536105,-0.013590,0.016521,-0.023449
1706615027,1275961,0.083797,0.052672,-9.459491,-0.013323,0.017320,-0.024515
1706615027,1275982,0.184354,-0.028730,-9.471462,-0.015455,0.018919,-0.020784
1706615027,1276006,0.138864,0.023942,-9.550470,-0.013323,0.021317,-0.022116
1706615027,1276027,0.093374,-0.002394,-9.562442,-0.014123,0.015188,-0.022649
1706615027,1276049,0.141258,0.021548,-9.478644,-0.014655,0.018386,-0.021317
1706615027,1276070,0.028730,0.016759,-9.512163,-0.015988,0.018652,-0.022649
1706615027,1276091,0.122104,-0.026336,-9.437943,-0.014123,0.020784,-0.020518
1706615027,1276113,0.098162,-0.002394,-9.495404,-0.013590,0.015188,-0.021850
1706615027,1276134,0.114922,0.009577,-9.538500,-0.014389,0.015988,-0.024248
1706615027,1276158,0.136469,-0.007183,-9.543288,-0.015721,0.019985,-0.019718
1706615027,1276179,0.112527,-0.074220,-9.519346,-0.013590,0.018119,-0.022649
1706615027,1276201,0.088585,0.052672,-9.531317,-0.012257,0.017320,-0.021850
1706615027,1276222,0.067038,-0.081403,-9.521740,-0.012790,0.018919,-0.023449
1706615027,1276243,0.040701,0.023942,-9.555259,-0.014655,0.015188,-0.021317
1706615027,1276265,0.110133,0.028730,-9.543288,-0.012790,0.013856,-0.022649
1706615027,1276286,0.136469,-0.004788,-9.536105,-0.012257,0.018386,-0.019985
1706615027,1276310,0.095768,-0.007183,-9.560047,-0.014922,0.014123,-0.023449
1706615027,1276331,0.098162,-0.009577,-9.519346,-0.013856,0.019452,-0.022383
1706615027,1276353,0.146046,0.009577,-9.610326,-0.013590,0.015188,-0.020251
1706615027,1276374,0.026336,-0.016759,-9.457097,-0.016254,0.017320,-0.023715
1706615027,1276396,0.102951,-0.016759,-9.469068,-0.015455,0.016787,-0.019452
1706615027,1276417,0.090980,-0.011971,-9.476251,-0.012524,0.019185,-0.021317
1706615027,1276441,0.122104,-0.059855,-9.533711,-0.014123,0.018119,-0.021051
1706615027,1276462,0.119710,-0.004788,-9.488221,-0.015188,0.017320,-0.021051
1706615027,1276484,0.141258,0.004788,-9.528923,-0.013856,0.014922,-0.022916
1706615027,1276505,0.086191,-0.004788,-9.466674,-0.015188,0.017054,-0.022383
1706615027,1276526,0.119710,0.004788,-9.428367,-0.015188,0.015455,-0.019452
1706615027,1276548,0.095768,0.021548,-9.576807,-0.016254,0.017320,-0.022916
1706615027,1276569,0.131681,0.016759,-9.447520,-0.014123,0.017054,-0.018386
1706615027,1276593,0.083797,-0.038307,-9.598354,-0.013323,0.018652,-0.022116
1706615027,1276614,0.107739,-0.059855,-9.579201,-0.013856,0.020518,-0.022116
1706615027,1276636,0.083797,-0.090980,-9.461885,-0.017587,0.017054,-0.021317
1706615027,1276657,0.138864,-0.083797,-9.445126,-0.012790,0.018386,-0.021317
1706615027,1276678,0.114922,-0.043096,-9.447520,-0.014655,0.018386,-0.023715
1706615027,1276700,0.081403,0.019154,-9.478644,-0.014922,0.016254,-0.019185
1706615027,1276721,0.148441,-0.028730,-9.521740,-0.009593,0.018119,-0.018919
1706615027,1276745,0.143652,-0.033519,-9.512163,-0.012257,0.017587,-0.020518
1706615027,1276766,0.126893,-0.002394,-9.509769,-0.014123,0.015455,-0.021850
1706615028,1276788,0.095768,0.016759,-9.454702,-0.012524,0.016521,-0.023182
1706615028,1276809,0.093374,0.045490,-9.622296,-0.013856,0.017853,-0.023449
1706615028,1276831,0.095768,-0.035913,-9.557653,-0.013856,0.018119,-0.019452
1706615028,1276853,0.067038,0.028730,-9.497798,-0.012790,0.015988,-0.023982
1706615028,1276877,0.098162,0.031125,-9.349358,-0.013590,0.015188,-0.023182
1706615028,1276898,0.100556,-0.004788,-9.481039,-0.013057,0.019718,-0.021583
1706615028,1276920,0.126893,-0.021548,-9.485827,-0.013856,0.014655,-0.018652
1706615028,1276942,0.028730,-0.016759,-9.390059,-0.014922,0.015988,-0.022649
1706615028,1276963,0.023942,0.031125,-9.397242,-0.013590,0.016254,-0.023182
1706615028,1276985,0.100556,0.033519,-9.509769,-0.014123,0.020251,-0.019718
1706615028,1277007,0.095768,-0.074220,-9.591172,-0.017054,0.013856,-0.022116
1706615028,1277031,0.079009,-0.009577,-9.483433,-0.014123,0.021583,-0.024248
1706615028,1277053,0.102951,-0.074220,-9.603143,-0.013590,0.019985,-0.021051
1706615028,1277074,0.081403,0.026336,-9.471462,-0.013856,0.017320,-0.022916
1706615028,1277096,0.083797,0.045490,-9.483433,-0.013856,0.019452,-0.020784
1706615028,1277118,0.167594,-0.021548,-9.576807,-0.015188,0.017853,-0.023182
1706615028,1277139,0.074220,-0.016759,-9.552865,-0.011458,0.018919,-0.019452
1706615028,1277161,0.126893,0.000000,-9.459491,-0.016254,0.016787,-0.022383
1706615028,1277185,0.107739,-0.028730,-9.569624,-0.012524,0.017853,-0.019718
1706615028,1277207,0.160412,0.026336,-9.619903,-0.015455,0.015721,-0.023182
1706615028,1277228,0.050278,0.014365,-9.493010,-0.010392,0.019452,-0.022116
1706615028,1277250,0.088585,-0.031125,-9.588778,-0.013057,0.019452,-0.020251
1706615028,1277272,0.114922,0.007183,-9.476251,-0.011991,0.017587,-0.020784
1706615028,1277293,0.064643,0.014365,-9.502586,-0.014123,0.022116,-0.023182
1706615028,1277315,0.110133,-0.050278,-9.536105,-0.011191,0.019185,-0.019985
1706615028,1277339,0.083797,0.090980,-9.435549,-0.010925,0.023449,-0.023715
1706615028,1277361,0.110133,0.007183,-9.442732,-0.012790,0.017853,-0.023449
1706615028,1277383,0.102951,-0.019154,-9.459491,-0.017054,0.007461,-0.019985
1706615028,1277404,0.117316,-0.004788,-9.603143,-0.013856,0.016787,-0.022649
1706615028,1277426,0.086191,0.043096,-9.495404,-0.011458,0.020518,-0.021051
1706615028,1277448,0.155623,-0.081403,-9.701305,-0.018919,0.007727,-0.021051
1706615028,1277472,0.174777,-0.019154,-9.464279,-0.010126,0.023715,-0.019452
1706615028,1277493,0.138864,-0.016759,-9.660604,-0.012790,0.014123,-0.020251
1706615028,1277515,0.102951,-0.043096,-9.402030,-0.018119,0.012790,-0.020251
1706615028,1277537,0.095768,-0.040701,-9.507375,-0.012257,0.023449,-0.020251
1706615028,1277558,0.162806,-0.043096,-9.461885,-0.013856,0.015188,-0.021051
1706615028,1277580,0.081403,0.057461,-9.459491,-0.017853,0.018652,-0.021850
1706615028,1277602,0.162806,-0.011971,-9.512163,-0.013590,0.022649,-0.019718
1706615028,1277626,0.148441,0.019154,-9.612720,-0.016254,0.016521,-0.021850
1706615028,1277648,0.088585,-0.047884,-9.526528,-0.011191,0.022383,-0.022116
1706615028,1277669,0.069432,0.007183,-9.581595,-0.011191,0.017587,-0.022649
1706615028,1277691,0.114922,0.004788,-9.418790,-0.014655,0.016521,-0.019718
1706615028,1277713,0.059855,0.016759,-9.629479,-0.014389,0.019185,-0.022383
1706615028,1277734,0.119710,0.009577,-9.579201,-0.014389,0.016254,-0.019985
1706615028,1277756,0.081403,0.035913,-9.500193,-0.015721,0.014389,-0.021317
1706615029,1277780,0.124498,-0.040701,-9.533711,-0.013590,0.016521,-0.021051
1706615029,1277802,0.112527,-0.033519,-9.504981,-0.011991,0.015455,-0.021850
1706615029,1277823,0.102951,-0.004788,-9.442732,-0.012257,0.015988,-0.020518
1706615029,1277845,0.143652,-0.026336,-9.639056,-0.013323,0.016254,-0.022116
1706615029,1277866,0.095768,-0.009577,-9.543288,-0.015721,0.013590,-0.019452
1706615029,1277888,0.124498,0.019154,-9.588778,-0.013590,0.021317,-0.021583
1706615029,1277920,0.119710,-0.016759,-9.538500,-0.013590,0.015721,-0.019718
1706615029,1277943,0.138864,-0.028730,-9.471462,-0.013323,0.022383,-0.019718
1706615029,1277965,0.141258,-0.069432,-9.560047,-0.013323,0.018919,-0.022649
1706615029,1277986,0.076614,0.038307,-9.512163,-0.012790,0.017054,-0.023449
1706615029,1278007,0.086191,-0.026336,-9.574412,-0.012524,0.018919,-0.022383
1706615029,1278029,0.071826,0.045490,-9.548077,-0.015988,0.018652,-0.021583
1706615029,1278050,0.117316,-0.050278,-9.504981,-0.013856,0.019452,-0.023449
1706615029,1278074,0.093374,-0.043096,-9.564836,-0.013590,0.017054,-0.017587
1706615029,1278095,0.122104,0.002394,-9.435549,-0.016787,0.016787,-0.020784
1706615029,1278116,0.059855,0.043096,-9.445126,-0.015188,0.015988,-0.019185
1706615029,1278138,0.129287,-0.007183,-9.447520,-0.011458,0.017587,-0.023715
1706615029,1278159,0.055067,-0.011971,-9.442732,-0.012790,0.013856,-0.023982
1706615029,1278181,0.074220,0.000000,-9.473856,-0.012257,0.019985,-0.021317
1706615029,1278202,0.098162,-0.021548,-9.567230,-0.013590,0.019452,-0.024248
1706615029,1278226,0.172383,0.002394,-9.485827,-0.012257,0.019452,-0.018386
1706615029,1278247,0.134075,-0.023942,-9.504981,-0.015988,0.017054,-0.020784
1706615029,1278269,0.098162,-0.011971,-9.524135,-0.013856,0.017587,-0.019985
1706615029,1278290,0.095768,-0.045490,-9.540894,-0.012790,0.018652,-0.022916
1706615029,1278311,0.102951,0.043096,-9.507375,-0.015988,0.019452,-0.022116
1706615029,1278333,0.098162,0.007183,-9.531317,-0.015988,0.019185,-0.019185
1706615029,1278356,0.095768,0.038307,-9.509769,-0.011191,0.014655,-0.023982
1706615029,1278378,0.119710,-0.019154,-9.583989,-0.013590,0.015721,-0.021317
1706615029,1278399,0.134075,0.043096,-9.562442,-0.014123,0.014922,-0.021583
1706615029,1278421,0.076614,-0.050278,-9.459491,-0.012790,0.016787,-0.023715
1706615029,1278442,0.057461,0.009577,-9.440337,-0.012790,0.017054,-0.024515
1706615029,1278464,0.138864,-0.021548,-9.437943,-0.014389,0.020518,-0.023449
1706615029,1278485,0.134075,-0.007183,-9.528923,-0.014123,0.018386,-0.022383
1706615029,1278509,0.079009,-0.004788,-9.538500,-0.012257,0.018652,-0.019452
1706615029,1278530,0.079009,-0.007183,-9.502586,-0.011991,0.016787,-0.023982
1706615029,1278552,0.167594,0.004788,-9.552865,-0.013590,0.013856,-0.021850
1706615029,1278573,0.114922,0.002394,-9.531317,-0.013856,0.019718,-0.022916
1706615029,1278594,0.112527,-0.059855,-9.540894,-0.014123,0.014655,-0.022916
1706615029,1278616,0.122104,-0.026336,-9.512163,-0.014389,0.016254,-0.022383
1706615029,1278637,0.100556,0.011971,-9.500193,-0.013323,0.021317,-0.022916
1706615029,1278661,0.155623,0.004788,-9.598354,-0.014123,0.014389,-0.018119
1706615029,1278682,0.083797,-0.088585,-9.531317,-0.013856,0.019718,-0.018919
1706615029,1278704,0.086191,0.002394,-9.524135,-0.011991,0.019185,-0.023449
1706615029,1278725,0.126893,-0.040701,-9.514558,-0.011191,0.018919,-0.021583
1706615029,1278747,0.138864,-0.040701,-9.533711,-0.012524,0.015188,-0.019452
1706615029,1278768,0.117316,-0.019154,-9.497798,-0.013323,0.018119,-0.019452
1706615030,1278792,0.162806,0.028730,-9.543288,-0.011191,0.016787,-0.019185
1706615030,1278813,0.124498,0.021548,-9.512163,-0.015721,0.018652,-0.019718
1706615030,1278835,0.126893,-0.026336,-9.612720,-0.014123,0.017054,-0.021051
1706615030,1278856,0.090980,-0.002394,-9.552865,-0.012524,0.016254,-0.021051
1706615030,1278878,0.059855,-0.016759,-9.543288,-0.010925,0.019452,-0.020518
1706615030,1278899,0.088585,-0.009577,-9.524135,-0.013590,0.016787,-0.022649
1706615030,1278920,0.160412,-0.023942,-9.536105,-0.013590,0.019985,-0.021317
1706615030,1278944,0.112527,-0.019154,-9.476251,-0.015455,0.018386,-0.018652
1706615030,1278965,0.155623,0.021548,-9.514558,-0.014922,0.018919,-0.024248
1706615030,1278987,0.150835,-0.014365,-9.548077,-0.013590,0.016254,-0.021583
1706615030,1279008,0.064643,-0.011971,-9.493010,-0.012524,0.019452,-0.022116
1706615030,1279030,0.052672,-0.062249,-9.567230,-0.014655,0.017320,-0.020784
1706615030,1279051,0.138864,-0.019154,-9.555259,-0.012257,0.018119,-0.019985
1706615030,1279072,0.076614,-0.004788,-9.531317,-0.012257,0.015455,-0.022649
1706615030,1279096,0.110133,-0.033519,-9.509769,-0.017587,0.019185,-0.019985
1706615030,1279118,0.100556,-0.052672,-9.483433,-0.014655,0.017054,-0.022383
1706615030,1279139,0.057461,-0.026336,-9.557653,-0.012524,0.014655,-0.019185
1706615030,1279161,0.102951,-0.047884,-9.567230,-0.013856,0.018919,-0.019718
1706615030,1279183,0.100556,-0.043096,-9.516952,-0.014922,0.019718,-0.019185
1706615030,1279204,0.124498,-0.052672,-9.402030,-0.013323,0.021583,-0.023715
1706615030,1279239,0.114922,0.002394,-9.478644,-0.011191,0.019985,-0.019985
1706615030,1279261,0.158017,-0.026336,-9.595961,-0.013323,0.021051,-0.024781
1706615030,1279282,0.098162,-0.014365,-9.502586,-0.014123,0.019718,-0.019452
1706615030,1279304,0.083797,-0.028730,-9.495404,-0.011458,0.017587,-0.017320
1706615030,1279326,0.122104,-0.062249,-9.540894,-0.013590,0.018386,-0.021583
1706615030,1279347,0.172383,-0.026336,-9.483433,-0.014922,0.020251,-0.021583
1706615030,1279369,0.083797,0.028730,-9.481039,-0.012790,0.017054,-0.023449
1706615030,1279393,0.102951,0.011971,-9.562442,-0.015188,0.018652,-0.021317
1706615030,1279415,0.088585,-0.011971,-9.473856,-0.014655,0.021051,-0.021850
1706615030,1279437,0.148441,-0.004788,-9.538500,-0.014389,0.020518,-0.020784
1706615030,1279458,0.124498,-0.035913,-9.507375,-0.014922,0.020251,-0.022383
1706615030,1279480,0.071826,-0.055067,-9.540894,-0.015455,0.018652,-0.019718
1706615030,1279502,0.074220,-0.021548,-9.497798,-0.012790,0.017054,-0.019985
1706615030,1279523,0.165200,-0.004788,-9.550470,-0.013323,0.017054,-0.019718
1706615030,1279548,0.081403,0.043096,-9.459491,-0.014922,0.018119,-0.023982
1706615030,1279569,0.102951,0.007183,-9.564836,-0.013856,0.017320,-0.020251
1706615030,1279591,0.162806,-0.052672,-9.555259,-0.013323,0.017853,-0.020784
1706615030,1279613,0.102951,-0.047884,-9.622296,-0.015988,0.018386,-0.023715
1706615030,1279634,0.057461,-0.016759,-9.502586,-0.013057,0.019452,-0.023449
1706615030,1279656,0.110133,-0.002394,-9.447520,-0.009326,0.020518,-0.019718
1706615030,1279680,0.090980,0.028730,-9.531317,-0.015455,0.017054,-0.022116
1706615030,1279702,0.129287,0.004788,-9.603143,-0.014389,0.017054,-0.019452
1706615030,1279723,0.067038,-0.021548,-9.605537,-0.010925,0.016787,-0.020784
1706615030,1279745,0.148441,-0.009577,-9.476251,-0.015988,0.018652,-0.021583
1706615030,1279767,0.126893,-0.014365,-9.538500,-0.015188,0.020784,-0.018119
1706615031,1279788,0.112527,-0.028730,-9.497798,-0.012257,0.015721,-0.018119
1706615031,1279810,0.086191,-0.055067,-9.466674,-0.012790,0.017853,-0.018652
1706615031,1279834,0.100556,-0.007183,-9.516952,-0.011991,0.017853,-0.022383
1706615031,1279856,0.100556,-0.009577,-9.533711,-0.013856,0.017320,-0.018652
1706615031,1279878,0.079009,0.000000,-9.562442,-0.011991,0.018386,-0.019185
1706615031,1279899,0.079009,0.002394,-9.488221,-0.015188,0.015188,-0.021583
1706615031,1279921,0.090980,-0.016759,-9.579201,-0.013323,0.017320,-0.020518
1706615031,1279943,0.059855,-0.028730,-9.509769,-0.011458,0.019718,-0.022116
1706615031,1279964,0.148441,-0.033519,-9.557653,-0.013057,0.018652,-0.024781
1706615031,1279988,0.100556,0.038307,-9.605537,-0.012790,0.014123,-0.021583
1706615031,1280010,0.098162,-0.040701,-9.586384,-0.014655,0.016787,-0.024248
1706615031,1280032,0.124498,-0.064643,-9.533711,-0.015455,0.018119,-0.019452
1706615031,1280053,0.098162,-0.045490,-9.469068,-0.013323,0.021317,-0.023982
1706615031,1280075,0.110133,0.002394,-9.516952,-0.012524,0.017853,-0.021317
1706615031,1280097,0.100556,-0.014365,-9.425972,-0.013856,0.017853,-0.023182
1706615031,1280121,0.090980,-0.038307,-9.442732,-0.014655,0.017853,-0.018386
1706615031,1280142,0.081403,-0.023942,-9.562442,-0.014922,0.017853,-0.022649
1706615031,1280164,0.129287,-0.019154,-9.500193,-0.013856,0.018919,-0.018919
1706615031,1280186,0.189142,-0.007183,-9.461885,-0.015455,0.018119,-0.022116
1706615031,1280207,0.138864,-0.038307,-9.569624,-0.013323,0.013856,-0.021850
1706615031,1280229,0.069432,-0.043096,-9.543288,-0.014389,0.015188,-0.019985
1706615031,1280251,0.174777,-0.033519,-9.564836,-0.013323,0.014655,-0.019718
1706615031,1280283,0.150835,0.007183,-9.545682,-0.011458,0.017853,-0.019985
1706615031,1280306,0.052672,-0.031125,-9.469068,-0.014123,0.019185,-0.022649
1706615031,1280327,0.134075,-0.011971,-9.564836,-0.012790,0.017587,-0.021317
1706615031,1280348,0.148441,-0.014365,-9.583989,-0.012790,0.015455,-0.019185
1706615031,1280370,0.064643,0.023942,-9.550470,-0.015455,0.019185,-0.019718
1706615031,1280391,0.093374,-0.033519,-9.483433,-0.011991,0.016521,-0.021051
1706615031,1280413,0.112527,-0.009577,-9.473856,-0.012257,0.017853,-0.019452
1706615031,1280436,0.083797,-0.047884,-9.521740,-0.013856,0.018119,-0.023449
1706615031,1280458,0.160412,-0.043096,-9.533711,-0.011991,0.017853,-0.020784
1706615031,1280479,0.102951,0.019154,-9.526528,-0.017320,0.020784,-0.020784
1706615031,1280500,0.119710,-0.055067,-9.428367,-0.014123,0.017587,-0.022383
1706615031,1280522,0.112527,-0.031125,-9.500193,-0.015721,0.017054,-0.021051
1706615031,1280543,0.083797,0.016759,-9.543288,-0.013323,0.015721,-0.018652
1706615031,1280567,0.088585,-0.007183,-9.545682,-0.010126,0.018119,-0.019185
1706615031,1280588,0.069432,0.009577,-9.552865,-0.013856,0.020251,-0.022916
1706615031,1280610,0.071826,-0.055067,-9.478644,-0.017054,0.016521,-0.021317
1706615031,1280631,0.052672,-0.031125,-9.473856,-0.014389,0.019985,-0.023182
1706615031,1280653,0.076614,-0.033519,-9.579201,-0.012524,0.018119,-0.020518
1706615031,1280674,0.146046,0.009577,-9.572019,-0.013057,0.019718,-0.020784
1706615031,1280695,0.100556,-0.026336,-9.476251,-0.010126,0.018652,-0.021583
1706615031,1280719,0.141258,-0.021548,-9.495404,-0.016521,0.019185,-0.024515
1706615031,1280740,0.098162,0.011971,-9.490616,-0.017054,0.016521,-0.019185
1706615031,1280762,0.038307,-0.043096,-9.531317,-0.013323,0.019185,-0.018386
1706615032,1280783,0.102951,-0.057461,-9.555259,-0.014123,0.013590,-0.023449
1706615032,1280805,0.047884,0.021548,-9.430760,-0.013323,0.017587,-0.021317
1706615032,1280826,0.086191,-0.014365,-9.449914,-0.013590,0.015721,-0.021583
1706615032,1280848,0.059855,-0.026336,-9.526528,-0.013057,0.018386,-0.021317
1706615032,1280871,0.071826,-0.033519,-9.526528,-0.013323,0.017587,-0.021583
1706615032,1280893,0.088585,-0.009577,-9.538500,-0.013323,0.014123,-0.022383
1706615032,1280914,0.110133,-0.059855,-9.495404,-0.014123,0.014123,-0.021583
1706615032,1280935,0.110133,-0.031125,-9.457097,-0.015188,0.018386,-0.022383
1706615032,1280957,0.119710,0.002394,-9.538500,-0.015721,0.015721,-0.019185
1706615032,1280978,0.129287,-0.007183,-9.569624,-0.007994,0.020251,-0.018386
1706615032,1281002,0.105345,-0.045490,-9.519346,-0.014389,0.015455,-0.021317
1706615032,1281023,0.136469,0.007183,-9.543288,-0.011724,0.017587,-0.021850
1706615032,1281045,0.069432,-0.007183,-9.466674,-0.011991,0.019985,-0.020784
1706615032,1281066,0.119710,-0.031125,-9.516952,-0.015721,0.016521,-0.019185
1706615032,1281087,0.136469,0.007183,-9.536105,-0.012790,0.016521,-0.018386
1706615032,1281109,0.074220,-0.043096,-9.512163,-0.013590,0.015988,-0.024248
1706615032,1281130,0.100556,0.028730,-9.607931,-0.014922,0.014123,-0.020251
1706615032,1281154,0.138864,0.011971,-9.481039,-0.014123,0.018119,-0.021051
1706615032,1281175,0.126893,0.014365,-9.485827,-0.015721,0.015188,-0.019185
1706615032,1281197,0.122104,-0.052672,-9.536105,-0.018119,0.015988,-0.018386
1706615032,1281218,0.081403,0.000000,-9.524135,-0.013323,0.018386,-0.023715
1706615032,1281240,0.117316,-0.069432,-9.545682,-0.014389,0.014389,-0.021850
1706615032,1281261,0.117316,-0.081403,-9.469068,-0.014123,0.020518,-0.020518
1706615032,1281282,0.102951,0.023942,-9.581595,-0.014389,0.021317,-0.022383
1706615032,1281306,0.069432,0.019154,-9.516952,-0.014655,0.018386,-0.019718
1706615032,1281327,0.129287,0.023942,-9.533711,-0.014655,0.015721,-0.022383
1706615032,1281349,0.086191,-0.047884,-9.555259,-0.016521,0.018386,-0.022383
1706615032,1281370,0.117316,-0.009577,-9.481039,-0.014123,0.019718,-0.019985
1706615032,1281391,0.095768,-0.031125,-9.572019,-0.013590,0.016787,-0.021850
1706615032,1281413,0.141258,-0.090980,-9.500193,-0.010658,0.019985,-0.017320
1706615032,1281434,0.117316,0.002394,-9.524135,-0.015455,0.017054,-0.018652
1706615032,1281458,0.155623,-0.007183,-9.500193,-0.013323,0.018652,-0.021317
1706615032,1281480,0.114922,-0.038307,-9.507375,-0.014655,0.016521,-0.023182
1706615032,1281501,0.136469,-0.019154,-9.574412,-0.015188,0.017853,-0.023715
1706615032,1281523,0.102951,0.019154,-9.631873,-0.014389,0.015721,-0.019718
1706615032,1281544,0.148441,-0.031125,-9.579201,-0.010925,0.019718,-0.018652
1706615032,1281566,0.064643,-0.007183,-9.591172,-0.013856,0.018652,-0.022649
1706615032,1281590,0.071826,-0.045490,-9.473856,-0.015455,0.015988,-0.022116
1706615032,1281612,0.110133,-0.019154,-9.481039,-0.013057,0.018119,-0.020784
1706615032,1281633,0.117316,-0.047884,-9.440337,-0.014655,0.014123,-0.021051
1706615032,1281655,0.136469,-0.002394,-9.519346,-0.017054,0.017320,-0.021317
1706615032,1281677,0.083797,-0.093374,-9.543288,-0.015188,0.017054,-0.021850
1706615032,1281698,0.031125,0.031125,-9.478644,-0.012257,0.018119,-0.019185
1706615032,1281720,0.095768,-0.040701,-9.583989,-0.014922,0.018386,-0.019718
1706615032,1281744,0.138864,0.007183,-9.481039,-0.015455,0.017587,-0.021317
1706615032,1281766,0.129287,0.021548,-9.514558,-0.016787,0.019452,-0.020784
1706615033,1281788,0.143652,-0.028730,-9.524135,-0.011724,0.017320,-0.022383
1706615033,1281809,0.114922,-0.002394,-9.579201,-0.012790,0.018119,-0.019452
1706615033,1281831,0.081403,-0.023942,-9.540894,-0.015455,0.018386,-0.020251
1706615033,1281853,0.093374,0.057461,-9.569624,-0.014655,0.013590,-0.020518
1706615033,1281874,0.095768,0.000000,-9.409213,-0.010658,0.018919,-0.022383
1706615033,1281898,0.114922,0.045490,-9.564836,-0.012790,0.019452,-0.023182
1706615033,1281920,0.124498,-0.035913,-9.449914,-0.012790,0.019718,-0.022383
1706615033,1281942,0.079009,-0.033519,-9.521740,-0.015721,0.013856,-0.022116
1706615033,1281963,0.086191,-0.004788,-9.430760,-0.014389,0.018119,-0.020251
1706615033,1281985,0.131681,0.059855,-9.588778,-0.014655,0.018919,-0.022383
1706615033,1282007,0.129287,-0.009577,-9.449914,-0.015988,0.019985,-0.019985
1706615033,1282031,0.098162,-0.028730,-9.459491,-0.012524,0.018386,-0.022116
1706615033,1282053,0.141258,-0.031125,-9.583989,-0.015988,0.019985,-0.021850
1706615033,1282074,0.057461,-0.031125,-9.500193,-0.015188,0.018386,-0.021051
1706615033,1282096,0.093374,-0.002394,-9.526528,-0.014922,0.017587,-0.021583
1706615033,1282118,0.167594,0.011971,-9.567230,-0.015188,0.016521,-0.018386
1706615033,1282139,0.098162,0.011971,-9.519346,-0.013323,0.018919,-0.020251
1706615033,1282161,0.102951,-0.002394,-9.428367,-0.011191,0.020251,-0.019452
1706615033,1282185,0.148441,-0.002394,-9.536105,-0.016254,0.020518,-0.021850
1706615033,1282207,0.114922,-0.028730,-9.464279,-0.014922,0.017054,-0.021051
1706615033,1282228,0.090980,0.021548,-9.560047,-0.013856,0.017853,-0.021850
1706615033,1282250,0.114922,-0.014365,-9.504981,-0.014123,0.018386,-0.023182
1706615033,1282272,0.160412,0.067038,-9.469068,-0.016254,0.016787,-0.019452
1706615033,1282293,0.081403,-0.028730,-9.583989,-0.013590,0.017320,-0.020251
1706615033,1282315,0.102951,-0.081403,-9.519346,-0.011191,0.020518,-0.018386
1706615033,1282339,0.126893,-0.069432,-9.624691,-0.014123,0.019718,-0.022116
1706615033,1282361,0.122104,-0.007183,-9.514558,-0.013856,0.015188,-0.020784
1706615033,1282383,0.134075,0.000000,-9.473856,-0.012790,0.019985,-0.018386
1706615033,1282404,0.110133,0.011971,-9.528923,-0.013856,0.019185,-0.023982
1706615033,1282426,0.076614,-0.059855,-9.564836,-0.015988,0.016254,-0.019985
1706615033,1282448,0.093374,-0.050278,-9.504981,-0.014655,0.016521,-0.022916
1706615033,1282472,0.093374,0.016759,-9.560047,-0.011991,0.019718,-0.021583
1706615033,1282493,0.057461,0.016759,-9.526528,-0.015188,0.018119,-0.021850
1706615033,1282515,0.083797,0.004788,-9.373300,-0.016254,0.020251,-0.020784
1706615033,1282537,0.114922,-0.014365,-9.414001,-0.013856,0.018386,-0.020251
1706615033,1282558,0.067038,-0.045490,-9.504981,-0.016254,0.015721,-0.023715
1706615033,1282580,0.114922,0.035913,-9.512163,-0.015721,0.015455,-0.023715
1706615033,1282602,0.076614,-0.062249,-9.598354,-0.014922,0.015721,-0.021583
1706615033,1282634,0.076614,-0.035913,-9.586384,-0.013590,0.013856,-0.022116
1706615033,1282657,0.131681,0.016759,-9.497798,-0.014389,0.019452,-0.020251
1706615033,1282678,0.134075,-0.021548,-9.507375,-0.013856,0.018652,-0.022916
1706615033,1282700,0.093374,0.011971,-9.574412,-0.012257,0.018119,-0.020784
1706615033,1282721,0.148441,-0.009577,-9.564836,-0.012790,0.021317,-0.023715
1706615033,1282743,0.093374,0.002394,-9.500193,-0.015721,0.016254,-0.019185
1706615033,1282764,0.110133,-0.071826,-9.490616,-0.012524,0.019185,-0.021850
1706615034,1282787,0.100556,0.011971,-9.521740,-0.011458,0.017587,-0.021850
1706615034,1282809,0.122104,0.009577,-9.593566,-0.010925,0.017054,-0.020518
1706615034,1282830,0.069432,0.004788,-9.490616,-0.014389,0.024515,-0.022649
1706615034,1282852,0.107739,0.026336,-9.478644,-0.014655,0.019985,-0.018652
1706615034,1282873,0.093374,-0.004788,-9.516952,-0.013856,0.018919,-0.017054
1706615034,1282895,0.112527,-0.069432,-9.469068,-0.012790,0.015721,-0.020518
1706615034,1282918,0.184354,-0.016759,-9.562442,-0.015988,0.020784,-0.020784
1706615034,1282940,0.059855,-0.011971,-9.497798,-0.012524,0.018652,-0.022116
1706615034,1282961,0.069432,0.035913,-9.469068,-0.011724,0.018386,-0.022116
1706615034,1282983,0.093374,0.023942,-9.545682,-0.010925,0.018652,-0.022649
1706615034,1283004,0.095768,-0.009577,-9.593566,-0.016787,0.016787,-0.024248
1706615034,1283026,0.105345,0.019154,-9.485827,-0.013590,0.021317,-0.020784
1706615034,1283047,0.093374,-0.009577,-9.576807,-0.013057,0.018386,-0.019452
1706615034,1283071,0.038307,-0.033519,-9.509769,-0.015188,0.017853,-0.019985
1706615034,1283092,0.129287,0.000000,-9.600749,-0.013856,0.014922,-0.020518
1706615034,1283114,0.119710,0.009577,-9.567230,-0.013590,0.019452,-0.020518
1706615034,1283135,0.119710,-0.057461,-9.478644,-0.012790,0.019452,-0.020518
1706615034,1283156,0.122104,0.026336,-9.598354,-0.012790,0.016787,-0.022116
1706615034,1283178,0.081403,0.011971,-9.500193,-0.013057,0.021583,-0.022383
1706615034,1283199,0.076614,0.014365,-9.488221,-0.013856,0.016787,-0.021051
1706615034,1283223,0.083797,-0.002394,-9.538500,-0.013590,0.013856,-0.021051
1706615034,1283244,0.107739,-0.009577,-9.488221,-0.015188,0.017320,-0.022649
1706615034,1283266,0.095768,0.007183,-9.581595,-0.013057,0.015188,-0.021850
1706615034,1283287,0.098162,0.000000,-9.548077,-0.014389,0.016521,-0.021317
1706615034,1283308,0.076614,-0.014365,-9.411607,-0.012257,0.016787,-0.021317
1706615034,1283330,0.105345,-0.040701,-9.555259,-0.012524,0.017054,-0.022383
1706615034,1283354,0.090980,-0.028730,-9.481039,-0.014922,0.019185,-0.021583
1706615034,1283375,0.129287,-0.021548,-9.504981,-0.012524,0.019452,-0.023715
1706615034,1283397,0.083797,-0.019154,-9.574412,-0.012790,0.015721,-0.019185
1706615034,1283418,0.086191,-0.064643,-9.595961,-0.014922,0.021051,-0.022116
1706615034,1283440,0.031125,-0.055067,-9.648633,-0.014123,0.018919,-0.020251
1706615034,1283461,0.143652,-0.021548,-9.540894,-0.012524,0.016521,-0.020518
1706615034,1283483,0.129287,-0.019154,-9.552865,-0.013590,0.017587,-0.019985
1706615034,1283506,0.126893,0.000000,-9.548077,-0.014655,0.016254,-0.022383
1706615034,1283528,0.110133,0.028730,-9.552865,-0.013590,0.017054,-0.021051
1706615034,1283549,0.158017,0.004788,-9.488221,-0.015455,0.017587,-0.020518
1706615034,1283570,0.126893,0.038307,-9.514558,-0.012257,0.017853,-0.020518
1706615034,1283592,0.095768,-0.026336,-9.526528,-0.012790,0.018119,-0.018119
1706615034,1283613,0.083797,-0.062249,-9.495404,-0.014922,0.018386,-0.023449
1706615034,1283635,0.083797,-0.004788,-9.531317,-0.012524,0.013856,-0.021850
1706615034,1283658,0.088585,-0.045490,-9.488221,-0.016254,0.015188,-0.019718
1706615034,1283680,0.155623,0.009577,-9.519346,-0.015455,0.019185,-0.021583
1706615034,1283701,0.112527,-0.007183,-9.421184,-0.011191,0.019185,-0.021583
1706615034,1283722,0.134075,-0.021548,-9.500193,-0.014389,0.019985,-0.021317
1706615034,1283744,0.114922,0.002394,-9.493010,-0.015188,0.015188,-0.025047
1706615034,1283765,0.047884,0.019154,-9.504981,-0.009593,0.018119,-0.019985
1706615035,1283789,0.093374,-0.007183,-9.536105,-0.013323,0.018386,-0.020784
1706615035,1283810,0.105345,-0.009577,-9.495404,-0.014655,0.018919,-0.019718
1706615035,1283832,0.143652,-0.016759,-9.528923,-0.017587,0.017054,-0.022116
1706615035,1283854,0.119710,-0.052672,-9.437943,-0.011991,0.017853,-0.021583
1706615035,1283875,0.134075,0.064643,-9.536105,-0.014123,0.016254,-0.019985
1706615035,1283897,0.138864,-0.016759,-9.543288,-0.013323,0.018919,-0.021317
1706615035,1283918,0.138864,0.028730,-9.639056,-0.017320,0.016521,-0.018652
1706615035,1283942,0.057461,-0.055067,-9.533711,-0.014389,0.017587,-0.019718
1706615035,1283964,0.064643,-0.021548,-9.504981,-0.014922,0.019185,-0.023715
1706615035,1283986,0.114922,-0.019154,-9.670180,-0.014389,0.019985,-0.024781
1706615035,1284007,0.090980,-0.050278,-9.440337,-0.013856,0.018919,-0.018919
1706615035,1284029,0.155623,0.007183,-9.531317,-0.013856,0.019718,-0.020784
1706615035,1284051,0.102951,-0.031125,-9.574412,-0.013323,0.017853,-0.018919
1706615035,1284072,0.102951,-0.038307,-9.516952,-0.010925,0.015721,-0.020784
1706615035,1284097,0.129287,-0.098162,-9.557653,-0.013323,0.018919,-0.021583
1706615035,1284118,0.112527,-0.035913,-9.514558,-0.013590,0.014922,-0.021317
1706615035,1284140,0.019154,0.004788,-9.540894,-0.012257,0.019452,-0.023449
1706615035,1284162,0.131681,0.000000,-9.509769,-0.012790,0.019452,-0.021317
1706615035,1284183,0.138864,-0.014365,-9.600749,-0.015188,0.018119,-0.020784
1706615035,1284205,0.095768,0.000000,-9.607931,-0.017853,0.016521,-0.022383
1706615035,1284229,0.148441,-0.045490,-9.526528,-0.014655,0.019185,-0.021051
1706615035,1284251,0.076614,0.021548,-9.586384,-0.013323,0.018652,-0.024781
1706615035,1284272,0.088585,-0.019154,-9.536105,-0.013057,0.015455,-0.021583
1706615035,1284294,0.074220,-0.014365,-9.593566,-0.015988,0.018652,-0.020251
1706615035,1284316,0.126893,-0.023942,-9.540894,-0.014123,0.014922,-0.022383
1706615035,1284338,0.167594,0.023942,-9.545682,-0.015455,0.016787,-0.018919
1706615035,1284359,0.102951,-0.045490,-9.653421,-0.012790,0.019718,-0.021850
1706615035,1284383,0.105345,0.031125,-9.579201,-0.015188,0.018919,-0.021583
1706615035,1284405,0.079009,-0.069432,-9.481039,-0.013057,0.015988,-0.022649
1706615035,1284427,0.155623,0.011971,-9.543288,-0.015455,0.019185,-0.019185
1706615035,1284448,0.067038,0.011971,-9.564836,-0.015455,0.018386,-0.019985
1706615035,1284470,0.131681,0.014365,-9.557653,-0.011458,0.015455,-0.019718
1706615035,1284492,0.093374,-0.019154,-9.504981,-0.015188,0.017853,-0.022116
1706615035,1284513,0.143652,-0.090980,-9.552865,-0.015455,0.017853,-0.021583
1706615035,1284538,0.090980,0.007183,-9.495404,-0.014922,0.017853,-0.019185
1706615035,1284559,0.083797,0.007183,-9.469068,-0.015188,0.015721,-0.022383
1706615035,1284581,0.071826,-0.033519,-9.564836,-0.014655,0.016521,-0.022649
1706615035,1284603,0.114922,0.014365,-9.504981,-0.016521,0.018652,-0.020251
1706615035,1284624,0.045490,-0.081403,-9.545682,-0.012790,0.017054,-0.020518
1706615035,1284646,0.165200,-0.047884,-9.533711,-0.015988,0.019718,-0.021583
1706615035,1284668,0.081403,0.011971,-9.502586,-0.014655,0.016787,-0.021051
1706615035,1284692,0.124498,-0.038307,-9.545682,-0.013590,0.017320,-0.022649
1706615035,1284713,0.095768,0.021548,-9.526528,-0.011458,0.016787,-0.022916
1706615035,1284735,0.131681,-0.014365,-9.552865,-0.011991,0.020784,-0.018386
1706615035,1284757,0.102951,0.011971,-9.449914,-0.015721,0.019718,-0.022383
