timestamp,millis,AccX.AccY,AccZ,GyroX,GyroY,GyroZ
1704882559,4820564,-0.028730,0.016759,-9.536105,-0.011458,0.019985,-0.022649
1704882559,4820600,0.038307,-0.019154,-9.516952,-0.011724,0.015988,-0.021317
1704882559,4820634,0.000000,0.014365,-9.536105,-0.013856,0.015721,-0.022116
1704882559,4820668,0.059855,-0.033519,-9.478644,-0.010392,0.019452,-0.019718
1704882559,4820702,0.028730,-0.016759,-9.387665,-0.013590,0.018919,-0.020784
1704882559,4820736,-0.007183,-0.007183,-9.490616,-0.012790,0.017587,-0.021317
1704882559,4820769,0.052672,0.033519,-9.459491,-0.012790,0.018652,-0.021583
1704882559,4820803,0.067038,0.055067,-9.411607,-0.012790,0.021850,-0.022916
1704882559,4820839,0.028730,-0.026336,-9.481039,-0.011991,0.016521,-0.020518
1704882559,4820873,0.038307,0.031125,-9.471462,-0.011991,0.017587,-0.021583
1704882559,4820907,0.076614,0.043096,-9.430760,-0.015455,0.019718,-0.021583
1704882559,4820941,0.047884,-0.031125,-9.437943,-0.011991,0.017853,-0.021317
1704882559,4820975,0.047884,0.040701,-9.464279,-0.013057,0.020784,-0.019452
1704882559,4821009,0.035913,0.102951,-9.445126,-0.012257,0.015988,-0.022116
1704882559,4821045,0.028730,0.014365,-9.406818,-0.014922,0.016787,-0.025580
1704882559,4821079,0.045490,-0.019154,-9.445126,-0.014655,0.017587,-0.019985
1704882559,4821113,0.011971,0.043096,-9.493010,-0.013057,0.017853,-0.022916
1704882559,4821146,0.059855,-0.026336,-9.368511,-0.016254,0.012790,-0.019452
1704882559,4821180,0.019154,-0.011971,-9.394848,-0.015455,0.019452,-0.020518
1704882559,4821214,0.045490,0.043096,-9.447520,-0.016787,0.018119,-0.023449
1704882559,4821248,0.081403,0.074220,-9.435549,-0.014655,0.017853,-0.023182
1704882559,4821284,0.107739,-0.033519,-9.461885,-0.013057,0.017587,-0.022649
1704882559,4821318,0.021548,0.031125,-9.461885,-0.016254,0.016787,-0.024248
1704882559,4821352,0.026336,0.028730,-9.536105,-0.013590,0.023982,-0.024515
1704882559,4821386,0.038307,0.038307,-9.406818,-0.012257,0.016521,-0.019985
1704882559,4821421,0.026336,0.009577,-9.514558,-0.013057,0.015455,-0.019452
1704882559,4821455,0.059855,-0.035913,-9.464279,-0.012257,0.015988,-0.021051
1704882559,4821489,0.055067,0.059855,-9.509769,-0.012790,0.017853,-0.023982
1704882560,4821525,0.016759,0.014365,-9.483433,-0.010126,0.015455,-0.021850
1704882560,4821560,0.057461,0.011971,-9.394848,-0.011191,0.016787,-0.022116
1704882560,4821594,0.028730,0.100556,-9.478644,-0.013057,0.019452,-0.020784
1704882560,4821628,0.021548,-0.016759,-9.536105,-0.012790,0.019985,-0.024781
1704882560,4821662,0.035913,0.019154,-9.454702,-0.010126,0.017320,-0.020251
1704882560,4821696,0.052672,0.009577,-9.514558,-0.014123,0.015188,-0.022916
1704882560,4821733,0.038307,0.052672,-9.483433,-0.013057,0.018652,-0.023982
1704882560,4821767,0.069432,-0.033519,-9.442732,-0.011724,0.019718,-0.021850
1704882560,4821801,0.081403,0.038307,-9.478644,-0.013856,0.017320,-0.021051
1704882560,4821835,0.035913,0.028730,-9.428367,-0.014922,0.019452,-0.023982
1704882560,4821870,0.047884,0.038307,-9.555259,-0.013057,0.015988,-0.021317
1704882560,4821904,0.028730,0.074220,-9.469068,-0.014922,0.016521,-0.023182
1704882560,4821938,0.071826,0.045490,-9.564836,-0.011724,0.018386,-0.022383
1704882560,4821975,0.028730,0.004788,-9.368511,-0.012524,0.013590,-0.021317
1704882560,4822009,0.028730,0.023942,-9.392453,-0.014655,0.015455,-0.020251
1704882560,4822043,0.086191,-0.023942,-9.402030,-0.012790,0.016521,-0.019718
1704882560,4822077,0.062249,0.021548,-9.564836,-0.012257,0.014922,-0.023715
1704882560,4822111,0.038307,0.038307,-9.550470,-0.013323,0.017054,-0.020251
1704882560,4822146,0.090980,0.067038,-9.435549,-0.014123,0.020251,-0.021583
1704882560,4822180,0.014365,-0.004788,-9.512163,-0.014389,0.014123,-0.020784
1704882560,4822216,0.007183,0.071826,-9.459491,-0.013590,0.018919,-0.025047
1704882560,4822251,0.045490,-0.028730,-9.457097,-0.014123,0.018652,-0.020784
1704882560,4822285,0.124498,0.057461,-9.516952,-0.015188,0.016787,-0.022116
1704882560,4822319,0.038307,0.002394,-9.478644,-0.014123,0.020784,-0.022116
1704882560,4822353,0.031125,0.011971,-9.524135,-0.011991,0.025580,-0.025314
1704882560,4822387,0.057461,0.038307,-9.425972,-0.013057,0.016521,-0.022383
1704882560,4822422,0.014365,0.088585,-9.442732,-0.012257,0.015455,-0.021051
1704882560,4822458,0.050278,0.007183,-9.418790,-0.013856,0.017587,-0.021850
1704882560,4822493,0.050278,-0.047884,-9.504981,-0.016521,0.015721,-0.024248
1704882561,4822527,0.059855,0.038307,-9.502586,-0.012790,0.015455,-0.021583
1704882561,4822572,0.071826,0.047884,-9.437943,-0.013323,0.015988,-0.022116
1704882561,4822606,0.004788,0.011971,-9.476251,-0.014389,0.015988,-0.019718
1704882561,4822640,0.064643,-0.014365,-9.464279,-0.014389,0.018386,-0.022383
1704882561,4822676,0.031125,0.055067,-9.512163,-0.011991,0.018652,-0.024781
1704882561,4822711,0.088585,0.014365,-9.500193,-0.014389,0.019718,-0.022383
1704882561,4822745,0.035913,-0.004788,-9.447520,-0.014123,0.017320,-0.022916
1704882561,4822779,0.038307,0.057461,-9.454702,-0.014655,0.018652,-0.023449
1704882561,4822813,-0.009577,0.023942,-9.414001,-0.012524,0.014123,-0.021317
1704882561,4822847,0.090980,0.038307,-9.473856,-0.015988,0.012524,-0.020251
1704882561,4822881,0.028730,0.000000,-9.469068,-0.013590,0.017054,-0.020518
1704882561,4822918,0.062249,0.011971,-9.512163,-0.013057,0.019452,-0.020518
1704882561,4822952,0.047884,0.050278,-9.423578,-0.015455,0.015455,-0.023182
1704882561,4822986,0.047884,0.045490,-9.437943,-0.014655,0.018919,-0.022916
1704882561,4823020,-0.026336,-0.052672,-9.437943,-0.013590,0.018652,-0.021850
1704882561,4823054,0.035913,-0.002394,-9.394848,-0.015988,0.019718,-0.021317
1704882561,4823088,-0.007183,0.057461,-9.402030,-0.011991,0.018119,-0.023449
1704882561,4823122,-0.004788,0.016759,-9.411607,-0.014922,0.020251,-0.023449
1704882561,4823166,0.052672,0.004788,-9.464279,-0.015188,0.014655,-0.021583
1704882561,4823201,0.033519,0.026336,-9.555259,-0.014389,0.015988,-0.025047
1704882561,4823235,0.071826,0.026336,-9.488221,-0.013590,0.016254,-0.020518
1704882561,4823269,0.095768,0.026336,-9.421184,-0.010392,0.014922,-0.022916
1704882561,4823303,0.000000,0.062249,-9.512163,-0.014123,0.016787,-0.021317
1704882561,4823337,0.045490,0.023942,-9.526528,-0.014655,0.018119,-0.023182
1704882561,4823373,0.067038,0.040701,-9.440337,-0.013590,0.019452,-0.019185
1704882561,4823407,0.067038,-0.026336,-9.524135,-0.013856,0.015988,-0.022116
1704882561,4823441,-0.040701,0.004788,-9.433155,-0.016254,0.020518,-0.022116
1704882561,4823474,0.059855,-0.026336,-9.433155,-0.013323,0.017853,-0.022116
1704882561,4823508,0.064643,0.033519,-9.516952,-0.014389,0.016787,-0.021051
1704882562,4823542,0.090980,0.004788,-9.495404,-0.015988,0.022916,-0.021850
1704882562,4823576,0.083797,0.026336,-9.533711,-0.015988,0.017320,-0.023182
1704882562,4823612,0.064643,0.009577,-9.394848,-0.010126,0.017587,-0.022116
1704882562,4823646,0.064643,-0.016759,-9.449914,-0.013590,0.014123,-0.021317
1704882562,4823680,0.040701,0.016759,-9.447520,-0.011458,0.019452,-0.022383
1704882562,4823714,0.023942,0.026336,-9.428367,-0.013323,0.019452,-0.020518
1704882562,4823748,0.076614,0.014365,-9.497798,-0.013057,0.021583,-0.020518
1704882562,4823782,0.064643,0.052672,-9.495404,-0.015988,0.017320,-0.023182
1704882562,4823816,0.031125,0.050278,-9.493010,-0.011991,0.018119,-0.021317
1704882562,4823852,0.035913,0.064643,-9.512163,-0.013856,0.019452,-0.020251
1704882562,4823886,0.052672,0.038307,-9.452309,-0.015188,0.019185,-0.022383
1704882562,4823919,0.019154,-0.009577,-9.540894,-0.014655,0.017320,-0.021850
1704882562,4823953,0.050278,0.002394,-9.464279,-0.010658,0.016521,-0.022649
1704882562,4823987,0.059855,0.016759,-9.449914,-0.013057,0.019985,-0.021051
1704882562,4824021,0.014365,0.052672,-9.560047,-0.016521,0.021051,-0.019985
1704882562,4824055,0.028730,-0.016759,-9.469068,-0.013590,0.019985,-0.024515
1704882562,4824091,0.052672,0.071826,-9.428367,-0.013323,0.019452,-0.023982
1704882562,4824125,0.045490,0.023942,-9.437943,-0.015188,0.016787,-0.019452
1704882562,4824159,0.067038,0.023942,-9.404425,-0.015988,0.018386,-0.020784
1704882562,4824193,-0.033519,-0.038307,-9.483433,-0.014123,0.017054,-0.020251
1704882562,4824227,0.062249,0.038307,-9.454702,-0.013057,0.016521,-0.023449
1704882562,4824261,0.100556,0.057461,-9.414001,-0.016521,0.016521,-0.023449
1704882562,4824297,0.026336,0.007183,-9.354146,-0.013323,0.017320,-0.022116
1704882562,4824331,0.074220,0.016759,-9.449914,-0.012257,0.018919,-0.023982
1704882562,4824364,0.019154,0.031125,-9.406818,-0.017587,0.012790,-0.022916
1704882562,4824398,0.043096,0.071826,-9.409213,-0.014655,0.014389,-0.021583
1704882562,4824432,0.057461,0.035913,-9.579201,-0.015188,0.014123,-0.021850
1704882562,4824466,0.007183,0.014365,-9.548077,-0.012524,0.019718,-0.019985
1704882562,4824500,0.045490,0.064643,-9.402030,-0.016254,0.013856,-0.022383
1704882563,4824536,0.095768,-0.031125,-9.442732,-0.014389,0.018119,-0.022649
1704882563,4824570,0.040701,-0.019154,-9.418790,-0.013323,0.016521,-0.021583
1704882563,4824604,0.059855,0.004788,-9.531317,-0.012257,0.018386,-0.023182
1704882563,4824638,0.050278,0.026336,-9.457097,-0.011724,0.018119,-0.019185
1704882563,4824672,0.105345,-0.004788,-9.425972,-0.014123,0.019452,-0.022916
1704882563,4824706,0.031125,-0.009577,-9.533711,-0.013590,0.014922,-0.021583
1704882563,4824740,0.057461,0.028730,-9.490616,-0.015721,0.017054,-0.021583
1704882563,4824776,0.000000,-0.035913,-9.457097,-0.014655,0.018386,-0.022916
1704882563,4824810,0.059855,0.045490,-9.481039,-0.015721,0.015988,-0.023449
1704882563,4824843,0.040701,0.057461,-9.538500,-0.013590,0.017587,-0.022116
1704882563,4824877,0.059855,0.071826,-9.457097,-0.012257,0.017320,-0.023715
1704882563,4824911,0.031125,0.002394,-9.411607,-0.015455,0.018386,-0.022649
1704882563,4824945,0.045490,0.023942,-9.404425,-0.015721,0.014123,-0.019452
1704882563,4824981,0.047884,0.074220,-9.449914,-0.014655,0.021850,-0.023982
1704882563,4825015,0.143652,0.045490,-9.562442,-0.013590,0.017853,-0.022916
1704882563,4825049,0.019154,-0.002394,-9.485827,-0.014655,0.019185,-0.021317
1704882563,4825083,0.038307,0.119710,-9.538500,-0.013057,0.017054,-0.021850
1704882563,4825117,0.031125,0.019154,-9.531317,-0.013856,0.015988,-0.018919
1704882563,4825151,0.045490,0.028730,-9.514558,-0.013590,0.016521,-0.023982
1704882563,4825186,0.047884,0.055067,-9.473856,-0.013856,0.020784,-0.022916
1704882563,4825222,0.105345,0.000000,-9.457097,-0.013057,0.018386,-0.021850
1704882563,4825256,0.019154,0.028730,-9.521740,-0.010392,0.018119,-0.021850
1704882563,4825290,-0.021548,0.026336,-9.509769,-0.014922,0.016521,-0.024515
1704882563,4825325,0.026336,-0.014365,-9.449914,-0.015188,0.016787,-0.022916
1704882563,4825359,0.093374,0.038307,-9.519346,-0.009593,0.016787,-0.022383
1704882563,4825393,0.062249,0.040701,-9.459491,-0.013590,0.013590,-0.021583
1704882563,4825427,0.045490,0.031125,-9.406818,-0.015188,0.016521,-0.025847
1704882563,4825464,0.031125,0.004788,-9.481039,-0.012524,0.018386,-0.021051
1704882563,4825498,0.000000,0.009577,-9.588778,-0.014389,0.016254,-0.021583
1704882564,4825532,0.067038,0.059855,-9.430760,-0.013856,0.021317,-0.022383
1704882564,4825566,0.047884,0.052672,-9.473856,-0.012790,0.017054,-0.022116
1704882564,4825601,0.088585,-0.014365,-9.433155,-0.014389,0.019718,-0.024248
1704882564,4825635,0.076614,-0.004788,-9.428367,-0.012257,0.015455,-0.022649
1704882564,4825669,0.055067,0.035913,-9.519346,-0.012524,0.019718,-0.021051
1704882564,4825706,0.074220,-0.023942,-9.433155,-0.013323,0.018386,-0.021850
1704882564,4825740,0.045490,0.007183,-9.406818,-0.012257,0.014655,-0.021583
1704882564,4825774,0.038307,0.019154,-9.421184,-0.012257,0.018119,-0.022649
1704882564,4825808,0.052672,-0.004788,-9.466674,-0.011191,0.017054,-0.022916
1704882564,4825842,0.043096,0.050278,-9.454702,-0.014123,0.016787,-0.023182
1704882564,4825876,0.059855,0.045490,-9.524135,-0.012524,0.016254,-0.021051
1704882564,4825913,0.014365,-0.011971,-9.478644,-0.011991,0.018919,-0.019452
1704882564,4825947,0.064643,0.007183,-9.454702,-0.012790,0.015988,-0.022383
1704882564,4825981,0.035913,-0.019154,-9.466674,-0.013856,0.020784,-0.021051
1704882564,4826015,0.016759,0.026336,-9.483433,-0.012790,0.016787,-0.021850
1704882564,4826050,0.052672,0.038307,-9.469068,-0.011458,0.015721,-0.022916
1704882564,4826084,0.067038,0.045490,-9.512163,-0.011991,0.018919,-0.022649
1704882564,4826118,0.050278,0.031125,-9.500193,-0.014123,0.018386,-0.020251
1704882564,4826155,0.059855,0.014365,-9.469068,-0.011458,0.017054,-0.019985
1704882564,4826189,0.028730,-0.031125,-9.454702,-0.014389,0.016521,-0.021850
1704882564,4826223,0.059855,0.009577,-9.454702,-0.014123,0.018652,-0.019718
1704882564,4826257,0.069432,0.002394,-9.385271,-0.014123,0.016787,-0.023715
1704882564,4826291,0.093374,0.026336,-9.461885,-0.009859,0.020784,-0.023982
1704882564,4826325,0.031125,-0.016759,-9.435549,-0.011458,0.014123,-0.025580
1704882564,4826360,-0.019154,-0.002394,-9.399636,-0.011458,0.018652,-0.023715
1704882564,4826396,0.038307,0.040701,-9.392453,-0.014922,0.017054,-0.021583
1704882564,4826431,0.079009,0.019154,-9.442732,-0.013323,0.015988,-0.019718
1704882564,4826465,0.019154,0.007183,-9.488221,-0.010658,0.015721,-0.020784
1704882564,4826499,0.021548,-0.019154,-9.457097,-0.012790,0.021317,-0.021583
1704882565,4826533,0.031125,0.090980,-9.428367,-0.015721,0.017587,-0.022116
1704882565,4826567,-0.033519,0.038307,-9.437943,-0.013590,0.021850,-0.022649
1704882565,4826604,0.047884,-0.007183,-9.452309,-0.016254,0.014655,-0.022116
1704882565,4826638,0.023942,0.038307,-9.481039,-0.013323,0.020784,-0.020784
1704882565,4826672,0.057461,0.009577,-9.464279,-0.013057,0.017054,-0.021583
1704882565,4826706,0.007183,-0.031125,-9.423578,-0.015188,0.018386,-0.023182
1704882565,4826740,0.035913,-0.028730,-9.471462,-0.012257,0.020784,-0.024515
1704882565,4826774,0.043096,0.016759,-9.493010,-0.011991,0.019452,-0.021583
1704882565,4826808,0.014365,0.038307,-9.512163,-0.011724,0.016254,-0.022383
1704882565,4826852,0.062249,0.062249,-9.516952,-0.015188,0.015455,-0.021051
1704882565,4826887,0.014365,0.045490,-9.447520,-0.014123,0.020251,-0.022116
1704882565,4826921,0.112527,0.050278,-9.411607,-0.014655,0.017054,-0.021051
1704882565,4826955,0.110133,0.000000,-9.493010,-0.014389,0.016521,-0.020784
1704882565,4826989,0.055067,0.028730,-9.509769,-0.013856,0.019452,-0.022116
1704882565,4827022,0.016759,-0.028730,-9.437943,-0.012790,0.014655,-0.022116
1704882565,4827056,-0.002394,0.040701,-9.418790,-0.015188,0.014389,-0.022649
1704882565,4827092,0.055067,0.062249,-9.433155,-0.012257,0.017054,-0.022116
1704882565,4827126,-0.026336,0.019154,-9.366117,-0.015721,0.014922,-0.021583
1704882565,4827160,0.026336,0.102951,-9.519346,-0.014123,0.018386,-0.021317
1704882565,4827194,0.079009,0.023942,-9.414001,-0.013856,0.017320,-0.021317
1704882565,4827228,0.000000,0.011971,-9.469068,-0.014389,0.016787,-0.025047
1704882565,4827262,0.043096,0.033519,-9.567230,-0.014123,0.019452,-0.024248
1704882565,4827296,0.045490,0.000000,-9.469068,-0.016787,0.022383,-0.023982
1704882565,4827332,0.076614,0.038307,-9.504981,-0.014655,0.017320,-0.024515
1704882565,4827366,0.100556,0.074220,-9.428367,-0.013323,0.019452,-0.021583
1704882565,4827400,-0.002394,0.007183,-9.279925,-0.013856,0.023182,-0.019185
1704882565,4827434,0.062249,0.033519,-9.548077,-0.015188,0.016521,-0.022649
1704882565,4827468,0.019154,0.074220,-9.495404,-0.014389,0.018386,-0.024248
1704882565,4827501,0.074220,-0.007183,-9.416395,-0.013323,0.020518,-0.022916
1704882566,4827538,0.031125,0.016759,-9.469068,-0.015455,0.013856,-0.022383
1704882566,4827572,0.122104,0.035913,-9.423578,-0.013856,0.017320,-0.024781
1704882566,4827606,0.031125,0.019154,-9.373300,-0.016521,0.016521,-0.022383
1704882566,4827639,0.045490,-0.016759,-9.473856,-0.013057,0.016787,-0.022916
1704882566,4827673,0.050278,0.050278,-9.473856,-0.014655,0.017853,-0.021583
1704882566,4827707,-0.002394,0.050278,-9.457097,-0.014389,0.013057,-0.022916
1704882566,4827741,0.047884,0.028730,-9.421184,-0.014922,0.015988,-0.019985
1704882566,4827777,0.098162,0.038307,-9.394848,-0.013057,0.019185,-0.023449
1704882566,4827811,0.031125,-0.019154,-9.435549,-0.013057,0.019185,-0.021051
1704882566,4827845,0.035913,-0.007183,-9.461885,-0.014655,0.020251,-0.018919
1704882566,4827879,0.064643,-0.035913,-9.380483,-0.013057,0.019718,-0.019185
1704882566,4827913,0.011971,-0.038307,-9.452309,-0.015188,0.015988,-0.022916
1704882566,4827947,-0.009577,0.040701,-9.481039,-0.013323,0.019452,-0.024781
1704882566,4827981,0.074220,0.031125,-9.440337,-0.013323,0.018119,-0.023182
1704882566,4828017,-0.019154,0.023942,-9.447520,-0.012257,0.015988,-0.021583
1704882566,4828051,0.000000,-0.004788,-9.457097,-0.013057,0.019718,-0.026646
1704882566,4828085,0.050278,0.074220,-9.521740,-0.013323,0.018119,-0.021850
1704882566,4828119,0.052672,0.016759,-9.488221,-0.012790,0.021051,-0.020784
1704882566,4828153,0.016759,0.023942,-9.459491,-0.013590,0.015721,-0.021850
1704882566,4828187,0.064643,0.050278,-9.485827,-0.014922,0.022116,-0.022916
1704882566,4828223,0.076614,0.064643,-9.469068,-0.015721,0.016521,-0.022383
1704882566,4828257,0.069432,0.004788,-9.411607,-0.014389,0.014655,-0.025314
1704882566,4828291,0.093374,0.014365,-9.483433,-0.011191,0.016254,-0.022116
1704882566,4828325,0.028730,0.009577,-9.399636,-0.013057,0.021051,-0.021850
1704882566,4828358,0.031125,0.057461,-9.378088,-0.013856,0.017587,-0.022383
1704882566,4828392,0.007183,0.052672,-9.478644,-0.012524,0.016521,-0.018919
1704882566,4828427,0.028730,-0.009577,-9.485827,-0.013856,0.021051,-0.023982
1704882566,4828463,0.052672,-0.002394,-9.423578,-0.011724,0.020251,-0.020251
1704882566,4828497,0.069432,0.069432,-9.416395,-0.014655,0.019452,-0.021583
1704882567,4828530,-0.040701,0.023942,-9.435549,-0.015721,0.013323,-0.023182
1704882567,4828564,0.112527,0.050278,-9.459491,-0.015455,0.019985,-0.022116
1704882567,4828598,0.095768,0.079009,-9.387665,-0.010392,0.021051,-0.020251
1704882567,4828632,0.011971,0.043096,-9.421184,-0.011458,0.021317,-0.023182
1704882567,4828665,0.076614,0.007183,-9.509769,-0.015188,0.018919,-0.020518
1704882567,4828702,0.045490,0.035913,-9.428367,-0.011191,0.017320,-0.022383
1704882567,4828736,0.007183,-0.033519,-9.440337,-0.011724,0.021850,-0.022916
1704882567,4828770,0.021548,0.016759,-9.473856,-0.013856,0.017054,-0.023182
1704882567,4828804,0.098162,0.050278,-9.485827,-0.013590,0.021051,-0.021583
1704882567,4828838,0.052672,0.031125,-9.464279,-0.014123,0.014922,-0.022116
1704882567,4828872,0.076614,0.016759,-9.454702,-0.015721,0.015721,-0.021583
1704882567,4828909,0.067038,0.028730,-9.476251,-0.014655,0.015188,-0.018119
1704882567,4828943,0.047884,0.043096,-9.332599,-0.013057,0.013590,-0.020251
1704882567,4828977,-0.002394,0.023942,-9.437943,-0.013057,0.018919,-0.025580
1704882567,4829011,0.062249,0.031125,-9.512163,-0.013590,0.021850,-0.023182
1704882567,4829045,0.093374,-0.002394,-9.449914,-0.012790,0.016787,-0.020518
1704882567,4829080,0.050278,0.047884,-9.478644,-0.013057,0.011724,-0.022383
1704882567,4829114,0.002394,-0.019154,-9.531317,-0.015988,0.016521,-0.018919
1704882567,4829150,0.016759,0.031125,-9.569624,-0.014123,0.018919,-0.022116
1704882567,4829185,0.038307,0.064643,-9.519346,-0.013323,0.017054,-0.022116
1704882567,4829219,0.052672,0.002394,-9.500193,-0.013590,0.018919,-0.021317
1704882567,4829253,-0.004788,0.069432,-9.548077,-0.014123,0.018652,-0.022649
1704882567,4829287,0.038307,-0.043096,-9.476251,-0.015988,0.020518,-0.022916
1704882567,4829321,0.110133,0.026336,-9.550470,-0.011991,0.017320,-0.021051
1704882567,4829355,0.021548,0.074220,-9.524135,-0.014389,0.017054,-0.021317
1704882567,4829392,0.069432,-0.011971,-9.425972,-0.015721,0.017587,-0.020518
1704882567,4829426,0.067038,0.050278,-9.524135,-0.014655,0.019718,-0.023449
1704882567,4829461,-0.002394,-0.004788,-9.481039,-0.012257,0.018652,-0.025314
1704882567,4829495,0.076614,0.040701,-9.459491,-0.010658,0.015455,-0.023715
1704882568,4829529,0.009577,0.026336,-9.504981,-0.011991,0.014655,-0.019985
1704882568,4829563,0.040701,0.035913,-9.509769,-0.013590,0.016787,-0.022383
1704882568,4829597,0.081403,-0.023942,-9.430760,-0.013323,0.017320,-0.021583
1704882568,4829634,0.062249,-0.009577,-9.485827,-0.014123,0.021051,-0.025047
1704882568,4829668,0.062249,0.014365,-9.509769,-0.013057,0.016521,-0.021850
1704882568,4829702,0.067038,0.050278,-9.397242,-0.011458,0.024248,-0.019985
1704882568,4829736,0.009577,0.045490,-9.459491,-0.011458,0.020784,-0.020518
1704882568,4829770,0.033519,0.038307,-9.430760,-0.011724,0.019718,-0.021583
1704882568,4829805,0.038307,0.057461,-9.567230,-0.010392,0.019185,-0.018652
1704882568,4829841,0.033519,0.014365,-9.428367,-0.012524,0.018119,-0.021051
1704882568,4829875,0.083797,-0.019154,-9.425972,-0.013323,0.021583,-0.023182
1704882568,4829910,0.138864,-0.026336,-9.394848,-0.012257,0.015455,-0.019718
1704882568,4829944,-0.016759,0.045490,-9.562442,-0.014922,0.019718,-0.020251
1704882568,4829978,0.033519,0.043096,-9.476251,-0.011991,0.016521,-0.025847
1704882568,4830012,0.021548,-0.007183,-9.497798,-0.015988,0.019718,-0.020784
1704882568,4830046,0.069432,0.035913,-9.464279,-0.014123,0.019985,-0.021583
1704882568,4830083,0.021548,-0.023942,-9.567230,-0.013323,0.019185,-0.021583
1704882568,4830117,0.067038,0.043096,-9.521740,-0.015988,0.014655,-0.023982
1704882568,4830151,0.038307,0.019154,-9.476251,-0.013856,0.020784,-0.022116
1704882568,4830185,0.055067,0.052672,-9.416395,-0.013323,0.018119,-0.022383
1704882568,4830220,0.076614,0.047884,-9.490616,-0.015455,0.017853,-0.022383
1704882568,4830254,0.122104,0.031125,-9.320627,-0.014123,0.016787,-0.021583
1704882568,4830288,-0.002394,0.023942,-9.457097,-0.013323,0.018119,-0.019985
1704882568,4830325,0.090980,0.050278,-9.502586,-0.015988,0.018652,-0.022383
1704882568,4830359,-0.021548,0.004788,-9.514558,-0.013856,0.017320,-0.022383
1704882568,4830393,0.059855,0.047884,-9.514558,-0.012524,0.018919,-0.021583
1704882568,4830427,0.040701,0.076614,-9.488221,-0.011991,0.015721,-0.022383
1704882568,4830461,0.057461,0.052672,-9.488221,-0.014123,0.016787,-0.022116
1704882568,4830495,0.045490,-0.007183,-9.466674,-0.014123,0.017853,-0.021850
1704882569,4830539,0.090980,0.028730,-9.442732,-0.013856,0.019452,-0.023715
1704882569,4830574,0.031125,0.040701,-9.423578,-0.012790,0.017320,-0.020251
1704882569,4830608,0.069432,0.021548,-9.540894,-0.013590,0.017054,-0.022916
1704882569,4830642,0.021548,-0.004788,-9.485827,-0.013856,0.019185,-0.019452
1704882569,4830676,0.045490,-0.052672,-9.495404,-0.014922,0.016787,-0.021051
1704882569,4830709,0.067038,-0.040701,-9.485827,-0.011191,0.016521,-0.022116
1704882569,4830743,0.026336,0.040701,-9.459491,-0.013590,0.017054,-0.023715
1704882569,4830779,0.088585,0.019154,-9.512163,-0.013856,0.018652,-0.019985
1704882569,4830813,0.021548,0.067038,-9.490616,-0.012524,0.020784,-0.022383
1704882569,4830847,0.016759,-0.023942,-9.502586,-0.015455,0.015988,-0.020784
1704882569,4830881,0.076614,0.004788,-9.459491,-0.012790,0.018119,-0.019718
1704882569,4830915,0.019154,-0.062249,-9.490616,-0.013057,0.021583,-0.023982
1704882569,4830949,0.052672,0.023942,-9.442732,-0.015455,0.017320,-0.023982
1704882569,4830983,0.067038,0.019154,-9.459491,-0.011724,0.018119,-0.020251
1704882569,4831019,0.014365,0.009577,-9.423578,-0.014123,0.018919,-0.021583
1704882569,4831053,0.009577,0.000000,-9.459491,-0.013057,0.017587,-0.021317
1704882569,4831087,0.055067,-0.069432,-9.418790,-0.015455,0.014389,-0.022116
1704882569,4831121,0.040701,0.028730,-9.507375,-0.013590,0.022116,-0.020784
1704882569,4831154,0.081403,0.019154,-9.469068,-0.015188,0.021051,-0.019452
1704882569,4831188,0.076614,0.011971,-9.493010,-0.011724,0.022383,-0.022649
1704882569,4831222,0.035913,0.059855,-9.435549,-0.012524,0.018919,-0.018652
1704882569,4831258,0.052672,-0.023942,-9.363723,-0.012257,0.021317,-0.023715
1704882569,4831292,0.004788,0.055067,-9.507375,-0.014922,0.014389,-0.023715
1704882569,4831326,0.071826,0.057461,-9.543288,-0.012257,0.017853,-0.022649
1704882569,4831360,0.014365,0.009577,-9.495404,-0.013856,0.020251,-0.020784
1704882569,4831394,0.069432,0.014365,-9.509769,-0.015188,0.016521,-0.021317
1704882569,4831428,-0.002394,0.000000,-9.543288,-0.015455,0.021051,-0.021850
1704882569,4831464,-0.035913,0.009577,-9.428367,-0.012524,0.015721,-0.023982
1704882569,4831498,0.031125,0.064643,-9.519346,-0.013856,0.014922,-0.018919
1704882570,4831532,0.052672,-0.026336,-9.490616,-0.011724,0.014655,-0.021051
1704882570,4831566,0.057461,-0.040701,-9.447520,-0.013590,0.021051,-0.021051
1704882570,4831599,0.038307,0.002394,-9.430760,-0.014123,0.020251,-0.021850
1704882570,4831633,0.033519,0.019154,-9.452309,-0.013057,0.013590,-0.022383
1704882570,4831667,0.086191,0.002394,-9.473856,-0.014655,0.014389,-0.021850
1704882570,4831703,0.090980,0.050278,-9.454702,-0.013590,0.015988,-0.019718
1704882570,4831737,0.093374,0.045490,-9.485827,-0.013057,0.022116,-0.019985
1704882570,4831771,0.050278,-0.021548,-9.390059,-0.013323,0.017587,-0.022649
1704882570,4831805,-0.026336,0.019154,-9.461885,-0.014389,0.015188,-0.021051
1704882570,4831839,0.083797,0.040701,-9.354146,-0.013057,0.014123,-0.020784
1704882570,4831873,0.014365,0.047884,-9.442732,-0.014123,0.016521,-0.019185
1704882570,4831907,0.007183,0.007183,-9.406818,-0.014922,0.015721,-0.021317
1704882570,4831943,0.038307,0.064643,-9.531317,-0.012524,0.019985,-0.020784
1704882570,4831977,0.052672,0.038307,-9.406818,-0.014922,0.014123,-0.020784
1704882570,4832011,0.055067,0.059855,-9.385271,-0.013323,0.015455,-0.022116
1704882570,4832044,0.081403,0.069432,-9.390059,-0.011191,0.020784,-0.024248
1704882570,4832078,0.031125,0.004788,-9.476251,-0.015721,0.017320,-0.022383
1704882570,4832112,0.110133,-0.019154,-9.516952,-0.013590,0.019985,-0.024515
1704882570,4832148,0.050278,0.019154,-9.478644,-0.011991,0.014389,-0.020784
1704882570,4832182,0.043096,0.002394,-9.519346,-0.010925,0.017587,-0.021317
1704882570,4832216,-0.011971,0.043096,-9.421184,-0.015188,0.019985,-0.023715
1704882570,4832250,0.076614,0.067038,-9.402030,-0.009593,0.017320,-0.021583
1704882570,4832284,0.079009,0.016759,-9.478644,-0.010392,0.016787,-0.023182
1704882570,4832317,0.026336,0.031125,-9.488221,-0.014389,0.015188,-0.022116
1704882570,4832351,0.038307,0.067038,-9.440337,-0.013856,0.018652,-0.022649
1704882570,4832387,-0.007183,0.035913,-9.543288,-0.013856,0.020251,-0.020784
1704882570,4832422,0.026336,0.043096,-9.483433,-0.013590,0.017853,-0.020784
1704882570,4832456,0.023942,0.062249,-9.385271,-0.014655,0.017320,-0.020518
1704882570,4832490,0.019154,0.007183,-9.430760,-0.013856,0.019718,-0.022116
1704882571,4832524,0.057461,0.052672,-9.490616,-0.015188,0.018386,-0.023449
1704882571,4832558,0.126893,0.009577,-9.507375,-0.015188,0.017587,-0.021850
1704882571,4832592,0.033519,0.043096,-9.461885,-0.015188,0.015721,-0.022916
1704882571,4832629,0.059855,-0.002394,-9.430760,-0.013057,0.019452,-0.020518
1704882571,4832663,0.090980,0.007183,-9.428367,-0.015455,0.017587,-0.020251
1704882571,4832697,0.028730,0.050278,-9.435549,-0.014389,0.014922,-0.019718
1704882571,4832731,0.045490,-0.023942,-9.490616,-0.010392,0.020784,-0.025314
1704882571,4832765,-0.028730,0.050278,-9.514558,-0.014389,0.015188,-0.024515
1704882571,4832800,0.033519,-0.040701,-9.440337,-0.014922,0.014922,-0.023715
1704882571,4832834,-0.055067,0.050278,-9.490616,-0.014123,0.020251,-0.020784
1704882571,4832867,0.057461,-0.028730,-9.509769,-0.012524,0.018919,-0.022383
1704882571,4832901,0.100556,0.016759,-9.481039,-0.012257,0.016521,-0.022116
1704882571,4832935,0.114922,0.007183,-9.445126,-0.014123,0.019985,-0.026113
1704882571,4832969,0.050278,0.009577,-9.473856,-0.017320,0.015721,-0.019985
1704882571,4833003,0.035913,0.014365,-9.483433,-0.012524,0.020251,-0.020251
1704882571,4833038,0.021548,0.062249,-9.536105,-0.012524,0.016521,-0.021583
1704882571,4833074,0.062249,0.016759,-9.481039,-0.014389,0.018386,-0.023715
1704882571,4833108,0.031125,0.009577,-9.452309,-0.012790,0.015988,-0.020518
1704882571,4833143,0.083797,0.033519,-9.514558,-0.014922,0.018919,-0.022916
1704882571,4833177,0.102951,0.014365,-9.514558,-0.014123,0.013856,-0.021051
1704882571,4833211,0.090980,0.059855,-9.509769,-0.014922,0.020784,-0.018652
1704882571,4833245,0.079009,0.019154,-9.591172,-0.012257,0.017054,-0.020784
1704882571,4833279,0.055067,-0.011971,-9.430760,-0.015188,0.020784,-0.023449
1704882571,4833316,0.086191,-0.043096,-9.445126,-0.014123,0.015455,-0.022916
1704882571,4833350,0.031125,-0.016759,-9.512163,-0.015455,0.019185,-0.022916
1704882571,4833384,-0.004788,0.019154,-9.483433,-0.012790,0.018119,-0.021317
1704882571,4833419,0.019154,0.019154,-9.457097,-0.013856,0.018652,-0.023182
1704882571,4833453,0.059855,-0.050278,-9.485827,-0.013856,0.016254,-0.019985
1704882571,4833487,0.052672,0.007183,-9.471462,-0.014123,0.019452,-0.021583
1704882572,4833521,0.079009,0.035913,-9.514558,-0.014123,0.019185,-0.020784
1704882572,4833558,0.035913,-0.026336,-9.531317,-0.012257,0.015721,-0.021583
1704882572,4833592,0.045490,-0.040701,-9.476251,-0.013590,0.015455,-0.019985
1704882572,4833626,0.067038,0.031125,-9.512163,-0.011991,0.015188,-0.022383
1704882572,4833660,0.088585,0.009577,-9.610326,-0.016787,0.019185,-0.020518
1704882572,4833695,0.007183,-0.043096,-9.509769,-0.015188,0.016254,-0.021583
1704882572,4833729,0.045490,0.009577,-9.516952,-0.013057,0.018919,-0.023182
1704882572,4833765,0.028730,0.067038,-9.509769,-0.011458,0.019185,-0.024515
1704882572,4833800,0.064643,-0.016759,-9.485827,-0.012257,0.016254,-0.023715
1704882572,4833834,0.023942,0.016759,-9.399636,-0.011191,0.016787,-0.022116
1704882572,4833868,0.076614,0.002394,-9.461885,-0.012257,0.018119,-0.020784
1704882572,4833902,0.059855,0.009577,-9.507375,-0.012790,0.017320,-0.021051
1704882572,4833936,0.026336,0.021548,-9.495404,-0.010925,0.019718,-0.020784
1704882572,4833971,0.023942,0.043096,-9.538500,-0.013590,0.018386,-0.023182
1704882572,4834007,0.100556,0.062249,-9.390059,-0.013590,0.017587,-0.021850
1704882572,4834041,0.090980,0.076614,-9.521740,-0.013057,0.014922,-0.024248
1704882572,4834075,0.076614,0.057461,-9.469068,-0.012257,0.019452,-0.024781
1704882572,4834109,0.019154,0.040701,-9.447520,-0.013856,0.017853,-0.023449
1704882572,4834144,0.011971,0.067038,-9.425972,-0.014655,0.016254,-0.021583
1704882572,4834178,0.004788,-0.011971,-9.512163,-0.013590,0.018919,-0.022383
1704882572,4834212,0.057461,0.004788,-9.500193,-0.011991,0.017587,-0.019985
1704882572,4834257,0.045490,-0.016759,-9.469068,-0.013323,0.019452,-0.023182
1704882572,4834291,0.045490,0.021548,-9.363723,-0.011991,0.019185,-0.019718
1704882572,4834325,0.040701,-0.040701,-9.500193,-0.011191,0.015188,-0.022916
1704882572,4834359,0.026336,0.023942,-9.473856,-0.013856,0.016787,-0.024248
1704882572,4834393,0.076614,0.038307,-9.454702,-0.013856,0.018919,-0.019718
1704882572,4834427,0.102951,-0.035913,-9.430760,-0.013856,0.021051,-0.025314
1704882572,4834463,0.011971,-0.004788,-9.478644,-0.014655,0.015988,-0.022383
1704882572,4834497,0.064643,0.009577,-9.526528,-0.014389,0.017853,-0.021583
1704882573,4834531,0.007183,0.038307,-9.469068,-0.014655,0.015721,-0.024515
1704882573,4834564,0.031125,0.016759,-9.488221,-0.012524,0.016521,-0.022916
1704882573,4834598,0.050278,0.014365,-9.476251,-0.011724,0.017320,-0.020518
1704882573,4834632,0.081403,0.035913,-9.466674,-0.015455,0.016254,-0.020784
1704882573,4834666,-0.004788,0.031125,-9.576807,-0.015721,0.015721,-0.023182
1704882573,4834702,0.057461,0.059855,-9.495404,-0.012257,0.018919,-0.022916
1704882573,4834736,0.079009,0.023942,-9.502586,-0.014389,0.014123,-0.023449
1704882573,4834770,0.002394,-0.047884,-9.526528,-0.014922,0.020251,-0.022916
1704882573,4834804,0.004788,0.095768,-9.548077,-0.013590,0.017853,-0.023449
1704882573,4834838,-0.002394,-0.047884,-9.435549,-0.011458,0.018119,-0.023182
1704882573,4834872,0.093374,0.083797,-9.464279,-0.011458,0.018919,-0.021850
1704882573,4834906,0.059855,0.040701,-9.483433,-0.014123,0.017587,-0.023449
1704882573,4834942,0.035913,0.002394,-9.469068,-0.014922,0.018386,-0.021051
1704882573,4834976,0.064643,0.059855,-9.550470,-0.012524,0.017320,-0.022116
1704882573,4835010,0.105345,0.002394,-9.485827,-0.011991,0.020518,-0.022916
1704882573,4835043,0.059855,0.004788,-9.507375,-0.015988,0.018652,-0.022649
1704882573,4835077,0.064643,0.000000,-9.516952,-0.012257,0.023449,-0.022116
1704882573,4835111,0.033519,0.035913,-9.478644,-0.012790,0.021051,-0.024515
1704882573,4835145,0.045490,0.090980,-9.507375,-0.011458,0.017320,-0.023449
1704882573,4835181,0.059855,0.000000,-9.502586,-0.015188,0.018119,-0.024781
1704882573,4835215,-0.007183,0.023942,-9.519346,-0.015455,0.018652,-0.026646
1704882573,4835249,0.050278,0.016759,-9.414001,-0.011724,0.018386,-0.023182
1704882573,4835283,0.033519,0.007183,-9.545682,-0.013057,0.015188,-0.021583
1704882573,4835317,0.095768,0.079009,-9.466674,-0.013856,0.015988,-0.021317
1704882573,4835351,0.026336,-0.002394,-9.390059,-0.014655,0.021051,-0.019718
1704882573,4835387,0.069432,-0.007183,-9.502586,-0.014655,0.017320,-0.024248
1704882573,4835421,-0.002394,-0.021548,-9.464279,-0.013590,0.016521,-0.020784
1704882573,4835455,0.050278,0.076614,-9.354146,-0.015188,0.013856,-0.024248
1704882573,4835489,0.052672,0.035913,-9.576807,-0.013057,0.014922,-0.023982
1704882574,4835522,0.033519,0.074220,-9.481039,-0.011991,0.021850,-0.021850
1704882574,4835556,0.064643,-0.047884,-9.418790,-0.015188,0.019718,-0.021317
1704882574,4835590,0.071826,0.002394,-9.521740,-0.013323,0.021051,-0.023449
1704882574,4835626,0.014365,-0.026336,-9.500193,-0.015988,0.020251,-0.023182
1704882574,4835660,-0.002394,0.040701,-9.471462,-0.013856,0.020518,-0.020518
1704882574,4835694,0.069432,-0.016759,-9.461885,-0.016787,0.019185,-0.020784
1704882574,4835728,0.019154,-0.011971,-9.387665,-0.011191,0.015988,-0.023715
1704882574,4835762,0.059855,-0.019154,-9.493010,-0.013057,0.016521,-0.021583
1704882574,4835796,0.035913,0.019154,-9.402030,-0.017054,0.015455,-0.019452
1704882574,4835830,0.011971,0.055067,-9.476251,-0.015455,0.019452,-0.020784
1704882574,4835866,0.083797,-0.026336,-9.449914,-0.017054,0.019452,-0.022649
1704882574,4835900,0.009577,0.057461,-9.464279,-0.015721,0.020784,-0.021850
1704882574,4835933,0.057461,0.016759,-9.423578,-0.014922,0.017587,-0.021051
1704882574,4835967,0.074220,0.023942,-9.473856,-0.014123,0.015988,-0.022383
1704882574,4836001,0.057461,0.038307,-9.504981,-0.014922,0.019452,-0.021850
1704882574,4836035,0.052672,0.014365,-9.447520,-0.014655,0.023449,-0.021317
1704882574,4836071,0.035913,0.028730,-9.430760,-0.014389,0.019718,-0.021850
1704882574,4836105,0.059855,0.028730,-9.414001,-0.013856,0.015988,-0.024781
1704882574,4836139,0.019154,0.000000,-9.447520,-0.014123,0.016521,-0.020784
1704882574,4836173,0.050278,0.014365,-9.557653,-0.014123,0.019452,-0.021583
1704882574,4836208,0.059855,-0.023942,-9.449914,-0.014123,0.021051,-0.020784
1704882574,4836242,0.023942,0.031125,-9.481039,-0.014123,0.018652,-0.021583
1704882574,4836276,0.059855,0.086191,-9.536105,-0.014123,0.019452,-0.025047
1704882574,4836312,0.016759,0.028730,-9.469068,-0.014655,0.019985,-0.022383
1704882574,4836346,0.067038,0.016759,-9.493010,-0.011991,0.017054,-0.024248
1704882574,4836381,0.045490,0.023942,-9.521740,-0.014655,0.015188,-0.021583
1704882574,4836415,0.052672,0.004788,-9.457097,-0.013323,0.019985,-0.022649
1704882574,4836449,0.083797,0.028730,-9.375694,-0.013323,0.017587,-0.021850
1704882574,4836483,-0.009577,-0.002394,-9.433155,-0.014655,0.018652,-0.021850
1704882575,4836517,0.052672,0.004788,-9.459491,-0.012524,0.017587,-0.021051
1704882575,4836554,0.064643,0.098162,-9.514558,-0.015988,0.017320,-0.022649
1704882575,4836588,0.074220,-0.019154,-9.457097,-0.012524,0.020784,-0.021051
1704882575,4836622,0.035913,0.062249,-9.497798,-0.015455,0.015988,-0.021317
1704882575,4836657,0.021548,0.067038,-9.416395,-0.014389,0.018652,-0.021583
1704882575,4836691,0.040701,0.019154,-9.430760,-0.014389,0.015988,-0.021850
1704882575,4836725,0.047884,0.102951,-9.469068,-0.015455,0.019718,-0.022916
1704882575,4836759,0.055067,-0.031125,-9.366117,-0.012257,0.013590,-0.023982
1704882575,4836796,0.019154,0.035913,-9.519346,-0.010658,0.019718,-0.023449
1704882575,4836830,0.083797,-0.004788,-9.445126,-0.012524,0.017320,-0.023715
1704882575,4836864,0.021548,-0.059855,-9.442732,-0.014389,0.019452,-0.021051
1704882575,4836898,0.069432,0.043096,-9.481039,-0.015455,0.018119,-0.022116
1704882575,4836932,0.083797,0.040701,-9.502586,-0.011991,0.020251,-0.023449
1704882575,4836966,0.057461,-0.028730,-9.397242,-0.015188,0.013590,-0.021317
1704882575,4837003,0.064643,0.064643,-9.507375,-0.013856,0.019718,-0.021583
1704882575,4837037,0.064643,-0.028730,-9.442732,-0.012790,0.019985,-0.022916
1704882575,4837071,-0.002394,0.059855,-9.445126,-0.016521,0.020784,-0.020518
1704882575,4837106,0.045490,0.035913,-9.493010,-0.011724,0.020784,-0.025847
1704882575,4837140,0.071826,0.069432,-9.536105,-0.013057,0.017320,-0.023182
1704882575,4837174,0.031125,0.011971,-9.425972,-0.013856,0.015988,-0.023982
1704882575,4837208,0.019154,0.045490,-9.514558,-0.013323,0.019985,-0.023982
1704882575,4837245,0.026336,-0.019154,-9.488221,-0.011991,0.015721,-0.024515
1704882575,4837279,0.038307,0.043096,-9.402030,-0.013323,0.015721,-0.021583
1704882575,4837313,-0.011971,-0.021548,-9.504981,-0.013323,0.020518,-0.021051
1704882575,4837347,0.055067,0.014365,-9.440337,-0.011991,0.015455,-0.021051
1704882575,4837381,0.023942,0.040701,-9.404425,-0.011458,0.019718,-0.022916
1704882575,4837416,0.043096,0.033519,-9.430760,-0.014655,0.018119,-0.022916
1704882575,4837450,0.047884,0.023942,-9.428367,-0.016787,0.018652,-0.024248
1704882575,4837487,0.026336,0.083797,-9.437943,-0.014123,0.016521,-0.022649
1704882576,4837521,0.031125,0.090980,-9.481039,-0.013590,0.017853,-0.018386
1704882576,4837555,0.052672,0.028730,-9.495404,-0.013323,0.016521,-0.020251
1704882576,4837589,0.083797,-0.009577,-9.548077,-0.012257,0.019185,-0.019185
1704882576,4837623,0.057461,0.021548,-9.418790,-0.014922,0.012790,-0.021850
1704882576,4837657,0.069432,0.071826,-9.428367,-0.011724,0.018119,-0.021051
1704882576,4837694,0.031125,0.028730,-9.356541,-0.014655,0.014389,-0.022383
1704882576,4837728,0.011971,0.045490,-9.445126,-0.013323,0.015455,-0.021850
1704882576,4837762,0.009577,0.023942,-9.411607,-0.014655,0.017054,-0.021317
1704882576,4837796,0.047884,0.035913,-9.557653,-0.011991,0.016787,-0.022116
1704882576,4837830,0.064643,0.071826,-9.454702,-0.011191,0.017587,-0.023715
1704882576,4837864,0.050278,-0.016759,-9.461885,-0.014123,0.019185,-0.022383
1704882576,4837898,0.002394,0.009577,-9.414001,-0.016521,0.017054,-0.023182
1704882576,4837943,0.064643,-0.021548,-9.459491,-0.014389,0.016254,-0.020251
1704882576,4837977,0.026336,0.038307,-9.461885,-0.010925,0.012257,-0.021317
1704882576,4838011,0.009577,0.052672,-9.493010,-0.013856,0.016521,-0.022916
1704882576,4838045,0.033519,-0.011971,-9.425972,-0.017054,0.014389,-0.023715
1704882576,4838079,0.038307,0.011971,-9.411607,-0.012790,0.015455,-0.021583
1704882576,4838113,0.050278,-0.023942,-9.437943,-0.014123,0.016254,-0.023715
1704882576,4838146,0.035913,-0.023942,-9.457097,-0.015188,0.018119,-0.023982
1704882576,4838183,0.131681,0.009577,-9.507375,-0.010925,0.020251,-0.021583
1704882576,4838217,0.100556,0.023942,-9.524135,-0.015455,0.018119,-0.021317
1704882576,4838250,0.033519,0.033519,-9.504981,-0.015988,0.017320,-0.022916
1704882576,4838284,0.033519,-0.014365,-9.493010,-0.012790,0.023449,-0.022916
1704882576,4838318,0.007183,0.052672,-9.457097,-0.014922,0.019985,-0.023182
1704882576,4838352,0.028730,0.023942,-9.473856,-0.012790,0.017320,-0.021051
1704882576,4838386,0.067038,0.067038,-9.433155,-0.014922,0.019185,-0.018919
1704882576,4838419,0.055067,-0.047884,-9.476251,-0.010126,0.018919,-0.021850
1704882576,4838453,0.040701,-0.031125,-9.466674,-0.015455,0.014123,-0.021850
1704882576,4838486,0.043096,0.069432,-9.495404,-0.013057,0.017587,-0.022383
1704882577,4838520,0.045490,0.035913,-9.488221,-0.013856,0.020251,-0.019452
1704882577,4838554,0.000000,0.002394,-9.531317,-0.014655,0.020784,-0.019718
1704882577,4838588,0.074220,0.028730,-9.576807,-0.014655,0.017320,-0.019185
1704882577,4838624,0.033519,-0.016759,-9.543288,-0.011724,0.017054,-0.021051
1704882577,4838658,0.057461,0.004788,-9.507375,-0.017054,0.015721,-0.022649
1704882577,4838692,-0.014365,0.040701,-9.440337,-0.014655,0.018652,-0.020784
1704882577,4838726,0.069432,0.083797,-9.385271,-0.015455,0.016787,-0.019452
1704882577,4838760,0.014365,-0.026336,-9.449914,-0.012524,0.019185,-0.021317
1704882577,4838794,0.031125,0.040701,-9.545682,-0.014922,0.019452,-0.024248
1704882577,4838828,0.028730,-0.002394,-9.485827,-0.015455,0.017853,-0.025580
1704882577,4838864,0.035913,0.057461,-9.442732,-0.012790,0.017054,-0.021850
1704882577,4838898,0.067038,0.050278,-9.471462,-0.016254,0.017054,-0.023449
1704882577,4838932,0.095768,0.016759,-9.507375,-0.014922,0.020518,-0.022649
1704882577,4838965,0.081403,-0.016759,-9.449914,-0.017587,0.016521,-0.021051
1704882577,4838999,0.055067,0.028730,-9.435549,-0.014123,0.016787,-0.021583
1704882577,4839033,0.009577,0.035913,-9.507375,-0.015455,0.017320,-0.024515
1704882577,4839067,0.033519,0.000000,-9.490616,-0.013323,0.016521,-0.021583
1704882577,4839103,0.007183,0.028730,-9.416395,-0.012524,0.017587,-0.020251
1704882577,4839137,0.011971,-0.009577,-9.464279,-0.012524,0.014922,-0.023182
1704882577,4839171,0.035913,-0.021548,-9.442732,-0.010925,0.017587,-0.020784
1704882577,4839205,0.088585,0.004788,-9.423578,-0.011458,0.015721,-0.020251
1704882577,4839239,0.002394,-0.038307,-9.536105,-0.012790,0.017054,-0.019718
1704882577,4839273,0.004788,-0.019154,-9.473856,-0.016521,0.018652,-0.021850
1704882577,4839309,0.038307,-0.002394,-9.404425,-0.009326,0.018919,-0.021317
1704882577,4839343,0.028730,-0.011971,-9.516952,-0.013856,0.022649,-0.023715
1704882577,4839377,0.043096,0.021548,-9.473856,-0.013323,0.015721,-0.021317
1704882577,4839411,0.069432,0.021548,-9.641450,-0.015455,0.017320,-0.021583
1704882577,4839445,0.045490,-0.002394,-9.380483,-0.012524,0.015721,-0.021583
1704882577,4839479,0.057461,0.055067,-9.514558,-0.013057,0.020518,-0.021850
1704882578,4839513,0.057461,0.033519,-9.485827,-0.014389,0.017054,-0.021850
1704882578,4839549,0.050278,0.028730,-9.402030,-0.012790,0.019718,-0.020518
1704882578,4839583,0.023942,0.035913,-9.454702,-0.014655,0.015455,-0.022916
1704882578,4839616,0.083797,-0.031125,-9.442732,-0.013057,0.023715,-0.021051
1704882578,4839650,0.071826,-0.011971,-9.519346,-0.012257,0.016521,-0.022383
1704882578,4839684,0.093374,0.043096,-9.483433,-0.014389,0.013057,-0.023715
1704882578,4839718,0.043096,-0.023942,-9.402030,-0.014389,0.017054,-0.019718
1704882578,4839752,-0.038307,0.050278,-9.481039,-0.014389,0.017587,-0.019985
1704882578,4839788,0.050278,0.019154,-9.390059,-0.014123,0.019452,-0.020784
1704882578,4839822,0.043096,0.067038,-9.545682,-0.013856,0.015721,-0.019985
1704882578,4839856,0.016759,0.033519,-9.469068,-0.011458,0.014389,-0.022916
1704882578,4839890,-0.011971,0.014365,-9.423578,-0.013590,0.017853,-0.023715
1704882578,4839925,0.045490,0.086191,-9.425972,-0.014123,0.022116,-0.021051
1704882578,4839959,0.045490,0.035913,-9.471462,-0.012790,0.014123,-0.024248
1704882578,4839995,0.081403,0.011971,-9.531317,-0.013590,0.018119,-0.022649
1704882578,4840030,0.083797,-0.043096,-9.461885,-0.013856,0.017587,-0.021850
1704882578,4840064,0.071826,0.043096,-9.488221,-0.012257,0.016787,-0.019718
1704882578,4840098,0.110133,-0.028730,-9.536105,-0.015988,0.021583,-0.020784
1704882578,4840143,0.031125,-0.028730,-9.500193,-0.011991,0.018386,-0.023449
1704882578,4840177,0.071826,0.011971,-9.433155,-0.015455,0.016521,-0.022916
1704882578,4840211,0.047884,0.033519,-9.409213,-0.012790,0.014389,-0.018919
1704882578,4840248,0.050278,0.043096,-9.471462,-0.012790,0.017853,-0.024248
1704882578,4840282,0.007183,0.009577,-9.454702,-0.011191,0.015988,-0.022116
1704882578,4840316,0.040701,0.026336,-9.375694,-0.011724,0.016254,-0.024515
1704882578,4840350,0.028730,0.007183,-9.452309,-0.013590,0.016787,-0.020784
1704882578,4840384,0.023942,0.045490,-9.583989,-0.017054,0.017054,-0.021051
1704882578,4840418,0.050278,0.009577,-9.378088,-0.012790,0.018386,-0.024248
1704882578,4840453,0.059855,0.033519,-9.555259,-0.015188,0.016787,-0.021051
1704882578,4840489,0.050278,0.031125,-9.445126,-0.012257,0.016787,-0.025580
1704882579,4840523,0.050278,0.067038,-9.485827,-0.014922,0.019718,-0.020784
1704882579,4840558,0.021548,0.002394,-9.397242,-0.013323,0.017587,-0.022383
1704882579,4840592,0.052672,0.064643,-9.481039,-0.014123,0.018652,-0.022116
1704882579,4840626,0.021548,-0.014365,-9.425972,-0.013323,0.017853,-0.023982
1704882579,4840660,0.038307,0.064643,-9.437943,-0.012790,0.017587,-0.022916
1704882579,4840694,0.088585,0.019154,-9.457097,-0.015988,0.016787,-0.018652
1704882579,4840731,0.040701,0.004788,-9.531317,-0.015188,0.015455,-0.023982
1704882579,4840765,0.050278,0.002394,-9.478644,-0.012257,0.016521,-0.020518
1704882579,4840799,-0.014365,0.026336,-9.402030,-0.011991,0.017054,-0.019185
1704882579,4840833,-0.055067,-0.023942,-9.588778,-0.013590,0.019718,-0.023449
1704882579,4840867,0.098162,0.040701,-9.476251,-0.013590,0.015721,-0.021051
1704882579,4840902,0.038307,0.081403,-9.509769,-0.013856,0.016254,-0.023449
1704882579,4840938,0.028730,-0.023942,-9.452309,-0.013856,0.017853,-0.023449
1704882579,4840972,0.023942,0.028730,-9.452309,-0.013856,0.015188,-0.024248
1704882579,4841007,0.088585,0.059855,-9.519346,-0.013590,0.020518,-0.020784
1704882579,4841041,0.057461,0.009577,-9.521740,-0.014655,0.019985,-0.023982
1704882579,4841075,0.023942,-0.023942,-9.502586,-0.012257,0.014655,-0.023715
1704882579,4841109,0.038307,0.045490,-9.440337,-0.016254,0.016787,-0.021317
1704882579,4841143,0.031125,0.000000,-9.497798,-0.013323,0.016787,-0.021051
1704882579,4841180,-0.019154,0.021548,-9.433155,-0.013057,0.019452,-0.018119
1704882579,4841214,0.064643,-0.043096,-9.603143,-0.013856,0.020518,-0.022116
1704882579,4841248,0.016759,0.004788,-9.421184,-0.013856,0.017054,-0.017587
1704882579,4841282,0.083797,0.016759,-9.490616,-0.013856,0.020518,-0.021850
1704882579,4841317,0.026336,0.016759,-9.406818,-0.014922,0.015721,-0.022383
1704882579,4841351,0.040701,0.021548,-9.483433,-0.014922,0.021051,-0.020784
1704882579,4841385,0.071826,-0.002394,-9.406818,-0.012790,0.018919,-0.025847
1704882579,4841422,0.064643,0.016759,-9.435549,-0.011458,0.015455,-0.021317
1704882579,4841456,0.110133,0.035913,-9.469068,-0.014389,0.017587,-0.022649
1704882579,4841490,0.057461,-0.028730,-9.512163,-0.013323,0.021317,-0.021051
1704882580,4841524,0.045490,-0.023942,-9.478644,-0.014655,0.016521,-0.021583
1704882580,4841558,0.009577,0.088585,-9.442732,-0.014123,0.017587,-0.021051
1704882580,4841592,0.062249,0.035913,-9.385271,-0.013057,0.012257,-0.023715
1704882580,4841636,0.040701,0.014365,-9.461885,-0.015188,0.018652,-0.023449
1704882580,4841671,0.019154,0.043096,-9.481039,-0.013590,0.021583,-0.023715
1704882580,4841705,0.071826,-0.016759,-9.440337,-0.011458,0.016787,-0.024515
1704882580,4841739,0.071826,0.019154,-9.488221,-0.012257,0.016787,-0.021317
1704882580,4841773,0.043096,0.055067,-9.464279,-0.012257,0.021850,-0.022649
1704882580,4841806,0.102951,-0.004788,-9.440337,-0.013590,0.018119,-0.022916
1704882580,4841840,-0.011971,0.047884,-9.423578,-0.013057,0.017853,-0.018652
1704882580,4841876,0.100556,0.062249,-9.507375,-0.011191,0.019718,-0.019985
1704882580,4841910,0.033519,0.021548,-9.516952,-0.013856,0.018386,-0.024248
1704882580,4841944,0.055067,0.011971,-9.524135,-0.015721,0.017853,-0.021051
1704882580,4841978,0.057461,0.079009,-9.507375,-0.015988,0.015721,-0.023449
1704882580,4842012,0.069432,-0.026336,-9.454702,-0.013057,0.016521,-0.021051
1704882580,4842046,-0.016759,0.023942,-9.473856,-0.012257,0.016521,-0.022916
1704882580,4842080,0.062249,0.009577,-9.433155,-0.015721,0.017587,-0.021850
1704882580,4842116,0.035913,0.043096,-9.514558,-0.014389,0.020251,-0.021850
1704882580,4842150,0.079009,0.033519,-9.435549,-0.010658,0.015721,-0.023715
1704882580,4842184,0.057461,0.033519,-9.521740,-0.011191,0.013057,-0.022383
1704882580,4842217,0.035913,0.009577,-9.509769,-0.012257,0.017320,-0.022116
1704882580,4842251,-0.004788,0.038307,-9.495404,-0.013590,0.020251,-0.023982
1704882580,4842285,0.059855,-0.002394,-9.476251,-0.014389,0.017054,-0.024515
1704882580,4842319,0.045490,0.009577,-9.452309,-0.014655,0.018119,-0.022383
1704882580,4842352,0.019154,-0.071826,-9.344569,-0.012257,0.019185,-0.023449
1704882580,4842386,0.035913,0.035913,-9.466674,-0.011724,0.020518,-0.022116
1704882580,4842420,-0.021548,0.004788,-9.509769,-0.012790,0.019718,-0.022116
1704882580,4842454,0.016759,0.043096,-9.452309,-0.014922,0.019452,-0.024781
1704882580,4842487,0.088585,0.014365,-9.478644,-0.011191,0.020251,-0.022383
1704882581,4842521,0.033519,-0.007183,-9.447520,-0.012524,0.018119,-0.021317
1704882581,4842557,0.052672,-0.004788,-9.445126,-0.013590,0.019185,-0.023182
1704882581,4842591,0.064643,-0.016759,-9.433155,-0.013323,0.018919,-0.023182
1704882581,4842625,0.090980,0.033519,-9.370906,-0.011724,0.018119,-0.022649
1704882581,4842659,0.079009,0.026336,-9.433155,-0.014389,0.016787,-0.022116
1704882581,4842693,0.050278,0.028730,-9.449914,-0.013590,0.017054,-0.021051
1704882581,4842727,0.069432,0.079009,-9.509769,-0.016254,0.018919,-0.022116
1704882581,4842761,0.088585,0.028730,-9.502586,-0.014655,0.014655,-0.020518
1704882581,4842797,0.057461,0.016759,-9.519346,-0.014655,0.021583,-0.019185
1704882581,4842831,0.043096,0.021548,-9.473856,-0.015721,0.018386,-0.020518
1704882581,4842865,0.004788,0.007183,-9.459491,-0.014655,0.021850,-0.021051
1704882581,4842899,0.050278,0.059855,-9.382876,-0.012257,0.017054,-0.022649
1704882581,4842932,0.021548,0.050278,-9.521740,-0.012524,0.018919,-0.023182
1704882581,4842966,0.004788,0.031125,-9.437943,-0.014389,0.018919,-0.020518
1704882581,4843000,0.098162,0.004788,-9.454702,-0.013057,0.016521,-0.022383
1704882581,4843036,-0.019154,-0.083797,-9.521740,-0.013856,0.018652,-0.023715
1704882581,4843070,0.035913,0.035913,-9.485827,-0.012790,0.017054,-0.023449
1704882581,4843104,0.026336,0.028730,-9.447520,-0.015188,0.015988,-0.019452
1704882581,4843138,-0.026336,0.031125,-9.442732,-0.012257,0.014655,-0.021317
1704882581,4843172,0.043096,0.059855,-9.507375,-0.014389,0.014922,-0.021583
1704882581,4843206,0.016759,0.038307,-9.430760,-0.015455,0.015455,-0.022383
1704882581,4843242,0.052672,-0.076614,-9.509769,-0.011191,0.011991,-0.024781
1704882581,4843276,0.071826,0.021548,-9.404425,-0.013057,0.017054,-0.023449
1704882581,4843310,0.083797,0.038307,-9.476251,-0.014655,0.013856,-0.022383
1704882581,4843343,0.047884,0.004788,-9.485827,-0.013856,0.018119,-0.022383
1704882581,4843377,0.055067,0.002394,-9.430760,-0.013590,0.022116,-0.021583
1704882581,4843411,0.043096,0.035913,-9.461885,-0.011191,0.016787,-0.022383
1704882581,4843445,0.016759,0.002394,-9.552865,-0.013590,0.013323,-0.023715
1704882581,4843481,0.093374,0.007183,-9.411607,-0.013590,0.018386,-0.023982
1704882582,4843515,0.021548,-0.033519,-9.557653,-0.013590,0.016521,-0.021583
1704882582,4843549,-0.052672,0.004788,-9.425972,-0.014123,0.017587,-0.022649
1704882582,4843584,0.088585,0.067038,-9.454702,-0.012257,0.018119,-0.024781
1704882582,4843618,0.043096,0.004788,-9.464279,-0.017054,0.013323,-0.022383
1704882582,4843652,0.011971,-0.004788,-9.425972,-0.015988,0.023715,-0.020251
1704882582,4843686,0.021548,-0.016759,-9.433155,-0.013590,0.014922,-0.019185
1704882582,4843722,0.102951,0.014365,-9.459491,-0.011724,0.019185,-0.021051
1704882582,4843757,0.021548,-0.004788,-9.404425,-0.014389,0.017853,-0.020784
1704882582,4843791,0.050278,0.067038,-9.437943,-0.013856,0.015721,-0.026380
1704882582,4843825,0.067038,0.033519,-9.392453,-0.011991,0.015455,-0.023182
1704882582,4843859,0.038307,0.057461,-9.464279,-0.014655,0.014655,-0.021317
1704882582,4843893,0.098162,0.016759,-9.399636,-0.014389,0.016254,-0.022116
1704882582,4843930,0.023942,0.016759,-9.425972,-0.015988,0.015721,-0.019185
1704882582,4843964,0.059855,0.057461,-9.449914,-0.014123,0.016521,-0.021583
1704882582,4843998,0.035913,0.014365,-9.512163,-0.013590,0.015988,-0.021850
1704882582,4844032,0.045490,0.059855,-9.550470,-0.011191,0.018386,-0.023449
1704882582,4844066,0.050278,0.055067,-9.478644,-0.009326,0.021583,-0.021317
1704882582,4844101,0.007183,0.011971,-9.464279,-0.014123,0.018652,-0.019185
1704882582,4844135,0.117316,0.028730,-9.488221,-0.014123,0.017054,-0.020251
1704882582,4844171,0.047884,0.076614,-9.414001,-0.012524,0.018386,-0.020251
1704882582,4844206,0.050278,0.016759,-9.526528,-0.016254,0.018119,-0.022916
1704882582,4844240,0.023942,0.028730,-9.461885,-0.012257,0.018119,-0.021051
1704882582,4844274,0.002394,0.002394,-9.394848,-0.015988,0.015455,-0.021051
1704882582,4844308,0.016759,0.028730,-9.516952,-0.014655,0.018119,-0.022916
1704882582,4844342,0.023942,-0.021548,-9.433155,-0.012257,0.020784,-0.021850
1704882582,4844376,0.050278,0.035913,-9.454702,-0.012790,0.018919,-0.022116
1704882582,4844413,0.031125,0.023942,-9.497798,-0.013856,0.020251,-0.022649
1704882582,4844447,0.023942,0.031125,-9.521740,-0.015188,0.015721,-0.022649
1704882582,4844482,0.095768,0.035913,-9.394848,-0.012257,0.014922,-0.020251
1704882583,4844516,0.069432,0.050278,-9.581595,-0.013057,0.018919,-0.025314
1704882583,4844550,0.062249,0.021548,-9.555259,-0.014655,0.018386,-0.024248
1704882583,4844584,0.033519,0.014365,-9.473856,-0.015721,0.018919,-0.022116
1704882583,4844618,0.040701,-0.023942,-9.557653,-0.014655,0.019185,-0.022116
1704882583,4844655,0.067038,0.038307,-9.447520,-0.013856,0.018386,-0.024515
1704882583,4844689,0.088585,0.114922,-9.425972,-0.014123,0.015988,-0.020518
1704882583,4844723,0.074220,0.047884,-9.497798,-0.015455,0.014655,-0.020251
1704882583,4844757,0.019154,-0.007183,-9.464279,-0.011458,0.018386,-0.023715
1704882583,4844792,0.033519,0.045490,-9.416395,-0.009593,0.016787,-0.024781
1704882583,4844826,0.019154,-0.004788,-9.507375,-0.015721,0.016787,-0.023715
1704882583,4844862,0.035913,0.000000,-9.495404,-0.011991,0.018119,-0.025047
1704882583,4844897,0.023942,0.016759,-9.483433,-0.014922,0.018919,-0.022916
1704882583,4844931,0.076614,0.016759,-9.493010,-0.011458,0.016521,-0.022116
1704882583,4844965,0.004788,0.033519,-9.435549,-0.014123,0.018919,-0.019452
1704882583,4844999,0.117316,-0.016759,-9.483433,-0.013856,0.019718,-0.020251
1704882583,4845033,0.067038,0.014365,-9.476251,-0.013590,0.015188,-0.021317
1704882583,4845067,0.031125,0.004788,-9.435549,-0.011991,0.018919,-0.019985
1704882583,4845104,0.023942,0.035913,-9.428367,-0.015188,0.017054,-0.022916
1704882583,4845138,0.023942,-0.035913,-9.507375,-0.011458,0.020518,-0.023449
1704882583,4845172,0.035913,0.021548,-9.416395,-0.013856,0.014922,-0.023715
1704882583,4845206,-0.043096,0.019154,-9.478644,-0.013590,0.015988,-0.022383
1704882583,4845241,0.014365,0.040701,-9.406818,-0.012790,0.015721,-0.021051
1704882583,4845275,0.045490,-0.035913,-9.481039,-0.012524,0.015721,-0.019452
1704882583,4845309,0.055067,-0.040701,-9.509769,-0.014389,0.017320,-0.020518
1704882583,4845353,0.016759,0.069432,-9.423578,-0.015188,0.017320,-0.023715
1704882583,4845388,0.059855,0.021548,-9.370906,-0.014922,0.017587,-0.021850
1704882583,4845422,0.000000,-0.019154,-9.437943,-0.011991,0.018386,-0.021850
1704882583,4845456,0.045490,0.050278,-9.428367,-0.013057,0.018652,-0.021051
1704882583,4845490,0.014365,-0.050278,-9.445126,-0.013057,0.014655,-0.021317
1704882584,4845523,0.069432,-0.009577,-9.421184,-0.012790,0.015188,-0.022116
1704882584,4845560,0.035913,0.031125,-9.428367,-0.013057,0.021317,-0.022116
1704882584,4845593,0.047884,0.045490,-9.466674,-0.014123,0.016787,-0.019718
1704882584,4845627,0.045490,-0.035913,-9.399636,-0.017320,0.021583,-0.020251
1704882584,4845661,0.079009,0.045490,-9.485827,-0.014123,0.018652,-0.021051
1704882584,4845695,0.033519,-0.009577,-9.447520,-0.011191,0.015188,-0.023449
1704882584,4845729,0.009577,0.043096,-9.440337,-0.013856,0.016254,-0.022383
1704882584,4845763,0.019154,0.035913,-9.490616,-0.014389,0.019185,-0.023982
1704882584,4845799,0.064643,-0.002394,-9.560047,-0.016521,0.017853,-0.021850
1704882584,4845833,0.028730,-0.007183,-9.576807,-0.015188,0.018386,-0.024781
1704882584,4845867,0.057461,0.019154,-9.461885,-0.012790,0.020251,-0.022916
1704882584,4845901,0.043096,0.081403,-9.490616,-0.015721,0.020251,-0.019985
1704882584,4845935,0.040701,0.002394,-9.509769,-0.013856,0.019185,-0.024248
1704882584,4845969,-0.011971,0.016759,-9.442732,-0.014655,0.017320,-0.021850
1704882584,4846003,0.040701,0.059855,-9.416395,-0.011991,0.015988,-0.019185
1704882584,4846039,0.040701,0.009577,-9.406818,-0.013590,0.018919,-0.024781
1704882584,4846073,0.047884,0.028730,-9.478644,-0.014655,0.015721,-0.019452
1704882584,4846107,0.038307,0.023942,-9.524135,-0.014655,0.019185,-0.023449
1704882584,4846141,0.014365,0.038307,-9.493010,-0.014922,0.015988,-0.020784
1704882584,4846175,0.062249,-0.011971,-9.469068,-0.013323,0.018386,-0.021583
1704882584,4846208,0.009577,0.007183,-9.512163,-0.016521,0.016787,-0.023715
1704882584,4846242,0.067038,0.059855,-9.414001,-0.017054,0.013856,-0.017853
1704882584,4846278,-0.007183,0.047884,-9.469068,-0.012790,0.017853,-0.022383
1704882584,4846312,0.011971,0.004788,-9.428367,-0.011991,0.016254,-0.021317
1704882584,4846346,0.069432,0.081403,-9.368511,-0.013590,0.018119,-0.020251
1704882584,4846380,0.023942,0.009577,-9.490616,-0.010126,0.019452,-0.021583
1704882584,4846414,0.045490,0.002394,-9.567230,-0.015721,0.013590,-0.021317
1704882584,4846448,0.031125,0.026336,-9.380483,-0.015455,0.020518,-0.019718
1704882584,4846484,0.040701,0.076614,-9.397242,-0.014922,0.017054,-0.020784
1704882585,4846518,0.038307,0.074220,-9.461885,-0.015721,0.018119,-0.019985
1704882585,4846552,0.004788,0.023942,-9.452309,-0.012790,0.018119,-0.023715
1704882585,4846586,0.069432,0.081403,-9.536105,-0.016254,0.017853,-0.019985
1704882585,4846620,0.038307,0.035913,-9.466674,-0.014655,0.019185,-0.019985
1704882585,4846654,0.009577,-0.016759,-9.423578,-0.012790,0.019718,-0.019985
1704882585,4846687,0.057461,0.028730,-9.533711,-0.014389,0.014922,-0.021317
1704882585,4846724,0.028730,0.038307,-9.454702,-0.013323,0.018386,-0.023182
1704882585,4846758,0.023942,0.009577,-9.548077,-0.015721,0.017320,-0.022649
1704882585,4846791,0.043096,0.002394,-9.500193,-0.015455,0.020518,-0.023449
1704882585,4846825,0.038307,-0.009577,-9.416395,-0.014922,0.017853,-0.022649
1704882585,4846859,0.028730,0.059855,-9.437943,-0.012524,0.014655,-0.021850
1704882585,4846893,-0.028730,0.031125,-9.423578,-0.014922,0.018119,-0.019985
1704882585,4846927,0.016759,0.016759,-9.481039,-0.015988,0.014922,-0.023449
1704882585,4846963,0.074220,0.035913,-9.478644,-0.015455,0.018652,-0.026113
1704882585,4846997,0.114922,0.069432,-9.423578,-0.013856,0.017587,-0.019185
1704882585,4847031,0.047884,0.033519,-9.500193,-0.012257,0.017320,-0.019985
1704882585,4847065,0.045490,-0.014365,-9.411607,-0.011991,0.015988,-0.023715
1704882585,4847098,0.064643,0.007183,-9.483433,-0.014389,0.017853,-0.022116
1704882585,4847132,0.098162,0.007183,-9.449914,-0.012524,0.015455,-0.023449
1704882585,4847168,0.069432,0.040701,-9.466674,-0.014655,0.018652,-0.021317
1704882585,4847203,0.067038,0.000000,-9.356541,-0.014389,0.013590,-0.022649
1704882585,4847237,0.040701,0.047884,-9.445126,-0.014655,0.016254,-0.019985
1704882585,4847271,0.052672,0.043096,-9.404425,-0.013323,0.019185,-0.021850
1704882585,4847305,0.076614,0.071826,-9.504981,-0.015721,0.017853,-0.021583
1704882585,4847339,0.002394,0.028730,-9.445126,-0.014655,0.013856,-0.022916
1704882585,4847373,0.045490,0.052672,-9.481039,-0.008793,0.019185,-0.023449
1704882585,4847410,0.019154,0.000000,-9.545682,-0.013856,0.020518,-0.020518
1704882585,4847444,0.050278,0.007183,-9.435549,-0.012257,0.018919,-0.022649
1704882585,4847478,0.038307,-0.026336,-9.500193,-0.014123,0.017853,-0.024248
1704882586,4847512,0.112527,0.011971,-9.476251,-0.013856,0.021051,-0.021850
1704882586,4847546,-0.028730,-0.014365,-9.471462,-0.014922,0.018652,-0.021583
1704882586,4847581,0.038307,0.055067,-9.445126,-0.013856,0.018919,-0.024248
1704882586,4847615,0.059855,-0.019154,-9.435549,-0.012524,0.018652,-0.021583
1704882586,4847651,0.055067,0.011971,-9.385271,-0.011458,0.015988,-0.022383
1704882586,4847686,0.004788,0.052672,-9.509769,-0.011191,0.019985,-0.023715
1704882586,4847720,0.011971,0.002394,-9.507375,-0.017054,0.019452,-0.023982
1704882586,4847754,-0.016759,0.011971,-9.442732,-0.012524,0.015721,-0.021583
1704882586,4847788,0.019154,-0.035913,-9.428367,-0.011724,0.018652,-0.020784
1704882586,4847822,0.043096,0.011971,-9.471462,-0.012524,0.017853,-0.025047
1704882586,4847856,0.059855,0.002394,-9.583989,-0.013057,0.018119,-0.021850
1704882586,4847893,0.067038,0.043096,-9.528923,-0.014389,0.018119,-0.023449
1704882586,4847927,0.095768,0.021548,-9.540894,-0.013057,0.015188,-0.023715
1704882586,4847961,0.031125,0.050278,-9.550470,-0.011991,0.021317,-0.023715
1704882586,4847996,0.059855,0.038307,-9.485827,-0.012524,0.017587,-0.024781
1704882586,4848030,0.067038,0.026336,-9.457097,-0.010658,0.015988,-0.022649
1704882586,4848064,0.076614,0.079009,-9.478644,-0.012257,0.021317,-0.022383
1704882586,4848101,0.011971,0.023942,-9.414001,-0.012257,0.015455,-0.022383
1704882586,4848135,0.052672,0.000000,-9.490616,-0.013856,0.013590,-0.020518
1704882586,4848169,0.019154,0.016759,-9.459491,-0.011724,0.019452,-0.022383
1704882586,4848203,0.083797,0.057461,-9.452309,-0.010392,0.015455,-0.021850
1704882586,4848237,0.169988,-0.011971,-9.536105,-0.012524,0.019985,-0.021051
1704882586,4848271,0.047884,0.055067,-9.430760,-0.011191,0.014655,-0.022916
1704882586,4848306,0.069432,0.021548,-9.488221,-0.013323,0.017853,-0.020518
1704882586,4848342,0.057461,0.016759,-9.466674,-0.015455,0.017320,-0.023982
1704882586,4848376,0.071826,0.052672,-9.469068,-0.015188,0.017054,-0.023715
1704882586,4848411,0.031125,0.011971,-9.466674,-0.013323,0.017853,-0.023449
1704882586,4848445,0.004788,0.002394,-9.380483,-0.014389,0.013856,-0.022116
1704882586,4848479,0.038307,-0.004788,-9.466674,-0.013856,0.020518,-0.020251
1704882587,4848513,0.035913,0.064643,-9.488221,-0.015721,0.017853,-0.021317
1704882587,4848547,0.045490,-0.038307,-9.507375,-0.015188,0.016521,-0.019718
1704882587,4848584,0.105345,0.074220,-9.512163,-0.012524,0.019452,-0.022383
1704882587,4848618,0.047884,0.050278,-9.490616,-0.012790,0.016521,-0.018919
1704882587,4848652,0.019154,0.035913,-9.567230,-0.012790,0.018386,-0.018119
1704882587,4848687,-0.007183,0.059855,-9.452309,-0.017320,0.020518,-0.022649
1704882587,4848721,0.004788,0.038307,-9.454702,-0.013590,0.019985,-0.023715
1704882587,4848755,-0.011971,0.052672,-9.454702,-0.011458,0.017587,-0.022649
1704882587,4848789,-0.057461,0.026336,-9.387665,-0.014123,0.017320,-0.022916
1704882587,4848822,0.090980,-0.004788,-9.421184,-0.014922,0.019452,-0.015988
1704882587,4848856,0.019154,0.021548,-9.440337,-0.015988,0.016787,-0.023982
1704882587,4848890,0.043096,0.067038,-9.509769,-0.013856,0.018119,-0.023182
1704882587,4848924,-0.002394,0.035913,-9.464279,-0.011458,0.016521,-0.025847
1704882587,4848958,0.100556,0.000000,-9.557653,-0.012790,0.017320,-0.022383
1704882587,4848992,-0.028730,0.019154,-9.361329,-0.011458,0.014655,-0.022116
1704882587,4849037,0.052672,0.052672,-9.385271,-0.010658,0.019985,-0.023982
1704882587,4849071,0.026336,-0.009577,-9.476251,-0.011724,0.015188,-0.023715
1704882587,4849105,-0.014365,0.038307,-9.461885,-0.014389,0.013323,-0.021317
1704882587,4849139,0.074220,0.007183,-9.466674,-0.012257,0.015988,-0.019718
1704882587,4849173,0.014365,0.028730,-9.423578,-0.016521,0.020784,-0.020251
1704882587,4849207,-0.057461,0.000000,-9.497798,-0.016787,0.017587,-0.020518
1704882587,4849241,0.079009,-0.002394,-9.526528,-0.012524,0.017853,-0.022916
1704882587,4849277,0.050278,0.016759,-9.504981,-0.014655,0.016521,-0.022383
1704882587,4849311,0.002394,-0.035913,-9.548077,-0.012524,0.019985,-0.022116
1704882587,4849344,0.040701,0.011971,-9.370906,-0.014655,0.017054,-0.019718
1704882587,4849378,0.033519,-0.009577,-9.507375,-0.012524,0.018386,-0.022916
1704882587,4849412,0.031125,0.079009,-9.437943,-0.012524,0.018119,-0.024781
1704882587,4849446,0.000000,-0.090980,-9.502586,-0.013057,0.016521,-0.021317
1704882587,4849480,0.026336,0.045490,-9.512163,-0.011191,0.017320,-0.021317
1704882588,4849516,0.079009,0.031125,-9.397242,-0.012524,0.014655,-0.020251
1704882588,4849550,0.055067,0.007183,-9.526528,-0.013057,0.015455,-0.021850
1704882588,4849584,0.055067,0.043096,-9.402030,-0.015988,0.017054,-0.025580
1704882588,4849618,0.023942,0.045490,-9.466674,-0.014123,0.019452,-0.021583
1704882588,4849652,0.119710,0.007183,-9.457097,-0.013590,0.019185,-0.022649
1704882588,4849686,0.031125,-0.031125,-9.442732,-0.013057,0.019985,-0.022383
1704882588,4849722,-0.002394,0.040701,-9.409213,-0.016787,0.017853,-0.018919
1704882588,4849756,0.050278,0.062249,-9.449914,-0.013323,0.017320,-0.020518
1704882588,4849790,0.019154,0.033519,-9.495404,-0.010392,0.019718,-0.020518
1704882588,4849824,0.009577,0.011971,-9.516952,-0.015188,0.017853,-0.022383
1704882588,4849857,0.093374,-0.009577,-9.354146,-0.014389,0.015455,-0.022116
1704882588,4849891,0.088585,0.028730,-9.399636,-0.013590,0.019452,-0.020251
1704882588,4849925,0.064643,0.043096,-9.500193,-0.012257,0.018386,-0.019985
1704882588,4849961,0.007183,0.021548,-9.421184,-0.014655,0.017587,-0.022916
1704882588,4849995,0.045490,0.045490,-9.593566,-0.012257,0.020784,-0.022649
1704882588,4850029,0.033519,0.031125,-9.346964,-0.015455,0.015988,-0.021317
1704882588,4850063,-0.014365,0.043096,-9.449914,-0.014389,0.016521,-0.023715
1704882588,4850097,0.043096,-0.004788,-9.433155,-0.014922,0.018919,-0.023715
1704882588,4850131,0.074220,0.035913,-9.476251,-0.014922,0.018652,-0.023182
1704882588,4850165,0.064643,0.014365,-9.409213,-0.015988,0.019985,-0.020518
1704882588,4850201,0.047884,0.031125,-9.493010,-0.013590,0.017587,-0.021583
1704882588,4850235,0.052672,0.031125,-9.504981,-0.016254,0.014389,-0.023182
1704882588,4850269,0.011971,0.014365,-9.433155,-0.013323,0.021051,-0.020251
1704882588,4850302,0.086191,0.021548,-9.488221,-0.012257,0.017853,-0.021583
1704882588,4850336,0.055067,0.023942,-9.485827,-0.014389,0.016787,-0.024515
1704882588,4850370,0.083797,0.031125,-9.519346,-0.013323,0.016521,-0.021317
1704882588,4850407,0.023942,0.043096,-9.581595,-0.013856,0.017853,-0.022116
1704882588,4850440,0.038307,0.002394,-9.485827,-0.014922,0.018386,-0.020251
1704882588,4850474,0.064643,0.038307,-9.435549,-0.011191,0.016254,-0.022383
1704882588,4850508,0.074220,-0.045490,-9.471462,-0.011724,0.014123,-0.021051
1704882589,4850542,0.062249,0.011971,-9.483433,-0.014655,0.014655,-0.017320
1704882589,4850576,-0.004788,0.050278,-9.483433,-0.013057,0.022649,-0.026113
1704882589,4850610,0.016759,0.079009,-9.516952,-0.014922,0.019985,-0.025314
1704882589,4850646,0.038307,-0.023942,-9.447520,-0.013590,0.019985,-0.023449
1704882589,4850680,0.000000,0.004788,-9.483433,-0.015188,0.018652,-0.023982
1704882589,4850714,0.004788,0.016759,-9.423578,-0.015188,0.017587,-0.021317
1704882589,4850747,0.045490,-0.007183,-9.445126,-0.017320,0.018119,-0.022916
1704882589,4850781,0.040701,0.067038,-9.437943,-0.014389,0.018119,-0.021850
1704882589,4850815,0.014365,-0.090980,-9.449914,-0.014389,0.018652,-0.022116
1704882589,4850849,0.050278,0.009577,-9.533711,-0.015455,0.015188,-0.024515
1704882589,4850885,0.021548,0.009577,-9.435549,-0.013590,0.018652,-0.021051
1704882589,4850919,0.014365,0.038307,-9.358934,-0.013323,0.018386,-0.022383
1704882589,4850953,0.031125,-0.021548,-9.512163,-0.014655,0.019985,-0.023715
1704882589,4850988,0.050278,0.019154,-9.531317,-0.015455,0.025047,-0.023982
1704882589,4851022,0.086191,0.031125,-9.569624,-0.013590,0.016787,-0.023182
1704882589,4851056,0.069432,-0.052672,-9.411607,-0.012524,0.022116,-0.019985
1704882589,4851090,-0.007183,0.064643,-9.445126,-0.015988,0.016521,-0.022383
1704882589,4851127,0.050278,0.002394,-9.471462,-0.013057,0.018119,-0.022383
1704882589,4851161,0.002394,0.045490,-9.442732,-0.011724,0.019452,-0.024248
1704882589,4851195,-0.009577,0.045490,-9.495404,-0.012257,0.019452,-0.024781
1704882589,4851229,0.045490,0.064643,-9.497798,-0.011991,0.018386,-0.018652
1704882589,4851263,0.043096,-0.045490,-9.464279,-0.014123,0.018919,-0.023182
1704882589,4851297,0.031125,0.040701,-9.433155,-0.012257,0.018119,-0.021583
1704882589,4851334,0.043096,0.064643,-9.567230,-0.015188,0.019718,-0.022649
1704882589,4851368,0.040701,0.033519,-9.488221,-0.014123,0.015188,-0.022383
1704882589,4851403,0.074220,0.047884,-9.423578,-0.014922,0.015455,-0.021583
1704882589,4851437,0.026336,0.011971,-9.368511,-0.013590,0.014389,-0.024781
1704882589,4851471,0.083797,-0.026336,-9.562442,-0.013856,0.020784,-0.019718
1704882589,4851505,-0.023942,0.079009,-9.461885,-0.012257,0.018652,-0.024515
1704882590,4851539,-0.028730,-0.011971,-9.471462,-0.014655,0.015988,-0.021583
1704882590,4851576,-0.014365,-0.004788,-9.555259,-0.016254,0.017853,-0.021051
1704882590,4851610,0.069432,0.062249,-9.485827,-0.014123,0.019185,-0.024248
1704882590,4851645,0.043096,-0.050278,-9.502586,-0.014655,0.011191,-0.020518
1704882590,4851679,0.021548,0.040701,-9.459491,-0.012790,0.021850,-0.022916
1704882590,4851713,0.033519,0.023942,-9.459491,-0.014389,0.016521,-0.022649
1704882590,4851747,0.014365,0.033519,-9.504981,-0.013590,0.016521,-0.022116
1704882590,4851781,0.047884,0.052672,-9.476251,-0.012257,0.018652,-0.023449
1704882590,4851818,0.019154,0.023942,-9.459491,-0.014389,0.019185,-0.024515
1704882590,4851852,0.011971,-0.014365,-9.497798,-0.014655,0.014389,-0.021317
1704882590,4851887,0.038307,0.016759,-9.481039,-0.012790,0.017054,-0.019718
1704882590,4851921,0.000000,-0.033519,-9.507375,-0.014655,0.019185,-0.024515
1704882590,4851955,0.038307,0.002394,-9.461885,-0.012257,0.015455,-0.022916
1704882590,4851989,0.047884,0.002394,-9.459491,-0.013856,0.017853,-0.024248
1704882590,4852026,0.014365,0.033519,-9.421184,-0.014655,0.017054,-0.022116
1704882590,4852060,0.055067,0.011971,-9.516952,-0.012257,0.017320,-0.022116
1704882590,4852094,0.067038,-0.031125,-9.466674,-0.012257,0.017853,-0.022383
1704882590,4852128,0.086191,0.004788,-9.447520,-0.012257,0.018652,-0.021317
1704882590,4852162,0.088585,0.043096,-9.466674,-0.011724,0.017054,-0.021051
1704882590,4852196,0.067038,-0.004788,-9.406818,-0.015188,0.016787,-0.023449
1704882590,4852231,0.011971,-0.028730,-9.574412,-0.013590,0.017054,-0.021317
1704882590,4852267,-0.007183,0.076614,-9.488221,-0.011458,0.019185,-0.021850
1704882590,4852301,0.086191,0.035913,-9.481039,-0.013057,0.016787,-0.023715
1704882590,4852335,0.023942,0.038307,-9.497798,-0.013856,0.018119,-0.022916
1704882590,4852370,0.035913,-0.016759,-9.440337,-0.012524,0.014922,-0.023715
1704882590,4852404,0.043096,0.019154,-9.555259,-0.013590,0.018386,-0.023182
1704882590,4852438,0.129287,0.026336,-9.351752,-0.015455,0.016787,-0.021051
1704882590,4852472,0.028730,-0.009577,-9.485827,-0.013590,0.014655,-0.021583
1704882591,4852509,0.062249,-0.004788,-9.411607,-0.012790,0.016787,-0.023449
1704882591,4852543,0.136469,0.067038,-9.433155,-0.014655,0.017587,-0.023182
1704882591,4852577,0.021548,0.026336,-9.385271,-0.014389,0.019718,-0.021051
1704882591,4852611,0.016759,0.031125,-9.481039,-0.014922,0.015988,-0.023715
1704882591,4852645,0.067038,0.011971,-9.370906,-0.015988,0.017587,-0.023449
1704882591,4852679,0.057461,0.047884,-9.538500,-0.014389,0.022383,-0.022116
1704882591,4852723,0.028730,-0.019154,-9.392453,-0.012257,0.018386,-0.019718
1704882591,4852758,0.052672,0.050278,-9.504981,-0.011724,0.021051,-0.022383
1704882591,4852792,0.129287,0.014365,-9.481039,-0.010392,0.017054,-0.024515
1704882591,4852826,0.011971,0.052672,-9.497798,-0.014123,0.019452,-0.019985
1704882591,4852860,0.057461,0.014365,-9.423578,-0.010658,0.022649,-0.021317
1704882591,4852894,-0.038307,0.074220,-9.461885,-0.011724,0.017587,-0.022383
1704882591,4852927,0.086191,0.028730,-9.488221,-0.014389,0.017054,-0.021051
1704882591,4852964,0.016759,0.021548,-9.526528,-0.013856,0.014123,-0.021317
1704882591,4852997,0.019154,0.004788,-9.404425,-0.015188,0.017587,-0.024248
1704882591,4853031,0.038307,0.007183,-9.425972,-0.014922,0.017320,-0.022649
1704882591,4853065,0.038307,0.004788,-9.457097,-0.010392,0.014655,-0.022116
1704882591,4853099,0.014365,0.019154,-9.433155,-0.012790,0.017320,-0.022116
1704882591,4853133,0.033519,0.028730,-9.454702,-0.010392,0.014655,-0.020518
1704882591,4853167,0.045490,0.043096,-9.385271,-0.012790,0.015455,-0.019985
1704882591,4853203,0.004788,-0.004788,-9.433155,-0.012257,0.018386,-0.022649
1704882591,4853237,0.031125,0.074220,-9.449914,-0.014922,0.013856,-0.021850
1704882591,4853271,0.062249,0.057461,-9.495404,-0.012257,0.017587,-0.020784
1704882591,4853305,0.064643,-0.007183,-9.538500,-0.014922,0.021051,-0.022383
1704882591,4853339,0.019154,0.076614,-9.442732,-0.012790,0.017320,-0.018119
1704882591,4853372,0.031125,0.031125,-9.442732,-0.013057,0.018652,-0.023182
1704882591,4853406,0.055067,0.043096,-9.552865,-0.014922,0.015721,-0.021850
1704882591,4853443,0.028730,0.057461,-9.512163,-0.015455,0.012790,-0.023449
1704882591,4853476,0.007183,0.000000,-9.387665,-0.011724,0.017587,-0.019985
