timestamp,millis,AccX.AccY,AccZ,GyroX,GyroY,GyroZ
1704877790,51500,0.076614,0.026336,-9.392453,-0.013590,0.017054,-0.020251
1704877790,51515,0.019154,0.050278,-9.356541,-0.013856,0.013323,-0.022383
1704877790,51530,0.064643,0.028730,-9.361329,-0.011458,0.018919,-0.021850
1704877790,51545,0.023942,0.064643,-9.339781,-0.011991,0.019985,-0.020784
1704877790,51559,0.093374,-0.019154,-9.404425,-0.012257,0.018919,-0.021317
1704877790,51574,0.098162,0.093374,-9.380483,-0.012524,0.018119,-0.021317
1704877790,51591,0.031125,0.014365,-9.478644,-0.012790,0.019718,-0.024248
1704877790,51606,0.059855,0.007183,-9.358934,-0.014655,0.016254,-0.022383
1704877790,51621,0.076614,0.071826,-9.368511,-0.015188,0.018119,-0.019718
1704877790,51636,0.057461,0.000000,-9.406818,-0.011991,0.019452,-0.021317
1704877790,51651,0.076614,0.002394,-9.433155,-0.014655,0.017587,-0.025314
1704877790,51665,0.016759,0.040701,-9.428367,-0.011724,0.017320,-0.022383
1704877790,51680,0.067038,0.023942,-9.435549,-0.013856,0.016787,-0.022916
1704877790,51697,0.045490,0.052672,-9.342175,-0.012257,0.015988,-0.021850
1704877790,51712,0.050278,0.002394,-9.375694,-0.016521,0.018119,-0.019718
1704877790,51727,0.052672,0.105345,-9.385271,-0.012257,0.019985,-0.022916
1704877790,51742,0.019154,0.093374,-9.356541,-0.014655,0.015721,-0.023715
1704877790,51756,0.062249,0.026336,-9.361329,-0.012257,0.018119,-0.022383
1704877790,51771,-0.019154,0.040701,-9.430760,-0.012257,0.019718,-0.021583
1704877790,51786,-0.031125,0.019154,-9.425972,-0.012524,0.014655,-0.021850
1704877790,51803,0.062249,-0.009577,-9.342175,-0.015188,0.018386,-0.022916
1704877790,51818,0.045490,0.057461,-9.461885,-0.012790,0.019985,-0.021051
1704877790,51833,0.035913,0.002394,-9.342175,-0.010392,0.020784,-0.021317
1704877790,51848,-0.016759,-0.007183,-9.344569,-0.013590,0.017054,-0.022916
1704877790,51862,0.076614,0.050278,-9.282320,-0.013323,0.018652,-0.021051
1704877790,51877,0.090980,0.052672,-9.368511,-0.013590,0.017320,-0.026380
1704877790,51894,0.026336,0.043096,-9.287108,-0.015188,0.018386,-0.025047
1704877790,51909,0.086191,0.040701,-9.409213,-0.012790,0.018652,-0.024515
1704877790,51924,0.028730,0.014365,-9.421184,-0.014922,0.016787,-0.023982
1704877790,51939,0.031125,-0.016759,-9.370906,-0.013590,0.016787,-0.021317
1704877790,51954,0.004788,0.021548,-9.428367,-0.011991,0.018386,-0.020518
1704877790,51968,0.040701,0.009577,-9.363723,-0.012257,0.020518,-0.021850
1704877790,51983,0.031125,0.067038,-9.308656,-0.013323,0.017587,-0.022116
1704877790,52000,0.023942,0.000000,-9.346964,-0.011724,0.022916,-0.023182
1704877790,52015,0.007183,0.067038,-9.327810,-0.012524,0.016254,-0.019185
1704877790,52030,0.016759,0.002394,-9.397242,-0.014389,0.018919,-0.021317
1704877790,52045,-0.007183,0.031125,-9.469068,-0.014389,0.019718,-0.020784
1704877790,52059,0.023942,0.011971,-9.461885,-0.011724,0.019185,-0.021583
1704877790,52074,0.064643,0.009577,-9.390059,-0.013590,0.018652,-0.019718
1704877790,52089,0.045490,0.014365,-9.373300,-0.013323,0.017320,-0.021317
1704877790,52106,0.000000,-0.002394,-9.378088,-0.013856,0.019985,-0.019985
1704877790,52121,0.059855,-0.002394,-9.430760,-0.013323,0.018652,-0.021051
1704877790,52136,0.031125,-0.011971,-9.442732,-0.014922,0.018119,-0.019185
1704877790,52151,0.086191,-0.045490,-9.380483,-0.009593,0.017587,-0.021317
1704877790,52166,0.059855,-0.035913,-9.380483,-0.012257,0.018652,-0.022383
1704877790,52181,0.057461,0.009577,-9.366117,-0.010658,0.020784,-0.019452
1704877790,52196,0.007183,0.079009,-9.378088,-0.012790,0.019718,-0.020518
1704877790,52213,0.074220,0.014365,-9.425972,-0.012257,0.017587,-0.022649
1704877790,52229,0.011971,0.016759,-9.411607,-0.015455,0.018652,-0.021051
1704877790,52244,0.000000,0.052672,-9.378088,-0.013323,0.019452,-0.023715
1704877790,52259,-0.014365,0.040701,-9.339781,-0.012257,0.014389,-0.022116
1704877790,52274,0.026336,0.059855,-9.363723,-0.014123,0.018386,-0.020518
1704877790,52289,-0.002394,0.031125,-9.370906,-0.013590,0.018386,-0.019985
1704877790,52304,0.026336,-0.002394,-9.287108,-0.013856,0.016787,-0.024781
1704877790,52322,0.016759,0.002394,-9.440337,-0.011991,0.021583,-0.022116
1704877790,52337,0.016759,0.088585,-9.375694,-0.012524,0.017320,-0.022383
1704877790,52352,-0.007183,0.083797,-9.320627,-0.011724,0.018386,-0.019452
1704877790,52367,0.088585,-0.009577,-9.363723,-0.014389,0.019718,-0.021051
1704877790,52382,0.064643,0.074220,-9.382876,-0.015188,0.018919,-0.020518
1704877790,52397,0.014365,0.043096,-9.334992,-0.012257,0.016254,-0.023449
1704877790,52412,0.047884,0.002394,-9.260772,-0.010392,0.019185,-0.022649
1704877790,52430,-0.016759,0.028730,-9.454702,-0.012257,0.020784,-0.021317
1704877790,52445,0.052672,0.016759,-9.435549,-0.013323,0.015988,-0.019452
1704877790,52460,-0.035913,0.016759,-9.349358,-0.012524,0.018386,-0.019718
1704877790,52475,0.050278,0.021548,-9.308656,-0.014922,0.015188,-0.018119
1704877791,52490,0.047884,0.014365,-9.366117,-0.011991,0.017587,-0.021583
1704877791,52506,0.011971,-0.016759,-9.344569,-0.013590,0.015455,-0.022383
1704877791,52521,0.038307,0.064643,-9.363723,-0.011724,0.019985,-0.021317
1704877791,52538,0.074220,0.052672,-9.411607,-0.011724,0.018386,-0.022383
1704877791,52553,0.004788,0.026336,-9.423578,-0.010392,0.021583,-0.022116
1704877791,52568,0.052672,0.038307,-9.349358,-0.014389,0.021317,-0.021317
1704877791,52584,0.023942,0.047884,-9.435549,-0.011458,0.015455,-0.023715
1704877791,52599,0.057461,0.110133,-9.323022,-0.013856,0.018652,-0.020251
1704877791,52614,0.000000,-0.016759,-9.406818,-0.013057,0.017320,-0.021051
1704877791,52629,-0.021548,0.050278,-9.425972,-0.012790,0.016521,-0.022116
1704877791,52647,0.021548,0.004788,-9.437943,-0.013057,0.016254,-0.021051
1704877791,52662,0.076614,0.009577,-9.301474,-0.015188,0.018119,-0.019718
1704877791,52677,0.004788,0.081403,-9.236830,-0.012524,0.019452,-0.020784
1704877791,52692,0.031125,0.062249,-9.354146,-0.012790,0.019985,-0.018919
1704877791,52707,0.057461,0.069432,-9.411607,-0.013590,0.019985,-0.021317
1704877791,52722,0.021548,0.014365,-9.349358,-0.011991,0.018919,-0.023715
1704877791,52737,-0.011971,-0.011971,-9.354146,-0.011991,0.014655,-0.021850
1704877791,52755,-0.007183,-0.016759,-9.363723,-0.012790,0.016787,-0.021583
1704877791,52770,0.052672,0.000000,-9.370906,-0.014922,0.020518,-0.022916
1704877791,52785,0.019154,0.031125,-9.416395,-0.014123,0.018386,-0.019185
1704877791,52800,0.074220,0.028730,-9.354146,-0.013590,0.018652,-0.025314
1704877791,52815,0.050278,0.064643,-9.349358,-0.015188,0.020784,-0.023715
1704877791,52830,0.057461,0.023942,-9.339781,-0.013323,0.017587,-0.020784
1704877791,52848,0.083797,0.081403,-9.279925,-0.013856,0.016787,-0.023182
1704877791,52863,0.043096,0.052672,-9.430760,-0.013323,0.018386,-0.021850
1704877791,52878,0.019154,0.052672,-9.411607,-0.011724,0.017587,-0.021051
1704877791,52893,0.052672,0.062249,-9.445126,-0.015721,0.019985,-0.019985
1704877791,52908,0.033519,0.035913,-9.428367,-0.014123,0.018652,-0.022649
1704877791,52923,0.055067,0.035913,-9.433155,-0.011991,0.015455,-0.020251
1704877791,52938,0.040701,0.014365,-9.416395,-0.013590,0.015721,-0.021583
1704877791,52963,0.028730,0.009577,-9.402030,-0.011458,0.014655,-0.022383
1704877791,52978,-0.014365,0.067038,-9.449914,-0.013323,0.021583,-0.023449
1704877791,52993,0.014365,-0.002394,-9.380483,-0.009593,0.021317,-0.022649
1704877791,53008,0.009577,0.031125,-9.349358,-0.011991,0.016254,-0.018386
1704877791,53023,0.055067,0.059855,-9.323022,-0.014655,0.018119,-0.025314
1704877791,53037,0.074220,0.035913,-9.368511,-0.012257,0.016521,-0.020784
1704877791,53052,0.011971,0.067038,-9.387665,-0.013590,0.019185,-0.021051
1704877791,53069,0.011971,0.023942,-9.485827,-0.010658,0.017320,-0.023449
1704877791,53084,0.002394,0.074220,-9.354146,-0.011191,0.017320,-0.023449
1704877791,53099,-0.023942,0.014365,-9.368511,-0.014655,0.018652,-0.019185
1704877791,53114,0.014365,0.083797,-9.373300,-0.012257,0.018652,-0.023449
1704877791,53128,0.004788,0.011971,-9.399636,-0.011191,0.018119,-0.022649
1704877791,53143,0.067038,0.021548,-9.406818,-0.015721,0.018119,-0.022383
1704877791,53158,0.067038,0.009577,-9.399636,-0.009593,0.019185,-0.024515
1704877791,53175,0.052672,0.026336,-9.464279,-0.012524,0.017320,-0.023182
1704877791,53190,0.009577,-0.002394,-9.339781,-0.011724,0.019452,-0.021850
1704877791,53205,0.100556,0.038307,-9.349358,-0.011724,0.018119,-0.018919
1704877791,53220,0.100556,-0.004788,-9.346964,-0.010392,0.021051,-0.020251
1704877791,53234,0.035913,-0.019154,-9.306262,-0.011724,0.016521,-0.017054
1704877791,53249,0.057461,0.064643,-9.406818,-0.010658,0.019452,-0.020784
1704877791,53264,0.095768,0.009577,-9.327810,-0.013856,0.020518,-0.022383
1704877791,53281,0.021548,0.026336,-9.308656,-0.009859,0.016521,-0.022116
1704877791,53296,0.002394,0.055067,-9.375694,-0.014922,0.021317,-0.019985
1704877791,53311,0.076614,0.011971,-9.375694,-0.010658,0.020251,-0.022916
1704877791,53326,0.028730,0.009577,-9.308656,-0.015188,0.018386,-0.023982
1704877791,53340,0.045490,0.028730,-9.390059,-0.013856,0.018386,-0.022116
1704877791,53355,0.019154,-0.045490,-9.471462,-0.014922,0.017587,-0.021051
1704877791,53370,0.043096,0.023942,-9.315839,-0.013323,0.018652,-0.023182
1704877791,53387,0.019154,0.002394,-9.449914,-0.010925,0.018386,-0.022116
1704877791,53402,-0.016759,0.007183,-9.263166,-0.010392,0.018386,-0.021583
1704877791,53417,0.045490,0.014365,-9.390059,-0.015455,0.016787,-0.023715
1704877791,53432,0.055067,0.040701,-9.394848,-0.011458,0.019718,-0.021583
1704877791,53446,0.035913,0.069432,-9.330204,-0.013590,0.018386,-0.021317
1704877791,53461,0.007183,0.038307,-9.320627,-0.013856,0.018386,-0.024248
1704877791,53476,-0.007183,-0.062249,-9.425972,-0.011991,0.017853,-0.020251
1704877792,53493,0.007183,0.021548,-9.282320,-0.009593,0.016787,-0.023449
1704877792,53508,0.033519,0.023942,-9.346964,-0.014655,0.021583,-0.021317
1704877792,53523,-0.011971,0.052672,-9.358934,-0.013057,0.017054,-0.020251
1704877792,53538,-0.004788,0.050278,-9.370906,-0.014389,0.018652,-0.023182
1704877792,53552,-0.004788,0.026336,-9.421184,-0.010392,0.021317,-0.021583
1704877792,53567,0.067038,0.011971,-9.430760,-0.013323,0.016787,-0.019985
1704877792,53582,0.033519,0.023942,-9.397242,-0.011991,0.025314,-0.018919
1704877792,53599,0.045490,-0.019154,-9.473856,-0.011458,0.017320,-0.023449
1704877792,53614,0.023942,0.057461,-9.258378,-0.013590,0.017853,-0.022383
1704877792,53629,0.040701,0.004788,-9.370906,-0.012257,0.020784,-0.020518
1704877792,53643,0.002394,-0.028730,-9.512163,-0.015455,0.014389,-0.022649
1704877792,53658,0.069432,-0.028730,-9.354146,-0.011458,0.019185,-0.023449
1704877792,53673,0.050278,-0.023942,-9.375694,-0.011991,0.022916,-0.019718
1704877792,53688,-0.009577,0.007183,-9.323022,-0.014922,0.014389,-0.024248
1704877792,53705,0.011971,0.067038,-9.287108,-0.012790,0.022649,-0.022916
1704877792,53720,0.114922,-0.028730,-9.579201,-0.010392,0.018652,-0.023449
1704877792,53734,-0.026336,0.057461,-9.275137,-0.014389,0.011991,-0.021583
1704877792,53749,0.002394,0.019154,-9.251195,-0.011191,0.023182,-0.019452
1704877792,53764,0.081403,-0.074220,-9.457097,-0.012790,0.017054,-0.024248
1704877792,53779,0.000000,0.026336,-9.263166,-0.012524,0.016521,-0.021583
1704877792,53796,0.026336,-0.004788,-9.459491,-0.013323,0.022116,-0.019985
1704877792,53811,0.095768,-0.014365,-9.452309,-0.011191,0.015988,-0.017587
1704877792,53826,-0.050278,0.026336,-9.351752,-0.013856,0.019185,-0.020251
1704877792,53841,-0.050278,-0.004788,-9.375694,-0.010925,0.026380,-0.019452
1704877792,53856,0.031125,-0.019154,-9.485827,-0.013856,0.017054,-0.022649
1704877792,53871,-0.007183,0.083797,-9.358934,-0.012524,0.016521,-0.022116
1704877792,53886,0.033519,0.002394,-9.526528,-0.011458,0.021317,-0.022116
1704877792,53903,0.031125,0.014365,-9.325416,-0.012257,0.013323,-0.020518
1704877792,53918,0.016759,0.083797,-9.229648,-0.012524,0.019985,-0.022916
1704877792,53933,0.114922,-0.011971,-9.433155,-0.013590,0.019985,-0.022116
1704877792,53949,0.040701,0.016759,-9.325416,-0.010658,0.018386,-0.023715
1704877792,53964,0.016759,0.009577,-9.421184,-0.011191,0.020784,-0.019452
1704877792,53979,0.040701,0.040701,-9.323022,-0.013057,0.021051,-0.019985
1704877792,53994,0.004788,0.028730,-9.361329,-0.009326,0.021051,-0.022649
1704877792,54011,0.040701,0.002394,-9.330204,-0.013856,0.018919,-0.022383
1704877792,54026,0.064643,0.040701,-9.414001,-0.012524,0.015988,-0.022383
1704877792,54042,0.074220,-0.019154,-9.313444,-0.012790,0.015721,-0.023182
1704877792,54057,-0.007183,-0.047884,-9.447520,-0.012257,0.014123,-0.022916
1704877792,54072,0.079009,0.038307,-9.358934,-0.013057,0.018919,-0.023182
1704877792,54087,0.059855,0.016759,-9.440337,-0.011724,0.020518,-0.018919
1704877792,54102,0.031125,0.090980,-9.373300,-0.014655,0.018652,-0.019718
1704877792,54120,0.095768,-0.057461,-9.141062,-0.014389,0.020251,-0.022916
1704877792,54135,0.007183,0.026336,-9.332599,-0.013323,0.017587,-0.022916
1704877792,54150,0.038307,-0.009577,-9.246407,-0.013590,0.019185,-0.021317
1704877792,54165,-0.004788,0.028730,-9.334992,-0.008527,0.018652,-0.022116
1704877792,54180,0.038307,0.064643,-9.244013,-0.011724,0.017587,-0.020784
1704877792,54195,0.045490,0.038307,-9.402030,-0.013057,0.019718,-0.022116
1704877792,54210,0.045490,0.000000,-9.301474,-0.011191,0.019985,-0.021317
1704877792,54228,0.031125,0.052672,-9.411607,-0.011458,0.018119,-0.018652
1704877792,54243,0.153229,0.014365,-9.260772,-0.012524,0.019985,-0.018919
1704877792,54258,0.083797,-0.081403,-9.366117,-0.012524,0.019985,-0.021051
1704877792,54273,0.011971,0.014365,-9.402030,-0.012524,0.019452,-0.021850
1704877792,54288,0.052672,0.002394,-9.382876,-0.013323,0.019985,-0.022649
1704877792,54303,0.067038,0.000000,-9.445126,-0.013057,0.016787,-0.018652
1704877792,54318,0.050278,0.014365,-9.375694,-0.013856,0.014655,-0.022116
1704877792,54336,-0.009577,0.014365,-9.421184,-0.014389,0.021317,-0.023715
1704877792,54351,0.079009,-0.011971,-9.399636,-0.010925,0.019718,-0.020784
1704877792,54366,0.023942,0.031125,-9.452309,-0.009593,0.014922,-0.021051
1704877792,54381,0.033519,-0.019154,-9.349358,-0.014655,0.014389,-0.018386
1704877792,54396,0.102951,0.023942,-9.385271,-0.012790,0.020518,-0.023182
1704877792,54411,0.023942,0.023942,-9.409213,-0.011991,0.017054,-0.025847
1704877792,54426,0.000000,-0.002394,-9.442732,-0.010658,0.020784,-0.021051
1704877792,54444,0.081403,0.007183,-9.375694,-0.011724,0.017054,-0.019985
1704877792,54459,-0.004788,-0.002394,-9.390059,-0.011724,0.020251,-0.021317
1704877792,54474,0.045490,0.038307,-9.308656,-0.008527,0.015988,-0.021051
1704877793,54489,0.031125,0.057461,-9.394848,-0.013323,0.021850,-0.019718
1704877793,54504,0.000000,0.016759,-9.471462,-0.014655,0.019985,-0.019985
1704877793,54519,0.043096,-0.019154,-9.382876,-0.011991,0.017587,-0.019718
1704877793,54534,0.050278,0.009577,-9.380483,-0.011458,0.019452,-0.019985
1704877793,54552,0.047884,-0.023942,-9.296685,-0.010925,0.021051,-0.022116
1704877793,54567,0.067038,-0.033519,-9.423578,-0.013856,0.015188,-0.021850
1704877793,54582,0.014365,0.074220,-9.402030,-0.013856,0.016521,-0.022649
1704877793,54597,0.009577,0.069432,-9.414001,-0.011458,0.020518,-0.019985
1704877793,54612,0.040701,-0.047884,-9.361329,-0.009859,0.020251,-0.023715
1704877793,54627,0.047884,0.007183,-9.399636,-0.014655,0.015455,-0.021317
1704877793,54652,0.016759,-0.007183,-9.430760,-0.014922,0.017320,-0.018919
1704877793,54668,0.047884,0.081403,-9.481039,-0.012524,0.014389,-0.017587
1704877793,54682,0.076614,0.019154,-9.385271,-0.014389,0.019452,-0.024515
1704877793,54697,0.033519,0.014365,-9.421184,-0.013057,0.021317,-0.022383
1704877793,54712,0.045490,0.023942,-9.368511,-0.014655,0.015988,-0.019185
1704877793,54727,0.021548,0.009577,-9.272743,-0.014922,0.021051,-0.020251
1704877793,54741,0.045490,0.038307,-9.423578,-0.016521,0.015455,-0.022649
1704877793,54758,0.052672,-0.035913,-9.428367,-0.012524,0.017587,-0.022383
1704877793,54773,0.047884,-0.011971,-9.368511,-0.013057,0.017853,-0.022383
1704877793,54788,0.004788,0.007183,-9.390059,-0.013323,0.017587,-0.023982
1704877793,54803,0.004788,0.035913,-9.370906,-0.014123,0.020251,-0.019718
1704877793,54818,0.014365,-0.011971,-9.409213,-0.013323,0.017320,-0.024515
1704877793,54832,0.038307,0.043096,-9.361329,-0.010392,0.015988,-0.021850
1704877793,54847,0.000000,0.043096,-9.385271,-0.013057,0.019185,-0.021051
1704877793,54864,0.009577,0.067038,-9.327810,-0.013323,0.017853,-0.022916
1704877793,54879,0.062249,0.045490,-9.411607,-0.010658,0.017054,-0.023449
1704877793,54894,0.076614,0.002394,-9.392453,-0.013057,0.014389,-0.022383
1704877793,54909,0.033519,-0.023942,-9.423578,-0.013057,0.019185,-0.021850
1704877793,54924,0.040701,-0.009577,-9.358934,-0.014922,0.015721,-0.020518
1704877793,54938,0.011971,-0.011971,-9.236830,-0.015188,0.019185,-0.021583
1704877793,54953,0.035913,0.038307,-9.382876,-0.011191,0.016521,-0.023182
1704877793,54970,0.098162,0.009577,-9.435549,-0.011724,0.021583,-0.022916
1704877793,54985,0.045490,0.002394,-9.387665,-0.013590,0.019185,-0.017320
1704877793,55000,0.007183,0.035913,-9.363723,-0.011191,0.017054,-0.018919
1704877793,55015,-0.016759,0.028730,-9.275137,-0.010925,0.018652,-0.022383
1704877793,55030,0.076614,0.028730,-9.385271,-0.009593,0.017853,-0.019718
1704877793,55045,0.040701,0.035913,-9.473856,-0.012790,0.014922,-0.018652
1704877793,55059,0.004788,-0.031125,-9.270349,-0.012790,0.015455,-0.023982
1704877793,55076,0.021548,0.057461,-9.423578,-0.012524,0.016521,-0.023449
1704877793,55091,0.038307,0.002394,-9.380483,-0.013590,0.019452,-0.021850
1704877793,55106,0.038307,0.033519,-9.425972,-0.013856,0.018119,-0.022649
1704877793,55121,0.002394,0.067038,-9.402030,-0.013856,0.018386,-0.021051
1704877793,55136,-0.007183,0.009577,-9.464279,-0.013323,0.017054,-0.023182
1704877793,55151,-0.002394,0.038307,-9.442732,-0.011991,0.020251,-0.019452
1704877793,55165,0.019154,0.016759,-9.421184,-0.011191,0.017587,-0.020784
1704877793,55183,0.050278,-0.004788,-9.428367,-0.014389,0.016254,-0.019452
1704877793,55197,0.023942,0.028730,-9.375694,-0.012790,0.017054,-0.019185
1704877793,55212,0.081403,0.098162,-9.461885,-0.013590,0.020251,-0.022916
1704877793,55227,0.071826,0.047884,-9.485827,-0.010392,0.014389,-0.020251
1704877793,55242,0.047884,-0.043096,-9.334992,-0.012790,0.017853,-0.022383
1704877793,55257,0.045490,0.021548,-9.313444,-0.013323,0.018386,-0.023715
1704877793,55271,0.052672,0.050278,-9.289502,-0.010925,0.017587,-0.023182
1704877793,55289,0.064643,0.009577,-9.356541,-0.010925,0.019718,-0.024781
1704877793,55303,0.057461,0.021548,-9.423578,-0.011458,0.019452,-0.021051
1704877793,55318,0.033519,0.059855,-9.476251,-0.012257,0.019452,-0.022116
1704877793,55333,0.000000,-0.009577,-9.380483,-0.014123,0.017853,-0.022116
1704877793,55348,0.021548,-0.009577,-9.385271,-0.013590,0.016787,-0.023715
1704877793,55363,-0.031125,0.021548,-9.373300,-0.011724,0.015988,-0.021583
1704877793,55378,0.038307,-0.019154,-9.346964,-0.009859,0.018652,-0.021583
1704877793,55405,0.033519,0.035913,-9.428367,-0.012257,0.017853,-0.023182
1704877793,55420,0.112527,-0.009577,-9.363723,-0.011991,0.021317,-0.019718
1704877793,55435,0.011971,0.028730,-9.380483,-0.013856,0.017587,-0.023449
1704877793,55449,0.059855,0.062249,-9.332599,-0.013057,0.014922,-0.018652
1704877793,55464,0.050278,-0.011971,-9.332599,-0.011991,0.017320,-0.020784
1704877793,55479,0.050278,0.002394,-9.320627,-0.013057,0.018652,-0.021583
1704877794,55494,-0.019154,0.086191,-9.411607,-0.014922,0.017587,-0.022383
1704877794,55511,0.047884,0.019154,-9.265560,-0.014655,0.017587,-0.021051
1704877794,55526,0.023942,0.007183,-9.392453,-0.010392,0.019718,-0.019985
1704877794,55541,0.105345,0.052672,-9.325416,-0.011991,0.018919,-0.021051
1704877794,55556,0.059855,0.007183,-9.349358,-0.010925,0.017320,-0.023182
1704877794,55571,-0.023942,-0.002394,-9.296685,-0.012524,0.019185,-0.023449
1704877794,55586,0.023942,0.009577,-9.327810,-0.013590,0.017853,-0.022916
1704877794,55603,0.110133,0.081403,-9.375694,-0.013590,0.015455,-0.021850
1704877794,55618,0.016759,0.045490,-9.366117,-0.015455,0.019718,-0.020784
1704877794,55633,0.016759,0.038307,-9.414001,-0.012790,0.021583,-0.022383
1704877794,55648,0.143652,0.095768,-9.459491,-0.012790,0.018652,-0.023182
1704877794,55663,0.071826,-0.026336,-9.440337,-0.013323,0.023182,-0.018919
1704877794,55679,0.023942,0.004788,-9.323022,-0.013057,0.018119,-0.020784
1704877794,55694,0.023942,0.076614,-9.404425,-0.014123,0.017587,-0.023182
1704877794,55711,0.023942,0.016759,-9.337387,-0.013057,0.016787,-0.019718
1704877794,55726,-0.002394,0.064643,-9.368511,-0.012524,0.018652,-0.021850
1704877794,55741,0.035913,0.050278,-9.356541,-0.013323,0.017853,-0.023182
1704877794,55756,0.021548,0.016759,-9.418790,-0.014389,0.017320,-0.022116
1704877794,55772,0.062249,0.028730,-9.421184,-0.014123,0.019718,-0.019985
1704877794,55787,-0.019154,0.011971,-9.380483,-0.013057,0.022916,-0.022916
1704877794,55802,-0.004788,0.088585,-9.303867,-0.013057,0.018919,-0.021051
1704877794,55819,0.055067,0.052672,-9.411607,-0.014389,0.017853,-0.022649
1704877794,55834,0.028730,0.038307,-9.385271,-0.012790,0.015988,-0.023182
1704877794,55849,0.023942,0.038307,-9.387665,-0.013057,0.016254,-0.018919
1704877794,55865,0.057461,-0.016759,-9.332599,-0.015721,0.018119,-0.019985
1704877794,55880,0.000000,-0.011971,-9.323022,-0.010126,0.022649,-0.019985
1704877794,55895,0.100556,0.045490,-9.385271,-0.013057,0.015988,-0.017587
1704877794,55910,0.038307,0.043096,-9.346964,-0.012524,0.022916,-0.019985
1704877794,55927,0.011971,0.011971,-9.402030,-0.012257,0.018386,-0.019718
1704877794,55942,0.014365,0.047884,-9.370906,-0.013323,0.019452,-0.023182
1704877794,55958,0.067038,0.026336,-9.361329,-0.013057,0.014123,-0.021317
1704877794,55973,0.043096,0.028730,-9.375694,-0.012790,0.014922,-0.021850
1704877794,55988,-0.014365,0.079009,-9.387665,-0.012790,0.018919,-0.019718
1704877794,56003,0.031125,-0.016759,-9.330204,-0.013323,0.021317,-0.020518
1704877794,56018,0.069432,-0.004788,-9.447520,-0.011724,0.013057,-0.022649
1704877794,56035,0.026336,0.055067,-9.358934,-0.017054,0.013590,-0.021583
1704877794,56051,0.074220,0.019154,-9.308656,-0.012790,0.017853,-0.019718
1704877794,56066,0.035913,-0.014365,-9.342175,-0.013856,0.015988,-0.022916
1704877794,56081,-0.028730,0.000000,-9.339781,-0.014123,0.015988,-0.022383
1704877794,56096,0.043096,0.038307,-9.370906,-0.010925,0.017054,-0.019718
1704877794,56111,0.050278,0.047884,-9.380483,-0.015455,0.019452,-0.021317
1704877794,56126,-0.004788,0.002394,-9.332599,-0.015721,0.017853,-0.021051
1704877794,56144,0.057461,0.040701,-9.375694,-0.010658,0.017587,-0.021583
1704877794,56159,0.002394,0.050278,-9.260772,-0.011991,0.016254,-0.022116
1704877794,56174,-0.009577,0.035913,-9.495404,-0.012257,0.018919,-0.022916
1704877794,56189,0.028730,0.076614,-9.375694,-0.014655,0.021583,-0.023449
1704877794,56204,0.023942,-0.009577,-9.339781,-0.011991,0.019718,-0.020518
1704877794,56219,-0.007183,0.000000,-9.478644,-0.013057,0.017320,-0.020518
1704877794,56234,0.098162,-0.014365,-9.382876,-0.012257,0.022116,-0.022116
1704877794,56252,0.028730,0.021548,-9.466674,-0.013856,0.015188,-0.022116
1704877794,56267,0.016759,0.059855,-9.354146,-0.013856,0.014922,-0.024781
1704877794,56282,0.000000,0.064643,-9.509769,-0.015188,0.017853,-0.022649
1704877794,56297,0.064643,0.045490,-9.363723,-0.011724,0.014123,-0.022116
1704877794,56312,0.074220,-0.028730,-9.404425,-0.013856,0.020518,-0.018919
1704877794,56327,0.059855,0.047884,-9.397242,-0.013057,0.017587,-0.021850
1704877794,56342,0.007183,0.002394,-9.473856,-0.012790,0.016787,-0.020518
1704877794,56367,0.007183,-0.004788,-9.390059,-0.013323,0.017587,-0.020251
1704877794,56382,0.031125,-0.026336,-9.356541,-0.011724,0.014655,-0.017853
1704877794,56397,0.045490,0.040701,-9.394848,-0.011724,0.018919,-0.022649
1704877794,56412,-0.021548,0.004788,-9.382876,-0.009060,0.017587,-0.022916
1704877794,56427,0.038307,0.050278,-9.361329,-0.012257,0.017853,-0.018386
1704877794,56441,0.019154,0.023942,-9.366117,-0.011191,0.016254,-0.021051
1704877794,56456,-0.004788,0.002394,-9.239224,-0.011458,0.020251,-0.019185
1704877794,56473,0.083797,0.035913,-9.497798,-0.015188,0.013323,-0.022916
1704877795,56488,0.023942,0.028730,-9.375694,-0.011991,0.011724,-0.020784
1704877795,56503,0.040701,-0.011971,-9.356541,-0.013323,0.018119,-0.021583
1704877795,56518,0.052672,-0.019154,-9.428367,-0.012257,0.013590,-0.022116
1704877795,56532,0.007183,0.045490,-9.294291,-0.009326,0.017853,-0.021317
1704877795,56547,0.074220,0.007183,-9.267955,-0.011991,0.022649,-0.023449
1704877795,56564,0.119710,0.021548,-9.435549,-0.011724,0.019452,-0.021850
1704877795,56579,0.019154,-0.007183,-9.370906,-0.011191,0.014655,-0.023715
1704877795,56594,-0.033519,0.019154,-9.435549,-0.013323,0.022383,-0.018652
1704877795,56609,-0.007183,-0.055067,-9.485827,-0.014123,0.010925,-0.019185
1704877795,56624,0.071826,0.088585,-9.308656,-0.013590,0.023982,-0.020251
1704877795,56638,0.088585,0.081403,-9.385271,-0.014389,0.017853,-0.021583
1704877795,56653,-0.014365,0.031125,-9.385271,-0.009060,0.018652,-0.021317
1704877795,56670,0.019154,0.079009,-9.411607,-0.011991,0.017320,-0.021051
1704877795,56685,0.019154,-0.069432,-9.284714,-0.011458,0.021583,-0.020518
1704877795,56700,0.011971,0.026336,-9.402030,-0.012790,0.015188,-0.022916
1704877795,56715,0.064643,0.035913,-9.313444,-0.014389,0.015455,-0.023982
1704877795,56729,-0.016759,0.016759,-9.445126,-0.013323,0.017320,-0.018652
1704877795,56744,0.043096,0.038307,-9.339781,-0.012790,0.015988,-0.023182
1704877795,56759,0.074220,-0.028730,-9.332599,-0.012790,0.020518,-0.022116
1704877795,56776,0.004788,0.035913,-9.323022,-0.012524,0.022649,-0.018119
1704877795,56791,0.055067,0.007183,-9.531317,-0.015988,0.015188,-0.023715
1704877795,56806,0.083797,-0.038307,-9.397242,-0.014389,0.011991,-0.023982
1704877795,56821,-0.004788,-0.019154,-9.308656,-0.011458,0.019718,-0.021850
1704877795,56835,0.064643,0.047884,-9.454702,-0.012524,0.013590,-0.022916
1704877795,56850,0.043096,0.035913,-9.385271,-0.013590,0.016521,-0.020518
1704877795,56865,-0.067038,0.021548,-9.308656,-0.015188,0.020518,-0.021583
1704877795,56882,0.038307,0.033519,-9.354146,-0.013323,0.017587,-0.023982
1704877795,56897,-0.014365,0.026336,-9.301474,-0.011991,0.021051,-0.021051
1704877795,56912,0.081403,0.045490,-9.464279,-0.011991,0.021850,-0.020251
1704877795,56927,0.069432,0.026336,-9.461885,-0.012257,0.018386,-0.020251
1704877795,56941,0.059855,-0.026336,-9.358934,-0.012524,0.023715,-0.021317
1704877795,56956,0.064643,0.016759,-9.476251,-0.013590,0.018652,-0.019718
1704877795,56971,0.038307,0.074220,-9.294291,-0.014922,0.017853,-0.021850
1704877795,56988,0.035913,0.016759,-9.385271,-0.011724,0.015721,-0.021850
1704877795,57003,-0.052672,0.028730,-9.323022,-0.013057,0.021051,-0.022649
1704877795,57018,0.019154,-0.026336,-9.538500,-0.011991,0.016787,-0.021317
1704877795,57032,-0.014365,0.028730,-9.330204,-0.011191,0.016254,-0.022116
1704877795,57047,0.040701,0.038307,-9.452309,-0.012524,0.018919,-0.019985
1704877795,57062,0.052672,0.076614,-9.447520,-0.012257,0.015721,-0.022116
1704877795,57077,0.000000,0.031125,-9.241618,-0.012790,0.020518,-0.024248
1704877795,57094,0.033519,-0.007183,-9.294291,-0.008793,0.026380,-0.021850
1704877795,57109,0.040701,0.009577,-9.500193,-0.011191,0.014389,-0.022649
1704877795,57123,0.007183,0.028730,-9.299079,-0.013856,0.014922,-0.019185
1704877795,57138,-0.011971,0.038307,-9.385271,-0.013323,0.022116,-0.022383
1704877795,57153,0.023942,0.002394,-9.414001,-0.014655,0.018119,-0.017320
1704877795,57168,-0.016759,0.083797,-9.378088,-0.011724,0.018652,-0.020518
1704877795,57182,0.031125,0.102951,-9.318233,-0.011991,0.023715,-0.022383
1704877795,57199,0.047884,0.000000,-9.449914,-0.014123,0.015455,-0.024248
1704877795,57215,0.045490,-0.016759,-9.385271,-0.013323,0.014389,-0.023182
1704877795,57230,0.023942,0.055067,-9.301474,-0.013590,0.021583,-0.021850
1704877795,57245,0.040701,-0.035913,-9.488221,-0.010126,0.022116,-0.020784
1704877795,57260,0.043096,0.019154,-9.344569,-0.011991,0.019718,-0.020251
1704877795,57275,-0.011971,0.023942,-9.279925,-0.012257,0.023449,-0.019452
1704877795,57290,0.069432,0.016759,-9.516952,-0.012257,0.023715,-0.022383
1704877795,57307,-0.040701,-0.047884,-9.363723,-0.013590,0.016254,-0.022649
1704877795,57322,0.019154,0.045490,-9.356541,-0.013057,0.021850,-0.022383
1704877795,57337,0.026336,0.014365,-9.339781,-0.012257,0.020251,-0.021051
1704877795,57352,0.057461,0.038307,-9.349358,-0.012790,0.020518,-0.021850
1704877795,57367,-0.002394,-0.016759,-9.452309,-0.011724,0.015188,-0.021850
1704877795,57383,0.019154,0.074220,-9.380483,-0.012257,0.022383,-0.024248
1704877795,57400,0.045490,0.057461,-9.306262,-0.011724,0.022916,-0.022383
1704877795,57415,0.062249,-0.016759,-9.385271,-0.015188,0.021850,-0.022116
1704877795,57430,-0.019154,0.098162,-9.358934,-0.013057,0.019985,-0.020251
1704877795,57445,-0.007183,-0.026336,-9.366117,-0.010126,0.021583,-0.021317
1704877795,57460,0.074220,0.009577,-9.358934,-0.013590,0.014655,-0.025580
1704877795,57476,0.045490,0.004788,-9.380483,-0.013590,0.019452,-0.022916
1704877796,57491,0.031125,0.016759,-9.270349,-0.011991,0.017587,-0.019452
1704877796,57508,0.057461,0.050278,-9.402030,-0.010658,0.020784,-0.022916
1704877796,57523,0.045490,0.045490,-9.382876,-0.011724,0.019452,-0.021583
1704877796,57538,0.076614,-0.002394,-9.332599,-0.009859,0.020251,-0.022116
1704877796,57553,0.019154,0.016759,-9.425972,-0.013323,0.015721,-0.021317
1704877796,57569,0.038307,-0.021548,-9.418790,-0.012257,0.017054,-0.024248
1704877796,57584,0.093374,0.081403,-9.368511,-0.014389,0.018652,-0.021317
1704877796,57599,-0.035913,0.016759,-9.361329,-0.009326,0.015988,-0.024515
1704877796,57616,-0.014365,0.064643,-9.373300,-0.015188,0.018652,-0.022116
1704877796,57631,-0.011971,-0.057461,-9.370906,-0.012257,0.018919,-0.020518
1704877796,57647,-0.016759,0.021548,-9.447520,-0.014389,0.014655,-0.018919
1704877796,57662,0.062249,0.055067,-9.378088,-0.012257,0.020251,-0.021317
1704877796,57677,0.016759,0.016759,-9.406818,-0.011191,0.020518,-0.020784
1704877796,57692,0.057461,0.019154,-9.368511,-0.012257,0.019185,-0.023982
1704877796,57707,0.035913,0.007183,-9.385271,-0.014123,0.015188,-0.021317
1704877796,57725,-0.016759,0.069432,-9.356541,-0.013057,0.016254,-0.023449
1704877796,57740,-0.026336,0.002394,-9.387665,-0.012524,0.023182,-0.018652
1704877796,57755,-0.009577,0.028730,-9.385271,-0.012524,0.016787,-0.019718
1704877796,57770,0.047884,0.004788,-9.459491,-0.012524,0.019718,-0.021850
1704877796,57785,0.021548,0.011971,-9.402030,-0.011724,0.019185,-0.022649
1704877796,57800,-0.019154,0.019154,-9.301474,-0.011724,0.017853,-0.020784
1704877796,57815,-0.007183,-0.019154,-9.327810,-0.013590,0.016787,-0.022116
1704877796,57833,0.062249,0.038307,-9.397242,-0.014389,0.018652,-0.022916
1704877796,57848,0.045490,0.064643,-9.406818,-0.011991,0.021317,-0.019185
1704877796,57863,0.052672,0.007183,-9.342175,-0.014922,0.019985,-0.019718
1704877796,57878,0.028730,-0.014365,-9.411607,-0.014123,0.013856,-0.019718
1704877796,57893,0.052672,-0.016759,-9.332599,-0.015721,0.020251,-0.019718
1704877796,57908,0.047884,0.004788,-9.363723,-0.011991,0.018652,-0.019718
1704877796,57924,0.064643,0.031125,-9.411607,-0.013057,0.017320,-0.021583
1704877796,57941,0.026336,0.033519,-9.356541,-0.012790,0.015188,-0.023182
1704877796,57956,0.031125,0.043096,-9.390059,-0.014123,0.020518,-0.022383
1704877796,57971,0.016759,0.007183,-9.433155,-0.013323,0.017320,-0.022383
1704877796,57986,0.064643,0.011971,-9.428367,-0.014123,0.019452,-0.021583
1704877796,58001,0.076614,0.040701,-9.402030,-0.013856,0.018119,-0.024781
1704877796,58016,0.014365,0.047884,-9.387665,-0.014389,0.015988,-0.018386
1704877796,58032,0.038307,0.045490,-9.385271,-0.012257,0.020518,-0.020784
1704877796,58057,0.086191,0.031125,-9.402030,-0.013856,0.018386,-0.020784
1704877796,58072,0.074220,-0.004788,-9.397242,-0.013057,0.014922,-0.023182
1704877796,58087,0.019154,0.043096,-9.354146,-0.012257,0.017320,-0.020784
1704877796,58102,0.033519,0.026336,-9.368511,-0.014922,0.017320,-0.018919
1704877796,58116,0.045490,0.007183,-9.390059,-0.011458,0.020251,-0.020518
1704877796,58131,0.043096,0.045490,-9.382876,-0.011724,0.018386,-0.019452
1704877796,58146,0.052672,-0.031125,-9.382876,-0.008260,0.015988,-0.023449
1704877796,58163,0.038307,-0.007183,-9.452309,-0.013323,0.017320,-0.021850
1704877796,58178,0.095768,0.023942,-9.306262,-0.013323,0.020518,-0.019718
1704877796,58192,0.014365,0.071826,-9.334992,-0.010925,0.019452,-0.019985
1704877796,58207,-0.031125,-0.038307,-9.469068,-0.011191,0.018652,-0.023715
1704877796,58222,-0.019154,0.050278,-9.358934,-0.013057,0.018919,-0.020518
1704877796,58237,0.055067,-0.011971,-9.327810,-0.012524,0.020251,-0.021317
1704877796,58254,0.062249,-0.014365,-9.418790,-0.014922,0.019185,-0.022916
1704877796,58269,0.064643,-0.035913,-9.457097,-0.014123,0.018919,-0.024781
1704877796,58284,0.064643,0.026336,-9.469068,-0.011991,0.018919,-0.021583
1704877796,58298,0.043096,0.014365,-9.397242,-0.010925,0.017054,-0.020784
1704877796,58313,0.057461,0.064643,-9.260772,-0.014655,0.017054,-0.020518
1704877796,58328,0.014365,0.052672,-9.423578,-0.011991,0.018119,-0.017587
1704877796,58343,0.014365,0.002394,-9.339781,-0.010126,0.018919,-0.021850
1704877796,58360,-0.014365,-0.040701,-9.416395,-0.014123,0.020251,-0.020784
1704877796,58375,0.028730,0.021548,-9.361329,-0.009326,0.020251,-0.023449
1704877796,58389,0.055067,-0.016759,-9.423578,-0.010658,0.017320,-0.019718
1704877796,58404,0.076614,0.031125,-9.414001,-0.013323,0.017853,-0.022649
1704877796,58419,0.040701,0.014365,-9.327810,-0.014389,0.014655,-0.023715
1704877796,58434,0.002394,0.076614,-9.327810,-0.013323,0.017587,-0.018652
1704877796,58449,0.062249,0.052672,-9.337387,-0.010925,0.015455,-0.020251
1704877796,58466,0.069432,0.050278,-9.272743,-0.011724,0.020251,-0.022116
1704877796,58481,0.047884,0.007183,-9.380483,-0.012524,0.019452,-0.020251
1704877797,58495,0.100556,0.069432,-9.469068,-0.014389,0.013590,-0.019718
1704877797,58510,0.004788,0.028730,-9.358934,-0.014123,0.015188,-0.018919
1704877797,58525,0.033519,0.016759,-9.418790,-0.011191,0.017853,-0.022649
1704877797,58540,0.028730,0.045490,-9.241618,-0.014123,0.016521,-0.021850
1704877797,58555,0.000000,0.031125,-9.320627,-0.011724,0.018119,-0.021317
1704877797,58572,0.031125,0.011971,-9.418790,-0.012524,0.020784,-0.019452
1704877797,58587,0.033519,0.019154,-9.433155,-0.010392,0.020784,-0.019718
1704877797,58601,0.043096,0.016759,-9.368511,-0.014655,0.015721,-0.022383
1704877797,58616,0.083797,0.038307,-9.390059,-0.014389,0.014655,-0.019452
1704877797,58631,-0.038307,-0.004788,-9.387665,-0.011191,0.018919,-0.021317
1704877797,58646,0.009577,-0.014365,-9.363723,-0.011724,0.018119,-0.020784
1704877797,58661,0.050278,-0.007183,-9.509769,-0.011458,0.016521,-0.019718
1704877797,58678,-0.033519,0.043096,-9.354146,-0.011991,0.018119,-0.020784
1704877797,58693,-0.004788,0.019154,-9.301474,-0.014389,0.023182,-0.017320
1704877797,58707,0.079009,-0.050278,-9.464279,-0.014389,0.017587,-0.019718
1704877797,58722,-0.002394,-0.004788,-9.404425,-0.013856,0.013590,-0.020518
1704877797,58737,0.011971,0.110133,-9.327810,-0.013323,0.019718,-0.020251
1704877797,58752,0.033519,-0.026336,-9.399636,-0.014389,0.015721,-0.024248
1704877797,58767,0.023942,0.033519,-9.342175,-0.013856,0.014389,-0.020518
1704877797,58784,0.011971,-0.009577,-9.303867,-0.010658,0.021051,-0.019718
1704877797,58798,0.047884,-0.004788,-9.490616,-0.011724,0.019718,-0.021051
1704877797,58813,0.079009,0.035913,-9.423578,-0.011724,0.017853,-0.021051
1704877797,58828,0.011971,0.031125,-9.378088,-0.010925,0.017853,-0.019985
1704877797,58843,0.033519,0.021548,-9.382876,-0.011724,0.017587,-0.022649
1704877797,58857,0.062249,-0.009577,-9.442732,-0.010925,0.015988,-0.023449
1704877797,58872,0.007183,0.100556,-9.349358,-0.012790,0.017320,-0.021583
1704877797,58889,0.026336,0.011971,-9.370906,-0.013590,0.019718,-0.020251
1704877797,58904,0.014365,0.011971,-9.390059,-0.007727,0.018119,-0.022116
1704877797,58919,0.028730,0.016759,-9.354146,-0.015455,0.019985,-0.018919
1704877797,58934,0.050278,0.016759,-9.394848,-0.010925,0.016254,-0.020784
1704877797,58949,0.007183,0.045490,-9.385271,-0.011458,0.018386,-0.018919
1704877797,58964,0.040701,0.035913,-9.358934,-0.013323,0.019452,-0.023715
1704877797,58979,0.090980,0.067038,-9.442732,-0.013057,0.019718,-0.021051
1704877797,58997,0.040701,0.019154,-9.428367,-0.013856,0.016521,-0.021051
1704877797,59012,-0.021548,0.016759,-9.507375,-0.013590,0.019985,-0.020251
1704877797,59027,0.050278,0.035913,-9.390059,-0.017320,0.020518,-0.021850
1704877797,59042,0.035913,0.007183,-9.619903,-0.015188,0.015721,-0.017853
1704877797,59057,-0.004788,0.059855,-9.205706,-0.013323,0.019718,-0.021317
1704877797,59072,0.033519,-0.055067,-9.464279,-0.011724,0.024781,-0.021583
1704877797,59090,0.007183,0.040701,-9.385271,-0.015988,0.014123,-0.023715
1704877797,59105,0.052672,0.057461,-9.234436,-0.013590,0.022916,-0.021317
1704877797,59120,0.074220,-0.023942,-9.497798,-0.011991,0.020518,-0.021317
1704877797,59135,-0.007183,0.000000,-9.188946,-0.013323,0.019185,-0.021317
1704877797,59150,-0.011971,0.062249,-9.351752,-0.012790,0.026113,-0.020251
1704877797,59165,0.071826,-0.055067,-9.428367,-0.015988,0.019985,-0.019185
1704877797,59180,0.023942,0.071826,-9.325416,-0.013057,0.020251,-0.023182
1704877797,59198,0.105345,0.064643,-9.385271,-0.011458,0.018652,-0.023449
1704877797,59213,0.095768,0.016759,-9.423578,-0.014123,0.017587,-0.019985
1704877797,59228,0.071826,0.047884,-9.265560,-0.014123,0.019985,-0.021583
1704877797,59243,0.026336,0.043096,-9.531317,-0.010658,0.019452,-0.021051
1704877797,59258,0.081403,0.064643,-9.354146,-0.012524,0.017054,-0.021583
1704877797,59273,0.007183,0.038307,-9.428367,-0.011458,0.024515,-0.022116
1704877797,59288,0.081403,-0.002394,-9.354146,-0.012257,0.016254,-0.022916
1704877797,59306,0.095768,0.045490,-9.303867,-0.012524,0.020784,-0.019185
1704877797,59321,0.023942,0.016759,-9.440337,-0.011991,0.020784,-0.019718
1704877797,59336,0.071826,0.002394,-9.425972,-0.012257,0.017853,-0.019718
1704877797,59351,0.095768,0.021548,-9.423578,-0.013057,0.018652,-0.022649
1704877797,59366,0.098162,0.009577,-9.313444,-0.011458,0.016787,-0.023182
1704877797,59381,-0.035913,0.009577,-9.361329,-0.013856,0.016254,-0.023182
1704877797,59396,0.035913,-0.028730,-9.323022,-0.012524,0.023715,-0.018919
1704877797,59414,0.033519,0.014365,-9.500193,-0.013856,0.015188,-0.021051
1704877797,59429,0.052672,0.057461,-9.299079,-0.009593,0.014123,-0.022916
1704877797,59444,0.052672,0.028730,-9.390059,-0.013323,0.018119,-0.022649
1704877797,59459,0.076614,0.079009,-9.272743,-0.015188,0.011191,-0.023182
1704877797,59475,-0.002394,0.000000,-9.385271,-0.010925,0.019985,-0.021583
1704877798,59490,0.021548,0.052672,-9.358934,-0.014655,0.015988,-0.022649
1704877798,59505,0.009577,-0.011971,-9.394848,-0.013856,0.017320,-0.022116
1704877798,59522,0.026336,0.004788,-9.342175,-0.010925,0.015988,-0.021317
1704877798,59537,0.052672,0.045490,-9.358934,-0.013057,0.019452,-0.021051
1704877798,59552,0.059855,-0.019154,-9.459491,-0.016787,0.015188,-0.019718
1704877798,59568,0.059855,-0.031125,-9.356541,-0.014655,0.018919,-0.019985
1704877798,59583,0.031125,0.002394,-9.385271,-0.012257,0.022649,-0.021317
1704877798,59598,0.083797,0.011971,-9.504981,-0.016521,0.017054,-0.024515
1704877798,59613,0.045490,-0.011971,-9.361329,-0.013323,0.010392,-0.020251
1704877798,59630,-0.009577,0.002394,-9.440337,-0.013590,0.014655,-0.022383
1704877798,59645,0.055067,0.038307,-9.301474,-0.012524,0.017587,-0.019985
1704877798,59660,-0.011971,0.021548,-9.375694,-0.011724,0.023982,-0.020784
1704877798,59675,0.131681,0.016759,-9.452309,-0.014655,0.016254,-0.021583
1704877798,59690,0.050278,0.014365,-9.339781,-0.010658,0.019718,-0.021051
1704877798,59705,0.000000,0.031125,-9.375694,-0.009859,0.018386,-0.022916
1704877798,59720,0.040701,0.011971,-9.296685,-0.012790,0.020251,-0.022916
1704877798,59745,0.038307,0.047884,-9.375694,-0.011724,0.022116,-0.020784
1704877798,59761,0.059855,0.011971,-9.481039,-0.012790,0.014655,-0.023449
1704877798,59776,0.019154,0.002394,-9.358934,-0.013323,0.019452,-0.019452
1704877798,59791,0.016759,0.011971,-9.483433,-0.014389,0.016521,-0.019452
1704877798,59805,0.038307,0.043096,-9.368511,-0.012257,0.016787,-0.020784
1704877798,59820,-0.031125,-0.026336,-9.409213,-0.014655,0.022116,-0.023182
1704877798,59835,0.007183,0.047884,-9.428367,-0.010126,0.014123,-0.024781
1704877798,59852,0.019154,-0.009577,-9.399636,-0.013323,0.017853,-0.021317
1704877798,59867,0.064643,-0.016759,-9.418790,-0.010126,0.019185,-0.022383
1704877798,59881,0.043096,0.059855,-9.366117,-0.014922,0.015188,-0.022649
1704877798,59896,0.007183,0.093374,-9.301474,-0.011991,0.022916,-0.022916
1704877798,59911,0.143652,-0.117316,-9.279925,-0.013590,0.049296,-0.017320
1704877798,59926,0.093374,-0.198719,-9.962274,-0.013323,0.003464,-0.022383
1704877798,59941,-0.138864,0.160412,-9.026140,-0.009326,0.016521,-0.020518
1704877798,59958,0.021548,0.074220,-9.567230,-0.010658,0.031709,-0.023982
1704877798,59973,0.095768,-0.045490,-9.313444,-0.014922,0.010392,-0.022649
1704877798,59987,0.002394,0.045490,-9.466674,-0.013323,0.013057,-0.023715
1704877798,60002,0.098162,0.079009,-9.193734,-0.010658,0.026113,-0.021051
1704877798,60017,0.019154,-0.045490,-9.775525,-0.013590,0.010126,-0.022649
1704877798,60032,0.009577,0.064643,-9.069236,-0.013856,0.010925,-0.024248
1704877798,60049,0.062249,-0.038307,-9.509769,-0.011191,0.027179,-0.020251
1704877798,60064,0.134075,0.007183,-9.277532,-0.012790,0.016521,-0.023449
1704877798,60079,-0.009577,0.031125,-9.452309,-0.009593,0.020251,-0.023449
1704877798,60093,0.086191,-0.026336,-9.277532,-0.013057,0.021317,-0.019985
1704877798,60108,0.098162,0.026336,-9.579201,-0.014123,0.020518,-0.019718
1704877798,60123,0.057461,0.079009,-9.165004,-0.014389,0.012524,-0.025047
1704877798,60138,0.002394,0.014365,-9.471462,-0.010658,0.021051,-0.019985
1704877798,60155,0.038307,0.086191,-9.356541,-0.013590,0.015455,-0.023982
1704877798,60170,0.016759,0.057461,-9.366117,-0.010392,0.024248,-0.023982
1704877798,60184,0.050278,-0.016759,-9.378088,-0.011191,0.029577,-0.020784
1704877798,60199,0.112527,0.021548,-9.543288,-0.015188,0.015721,-0.022383
1704877798,60214,-0.045490,0.071826,-9.279925,-0.014389,0.015188,-0.019718
1704877798,60229,0.004788,-0.023942,-9.402030,-0.010392,0.022116,-0.021317
1704877798,60244,0.067038,-0.004788,-9.361329,-0.012790,0.013057,-0.022649
1704877798,60261,0.043096,0.002394,-9.404425,-0.013057,0.014655,-0.019452
1704877798,60276,0.043096,-0.009577,-9.296685,-0.014922,0.017853,-0.021317
1704877798,60291,0.035913,0.023942,-9.548077,-0.013590,0.020251,-0.020518
1704877798,60305,0.040701,0.038307,-9.447520,-0.014655,0.012790,-0.023449
1704877798,60320,0.160412,-0.045490,-9.500193,-0.012257,0.023982,-0.022916
1704877798,60335,0.000000,-0.136469,-9.354146,-0.017054,0.012524,-0.021051
1704877798,60350,-0.067038,0.129287,-9.217676,-0.013590,0.010126,-0.021583
1704877798,60367,0.057461,0.079009,-9.361329,-0.007994,0.028511,-0.020251
1704877798,60382,0.141258,-0.117316,-9.469068,-0.014389,0.023449,-0.018386
1704877798,60397,0.000000,0.112527,-9.397242,-0.012790,0.021850,-0.022116
1704877798,60412,0.095768,0.014365,-9.552865,-0.010925,0.019985,-0.022116
1704877798,60427,0.031125,-0.011971,-9.234436,-0.009859,0.020784,-0.019185
1704877798,60441,-0.059855,-0.033519,-9.380483,-0.012524,0.032242,-0.018652
1704877798,60456,0.035913,0.071826,-9.449914,-0.007994,0.036239,-0.019185
1704877798,60473,0.043096,-0.009577,-9.406818,-0.012257,0.026646,-0.021051
1704877799,60488,0.086191,0.035913,-9.342175,-0.012790,0.015721,-0.018386
1704877799,60503,-0.002394,0.090980,-9.265560,-0.013856,0.018386,-0.022383
1704877799,60518,0.069432,0.028730,-9.497798,-0.008260,0.037571,-0.017587
1704877799,60532,0.031125,0.071826,-9.493010,-0.005329,0.061553,-0.023715
1704877799,60547,0.100556,0.023942,-9.514558,-0.002132,0.066616,-0.018652
1704877799,60562,0.409408,0.064643,-9.447520,0.000266,0.073810,-0.023982
1704877799,60579,0.469264,-0.284910,-9.595961,0.002931,0.082870,-0.037305
1704877799,60594,0.450110,-0.167594,-9.430760,0.005063,0.075942,-0.045832
1704877799,60609,0.344765,0.028730,-9.203311,-0.000533,0.074876,-0.054625
1704877799,60624,0.258574,-0.201113,-9.581595,-0.003997,0.062619,-0.058089
1704877799,60639,0.277727,-0.031125,-9.478644,-0.013323,0.037038,-0.055691
1704877799,60654,0.000000,0.079009,-9.406818,-0.015988,0.038904,-0.056757
1704877799,60669,-0.009577,0.009577,-9.313444,-0.013323,0.034640,-0.055158
1704877799,60687,-0.071826,0.102951,-9.588778,-0.013323,0.045299,-0.051161
1704877799,60702,0.055067,0.112527,-9.655815,-0.014655,0.053825,-0.046631
1704877799,60717,-0.150835,0.076614,-9.600749,-0.009593,0.073011,-0.041568
1704877799,60732,-0.193930,0.205901,-9.627085,-0.005862,0.089531,-0.035972
1704877799,60747,-0.083797,0.071826,-9.660604,-0.009060,0.109783,-0.030110
1704877799,60762,-0.014365,0.028730,-9.835381,-0.008260,0.134564,-0.027179
1704877799,60777,-0.110133,0.050278,-9.600749,-0.002665,0.155614,-0.025047
1704877799,60795,0.052672,0.038307,-9.291897,0.004263,0.172668,-0.015455
1704877799,60810,0.160412,0.079009,-9.251195,0.003464,0.165740,-0.016254
1704877799,60825,0.272939,0.011971,-9.303867,-0.007727,0.145489,-0.011991
1704877799,60840,0.213084,0.007183,-8.951921,-0.007194,0.111381,-0.012257
1704877799,60855,0.222661,0.028730,-8.916007,-0.006928,0.084202,-0.007994
1704877799,60870,0.452504,0.000000,-8.925584,-0.008793,0.050361,-0.007994
1704877799,60888,0.383072,-0.047884,-9.107543,-0.017320,0.012790,-0.004263
1704877799,60903,0.392649,-0.004788,-9.176975,-0.016787,0.000000,-0.007194
1704877799,60918,0.380678,-0.055067,-9.682152,-0.020251,0.002665,-0.009859
1704877799,60933,0.342371,-0.016759,-9.756371,-0.016254,0.026913,-0.013856
1704877799,60948,0.225055,-0.057461,-9.550470,-0.009060,0.060221,-0.011191
1704877799,60963,0.387861,-0.031125,-9.631873,-0.000533,0.095926,-0.014123
1704877799,60978,0.519542,-0.083797,-9.787497,-0.004263,0.110315,-0.021051
1704877799,60996,0.282516,-0.033519,-9.502586,-0.010126,0.126037,-0.022116
1704877799,61011,0.402226,-0.009577,-9.363723,-0.001865,0.152150,-0.024781
1704877799,61026,0.328006,-0.047884,-9.581595,-0.003464,0.164407,-0.024515
1704877799,61041,0.299275,0.026336,-9.588778,-0.003464,0.181194,-0.022116
1704877799,61056,0.258574,0.086191,-9.493010,0.000000,0.196383,-0.022116
1704877799,61071,0.332794,-0.004788,-9.435549,0.006395,0.201179,-0.019185
1704877799,61086,0.495600,0.000000,-9.265560,0.001865,0.198515,-0.015455
1704877799,61104,0.502782,-0.023942,-9.279925,0.000799,0.186790,-0.014655
1704877799,61119,0.502782,0.000000,-9.165004,-0.003730,0.173201,-0.015721
1704877799,61134,0.569820,0.009577,-9.181764,-0.000799,0.162276,-0.016254
1704877799,61149,0.603339,-0.043096,-9.366117,-0.002931,0.148153,-0.016254
1704877799,61164,0.687136,-0.100556,-9.239224,-0.006395,0.145222,-0.015721
1704877799,61180,0.806846,-0.102951,-9.502586,-0.005596,0.148420,-0.021051
1704877799,61195,0.780510,-0.141258,-9.526528,-0.003730,0.156946,-0.026380
1704877799,61212,0.682347,-0.069432,-9.425972,-0.001599,0.173734,-0.029844
1704877799,61227,0.636858,0.033519,-9.354146,0.002398,0.184126,-0.027712
1704877799,61242,0.636858,0.059855,-9.258378,-0.000533,0.179329,-0.027179
1704877799,61257,0.593762,0.040701,-9.220071,0.003464,0.169737,-0.021051
1704877799,61273,0.682347,0.083797,-9.198523,-0.002132,0.158012,-0.019185
1704877799,61288,0.703895,-0.028730,-9.224859,-0.004263,0.140426,-0.019718
1704877799,61303,0.840365,0.016759,-9.105149,-0.005329,0.125504,-0.015721
1704877799,61320,0.969652,-0.069432,-9.141062,-0.005862,0.093528,-0.017853
1704877799,61335,0.881066,-0.023942,-9.076419,-0.013323,0.076208,-0.019452
1704877799,61350,0.924162,-0.081403,-9.255983,-0.013323,0.061553,-0.018386
1704877799,61365,0.837971,-0.002394,-9.346964,-0.010658,0.058089,-0.023182
1704877799,61380,0.785298,-0.021548,-9.255983,-0.006395,0.053026,-0.018119
1704877799,61395,0.735020,-0.038307,-9.174581,-0.010392,0.037038,-0.017853
1704877799,61410,0.849942,0.000000,-9.062054,-0.012524,0.021051,-0.012790
1704877799,61435,0.802058,-0.040701,-9.344569,-0.016254,0.000799,-0.011191
1704877799,61451,0.881066,-0.100556,-9.433155,-0.012790,0.006662,-0.015721
1704877799,61466,0.900220,-0.062249,-9.366117,-0.011724,0.013590,-0.014655
1704877799,61481,0.921768,-0.102951,-9.418790,-0.013590,0.014389,-0.018386
1704877800,61495,0.845153,-0.026336,-9.358934,-0.015455,0.018386,-0.018386
1704877800,61510,0.833182,0.038307,-9.418790,-0.009859,0.018652,-0.017587
1704877800,61525,0.869095,-0.064643,-9.339781,-0.014123,0.017320,-0.021051
1704877800,61542,0.907402,-0.074220,-9.234436,-0.011724,0.021051,-0.020251
1704877800,61557,0.830788,0.000000,-9.488221,-0.010925,0.025047,-0.020518
1704877800,61571,0.732626,-0.079009,-9.497798,-0.015188,0.034107,-0.023182
1704877800,61586,0.811634,-0.026336,-9.524135,-0.013856,0.045565,-0.022383
1704877800,61601,0.835576,-0.069432,-9.543288,-0.007194,0.057822,-0.020251
1704877800,61616,0.708684,-0.011971,-9.349358,-0.007461,0.071945,-0.021850
1704877800,61633,0.773327,0.000000,-9.303867,-0.007194,0.068747,-0.018386
1704877800,61648,0.816423,0.002394,-9.162610,-0.006395,0.064750,-0.017320
1704877800,61663,0.893037,0.004788,-9.203311,-0.011191,0.047963,-0.014655
1704877800,61677,0.909797,-0.136469,-9.174581,-0.014922,0.031443,-0.018119
1704877800,61692,0.893037,-0.038307,-9.181764,-0.011191,0.024781,-0.015721
1704877800,61707,0.905008,-0.081403,-9.176975,-0.010925,0.014655,-0.016787
1704877800,61722,0.991199,-0.071826,-9.150639,-0.014123,0.000533,-0.018919
1704877800,61739,1.024718,-0.146046,-9.265560,-0.014123,-0.002132,-0.023182
1704877800,61754,0.916979,-0.059855,-9.390059,-0.016521,-0.014655,-0.022649
1704877800,61769,0.859518,-0.069432,-9.445126,-0.014922,-0.011724,-0.025047
1704877800,61783,-0.093374,0.407014,-9.155427,-0.015188,-0.038371,-0.007461
1704877800,61798,0.246603,0.418985,-9.054871,-0.019185,-0.021583,0.013856
1704877800,61813,0.167594,0.035913,-8.463503,-0.012257,-0.060221,0.029844
1704877800,61828,0.677559,0.158017,-9.188946,-0.022116,-0.067681,0.040769
1704877800,61845,1.273715,-0.251391,-9.976639,-0.022649,-0.076741,0.033841
1704877800,61860,1.209072,-0.229843,-9.074024,-0.014389,-0.061020,0.021317
1704877800,61874,1.410185,-0.162806,-9.418790,-0.013057,-0.065550,0.009326
1704877800,61889,1.458069,-0.304064,-8.865729,-0.020518,-0.091663,-0.010658
1704877800,61904,1.223437,-0.215478,-9.339781,-0.030110,-0.098058,-0.022116
1704877800,61919,1.077391,-0.172383,-9.605537,-0.026113,-0.108450,-0.030910
1704877800,61934,0.914585,-0.153229,-9.493010,-0.024515,-0.090064,-0.039436
1704877800,61951,1.024718,-0.014365,-9.576807,-0.019452,-0.073011,-0.049296
1704877800,61966,0.782904,-0.179565,-9.624691,-0.016521,-0.053026,-0.051960
1704877800,61980,0.574608,-0.057461,-9.770737,-0.019985,-0.041302,-0.054625
1704877800,61995,0.639252,-0.014365,-9.782708,-0.018119,-0.017853,-0.051161
1704877800,62010,0.509965,-0.004788,-9.746795,-0.014655,0.018119,-0.047963
1704877800,62025,0.665588,-0.019154,-9.550470,-0.004796,0.038904,-0.049296
1704877800,62040,0.598550,-0.026336,-9.229648,-0.002398,0.052227,-0.046897
1704877800,62057,0.541090,0.055067,-9.153033,-0.009060,0.031709,-0.044233
1704877800,62072,0.478840,0.093374,-8.954314,-0.014123,0.006928,-0.036505
1704877800,62086,0.339977,0.129287,-8.963891,-0.016787,-0.022916,-0.025047
1704877800,62101,0.342371,0.158017,-9.172187,-0.022649,-0.045565,-0.014123
1704877800,62116,0.399832,0.000000,-9.476251,-0.021317,-0.047963,-0.012257
1704877800,62131,0.701501,0.031125,-9.315839,-0.015188,-0.038104,-0.010658
1704877800,62146,0.627281,-0.055067,-9.366117,-0.011991,-0.035972,-0.012790
1704877800,62163,0.703895,-0.050278,-9.253590,-0.016787,-0.043700,-0.009326
1704877800,62178,0.653617,-0.045490,-9.289502,-0.021051,-0.049029,-0.014389
1704877800,62192,0.725443,-0.040701,-9.349358,-0.020784,-0.054358,-0.013590
1704877800,62207,0.672771,-0.093374,-9.337387,-0.017853,-0.062885,-0.016787
1704877800,62222,0.730232,-0.052672,-9.344569,-0.022383,-0.058089,-0.018119
1704877800,62236,0.735020,-0.095768,-9.330204,-0.019985,-0.062885,-0.020784
1704877800,62254,0.612916,-0.021548,-9.373300,-0.017853,-0.063418,-0.023715
1704877800,62269,0.610521,0.028730,-9.306262,-0.017853,-0.065816,-0.026113
1704877800,62284,0.514753,-0.023942,-9.176975,-0.018386,-0.069813,-0.023715
1704877800,62299,0.567426,-0.026336,-9.267955,-0.022116,-0.076741,-0.019718
1704877800,62314,0.533907,-0.088585,-9.337387,-0.022649,-0.083403,-0.022116
1704877800,62329,0.519542,-0.014365,-9.442732,-0.022649,-0.077807,-0.021051
1704877800,62344,0.483629,0.002394,-9.392453,-0.021317,-0.075409,-0.020518
1704877800,62361,0.507571,-0.033519,-9.382876,-0.017320,-0.070080,-0.024515
1704877800,62376,0.524330,-0.043096,-9.469068,-0.021051,-0.064484,-0.023182
1704877800,62391,0.464475,-0.040701,-9.334992,-0.019185,-0.067149,-0.022649
1704877800,62407,0.395043,-0.031125,-9.258378,-0.019185,-0.064217,-0.021051
1704877800,62422,0.368707,0.031125,-9.301474,-0.016787,-0.069813,-0.023449
1704877800,62437,0.478840,-0.023942,-9.165004,-0.021583,-0.080472,-0.022383
1704877800,62452,0.390255,-0.040701,-9.409213,-0.023182,-0.082337,-0.020784
1704877800,62469,0.318429,-0.009577,-9.485827,-0.023182,-0.074876,-0.022649
1704877801,62484,0.258574,0.033519,-9.406818,-0.021317,-0.060487,-0.021317
1704877801,62500,0.304064,0.047884,-9.416395,-0.015188,-0.051161,-0.017853
1704877801,62515,0.318429,-0.004788,-9.483433,-0.016254,-0.049029,-0.021051
1704877801,62530,0.284910,0.038307,-9.414001,-0.020784,-0.049029,-0.017320
1704877801,62545,0.294487,-0.033519,-9.394848,-0.019452,-0.051161,-0.015455
1704877801,62560,0.337582,-0.019154,-9.409213,-0.018919,-0.038904,-0.017853
1704877801,62577,0.260968,-0.057461,-9.476251,-0.013856,-0.028245,-0.018652
1704877801,62593,0.390255,-0.002394,-9.433155,-0.017054,-0.021850,-0.018386
1704877801,62608,0.289698,-0.028730,-9.390059,-0.014123,-0.024248,-0.018919
1704877801,62623,0.227449,-0.035913,-9.334992,-0.017587,-0.025580,-0.017587
1704877801,62638,0.270545,0.002394,-9.392453,-0.015188,-0.022649,-0.016254
1704877801,62653,0.260968,0.011971,-9.296685,-0.018652,-0.023182,-0.017587
1704877801,62671,0.277727,-0.009577,-9.184157,-0.015988,-0.035972,-0.016787
1704877801,62686,0.304064,0.028730,-9.325416,-0.017054,-0.043966,-0.016787
1704877801,62701,0.342371,-0.011971,-9.251195,-0.019185,-0.055691,-0.019452
1704877801,62716,0.229843,0.000000,-9.313444,-0.019452,-0.062086,-0.019185
1704877801,62731,0.289698,-0.040701,-9.289502,-0.019718,-0.066882,-0.018652
1704877801,62746,0.246603,0.021548,-9.208099,-0.018386,-0.068747,-0.024781
1704877801,62761,0.265756,-0.021548,-9.188946,-0.017320,-0.078340,-0.022649
1704877801,62779,0.198719,0.016759,-9.368511,-0.020518,-0.085002,-0.022916
1704877801,62794,0.186748,0.002394,-9.524135,-0.023982,-0.088466,-0.020518
1704877801,62809,0.110133,0.067038,-9.454702,-0.019985,-0.074609,-0.023449
1704877801,62824,0.095768,-0.040701,-9.586384,-0.018919,-0.066083,-0.024781
1704877801,62839,0.069432,0.090980,-9.567230,-0.014922,-0.051161,-0.021317
1704877801,62854,0.146046,-0.040701,-9.548077,-0.019452,-0.045032,-0.023182
1704877801,62869,-0.071826,0.009577,-10.103531,-0.029844,-0.044499,-0.020518
1704877801,62887,0.107739,-0.040701,-8.889671,-0.022916,-0.014655,-0.020251
1704877801,62902,-0.033519,0.074220,-9.478644,-0.010658,0.021317,-0.018386
1704877801,62917,0.210690,-0.071826,-9.773131,-0.010126,0.026113,-0.019718
1704877801,62932,0.067038,0.079009,-8.978256,-0.007727,0.029844,-0.021583
1704877801,62947,0.021548,0.000000,-9.289502,-0.005596,0.031709,-0.020251
1704877801,62962,0.196325,-0.083797,-9.536105,-0.015721,0.014389,-0.022116
1704877801,62978,0.117316,0.011971,-9.191340,-0.019718,0.002132,-0.022649
1704877801,62995,0.150835,0.059855,-9.397242,-0.019718,-0.011458,-0.020784
1704877801,63010,0.155623,-0.057461,-9.485827,-0.025047,-0.030643,-0.024248
1704877801,63025,0.059855,0.031125,-9.224859,-0.031709,-0.045299,-0.020518
1704877801,63040,0.045490,0.016759,-9.512163,-0.034374,-0.059954,-0.020251
1704877801,63055,-0.004788,-0.052672,-9.861717,-0.024248,-0.039170,-0.027179
1704877801,63070,-0.107739,0.110133,-8.734048,-0.004530,0.052493,-0.021317
1704877801,63086,-0.007183,0.055067,-9.686940,-0.002665,0.057822,-0.017587
1704877801,63111,0.186748,-0.074220,-8.939949,-0.017853,-0.014123,-0.025580
1704877801,63126,-0.086191,-0.033519,-9.476251,-0.027179,-0.031709,-0.021051
1704877801,63141,-0.040701,-0.062249,-9.974244,-0.011991,0.013590,-0.023982
1704877801,63156,-0.011971,0.337582,-8.712500,-0.010658,0.035440,-0.020518
1704877801,63170,0.260968,-0.088585,-10.196905,-0.014655,0.015988,-0.020251
1704877801,63185,0.177171,0.119710,-8.980651,-0.015455,-0.003730,-0.023449
1704877801,63202,-0.081403,0.067038,-9.569624,-0.013323,0.014123,-0.022383
1704877801,63217,0.076614,-0.016759,-9.160215,-0.009859,0.023449,-0.021317
1704877801,63232,0.033519,0.011971,-9.267955,-0.019452,-0.000533,-0.019985
1704877801,63258,0.031125,0.114922,-8.877700,-0.014389,0.016521,-0.018919
1704877801,63272,-0.014365,0.009577,-9.873688,-0.009859,0.017587,-0.020518
1704877801,63287,0.050278,-0.007183,-9.203311,-0.013057,0.009060,-0.022383
1704877801,63302,0.011971,0.031125,-9.414001,-0.014922,0.007461,-0.022116
1704877801,63319,0.023942,-0.031125,-9.229648,-0.012257,0.020251,-0.021583
1704877801,63334,0.038307,-0.028730,-9.586384,-0.010126,0.011191,-0.021051
1704877801,63348,0.059855,0.031125,-9.198523,-0.010392,0.017320,-0.022649
1704877801,63363,-0.021548,0.007183,-9.442732,-0.013057,0.019718,-0.017853
1704877801,63378,0.023942,0.023942,-9.227253,-0.011191,0.024515,-0.020784
1704877801,63393,-0.007183,-0.002394,-9.349358,-0.013856,0.023982,-0.023182
1704877801,63408,0.074220,-0.021548,-9.327810,-0.009859,0.022649,-0.021051
1704877801,63425,0.057461,0.016759,-9.512163,-0.012790,0.014655,-0.024781
1704877801,63440,0.033519,0.064643,-9.244013,-0.012524,0.019452,-0.019718
1704877801,63454,0.043096,0.009577,-9.459491,-0.013590,0.020251,-0.022649
1704877801,63469,0.052672,0.028730,-9.375694,-0.014922,0.018386,-0.023715
1704877802,63484,0.011971,0.067038,-9.354146,-0.011724,0.022116,-0.022649
1704877802,63499,0.081403,0.062249,-9.481039,-0.013057,0.023715,-0.020784
1704877802,63514,0.007183,0.074220,-9.414001,-0.015721,0.013323,-0.023182
1704877802,63531,-0.004788,0.028730,-9.234436,-0.013590,0.019185,-0.022116
1704877802,63546,0.055067,-0.026336,-9.461885,-0.012257,0.017054,-0.022383
1704877802,63560,0.040701,0.035913,-9.370906,-0.013590,0.013856,-0.021317
1704877802,63575,0.021548,0.007183,-9.346964,-0.011191,0.022116,-0.022116
1704877802,63590,-0.002394,0.102951,-9.445126,-0.013856,0.017587,-0.020251
1704877802,63605,0.076614,0.021548,-9.399636,-0.012790,0.018119,-0.019985
1704877802,63620,0.023942,0.031125,-9.323022,-0.013057,0.018386,-0.021583
1704877802,63637,0.081403,0.023942,-9.375694,-0.014922,0.019985,-0.019985
1704877802,63651,0.064643,0.052672,-9.385271,-0.011191,0.017587,-0.020251
1704877802,63666,0.064643,0.011971,-9.275137,-0.011458,0.021317,-0.022649
1704877802,63681,-0.019154,-0.004788,-9.390059,-0.013590,0.018119,-0.023449
1704877802,63696,0.007183,-0.011971,-9.370906,-0.011458,0.017320,-0.023182
1704877802,63711,0.011971,0.000000,-9.423578,-0.013323,0.017587,-0.021583
1704877802,63725,0.040701,-0.016759,-9.430760,-0.013057,0.018652,-0.021317
1704877802,63743,0.062249,0.031125,-9.421184,-0.013323,0.015188,-0.018919
1704877802,63757,0.062249,0.055067,-9.373300,-0.013856,0.015188,-0.023449
1704877802,63772,0.093374,0.055067,-9.397242,-0.013590,0.012257,-0.019185
1704877802,63787,0.031125,0.043096,-9.428367,-0.011724,0.012257,-0.019452
1704877802,63802,-0.016759,0.038307,-9.406818,-0.013590,0.020784,-0.023182
1704877802,63817,0.069432,0.000000,-9.406818,-0.014123,0.020784,-0.023182
1704877802,63831,0.033519,0.035913,-9.512163,-0.011191,0.016521,-0.018119
1704877802,63848,0.009577,0.043096,-9.339781,-0.013057,0.018652,-0.022649
1704877802,63863,0.088585,0.021548,-9.361329,-0.013856,0.017587,-0.022649
1704877802,63878,0.040701,0.043096,-9.404425,-0.015721,0.018652,-0.019985
1704877802,63893,0.059855,0.007183,-9.368511,-0.010392,0.019452,-0.022116
1704877802,63907,0.069432,0.083797,-9.387665,-0.010925,0.021850,-0.017853
1704877802,63922,0.088585,0.009577,-9.390059,-0.014389,0.016521,-0.019718
1704877802,63939,0.093374,0.035913,-9.342175,-0.010126,0.014389,-0.019185
1704877802,63954,-0.009577,0.045490,-9.411607,-0.010925,0.018386,-0.019718
1704877802,63969,0.023942,0.028730,-9.370906,-0.012790,0.016521,-0.020784
1704877802,63984,0.055067,-0.014365,-9.449914,-0.012790,0.020518,-0.021850
1704877802,63999,0.057461,0.045490,-9.378088,-0.013323,0.019185,-0.022916
1704877802,64014,0.019154,-0.021548,-9.500193,-0.011991,0.019718,-0.023449
1704877802,64029,0.043096,0.043096,-9.339781,-0.012257,0.018386,-0.022383
1704877802,64047,0.069432,-0.007183,-9.375694,-0.011724,0.016254,-0.022116
1704877802,64062,0.076614,0.009577,-9.366117,-0.012257,0.019452,-0.019718
1704877802,64077,0.014365,0.014365,-9.399636,-0.007994,0.012524,-0.023982
1704877802,64092,0.057461,0.043096,-9.375694,-0.014922,0.014922,-0.021583
1704877802,64107,0.095768,0.004788,-9.387665,-0.011991,0.013323,-0.023449
1704877802,64122,0.004788,0.086191,-9.356541,-0.015455,0.014922,-0.021583
1704877802,64137,0.016759,-0.002394,-9.270349,-0.015455,0.016787,-0.022916
1704877802,64155,-0.007183,0.033519,-9.380483,-0.013590,0.014922,-0.021317
1704877802,64170,0.019154,0.047884,-9.425972,-0.013856,0.011724,-0.023982
1704877802,64185,-0.023942,0.076614,-9.236830,-0.011991,0.019718,-0.022649
1704877802,64200,0.052672,-0.043096,-9.600749,-0.010925,0.013323,-0.022916
1704877802,64215,-0.050278,-0.023942,-9.145850,-0.012524,0.015188,-0.022649
1704877802,64230,0.028730,-0.004788,-9.543288,-0.011724,0.017054,-0.021051
1704877802,64245,0.023942,0.028730,-9.346964,-0.014655,0.015455,-0.021850
1704877802,64263,-0.009577,0.083797,-9.375694,-0.013057,0.017054,-0.020251
1704877802,64278,0.062249,0.093374,-9.351752,-0.010925,0.021317,-0.022649
1704877802,64293,0.014365,-0.026336,-9.428367,-0.014123,0.018386,-0.022649
1704877802,64308,0.023942,0.055067,-9.277532,-0.015455,0.019985,-0.021583
1704877802,64323,-0.011971,0.007183,-9.485827,-0.013057,0.019452,-0.020784
1704877802,64338,0.059855,0.014365,-9.430760,-0.009060,0.018919,-0.019452
1704877802,64354,0.014365,-0.028730,-9.375694,-0.013323,0.019985,-0.022116
1704877802,64371,0.016759,-0.038307,-9.543288,-0.011724,0.017587,-0.022116
1704877802,64386,0.057461,0.033519,-9.358934,-0.011191,0.014123,-0.019718
1704877802,64401,0.026336,0.076614,-9.449914,-0.010925,0.021051,-0.021583
1704877802,64416,0.076614,-0.016759,-9.409213,-0.012257,0.021317,-0.022649
1704877802,64431,0.031125,0.026336,-9.323022,-0.011191,0.016787,-0.025580
1704877802,64447,0.031125,0.028730,-9.251195,-0.012524,0.018919,-0.022116
1704877802,64462,0.033519,0.031125,-9.495404,-0.010925,0.019452,-0.021051
1704877802,64479,0.033519,0.007183,-9.354146,-0.013590,0.016787,-0.021850
1704877803,64494,0.064643,0.031125,-9.366117,-0.013856,0.019718,-0.021583
1704877803,64509,0.090980,0.021548,-9.390059,-0.015188,0.016787,-0.022116
1704877803,64524,0.004788,0.002394,-9.399636,-0.015455,0.019452,-0.025580
1704877803,64540,0.021548,0.067038,-9.318233,-0.013856,0.018652,-0.020784
1704877803,64555,0.009577,-0.014365,-9.416395,-0.014389,0.016254,-0.021850
1704877803,64570,0.074220,0.050278,-9.366117,-0.012524,0.019185,-0.021850
1704877803,64587,0.004788,0.014365,-9.311050,-0.010925,0.020518,-0.020251
1704877803,64602,0.021548,0.076614,-9.445126,-0.015455,0.014655,-0.021583
1704877803,64617,0.052672,-0.035913,-9.313444,-0.010658,0.019452,-0.023449
1704877803,64633,-0.002394,0.002394,-9.346964,-0.012524,0.020784,-0.021850
1704877803,64648,-0.011971,0.045490,-9.323022,-0.012257,0.017054,-0.021850
1704877803,64663,0.079009,0.000000,-9.394848,-0.010392,0.017853,-0.019985
1704877803,64678,0.083797,0.071826,-9.409213,-0.014389,0.017054,-0.022383
1704877803,64695,0.000000,-0.007183,-9.349358,-0.014922,0.018652,-0.019985
1704877803,64710,0.095768,0.062249,-9.406818,-0.013323,0.016787,-0.020518
1704877803,64725,0.000000,-0.014365,-9.397242,-0.013323,0.018919,-0.022383
1704877803,64740,0.040701,0.021548,-9.303867,-0.012790,0.018919,-0.022916
1704877803,64755,0.004788,0.090980,-9.246407,-0.013057,0.019452,-0.019985
1704877803,64770,0.071826,-0.004788,-9.507375,-0.014655,0.013856,-0.021317
1704877803,64785,0.050278,0.043096,-9.212888,-0.015721,0.020518,-0.021850
1704877803,64807,0.000000,0.079009,-9.402030,-0.013057,0.017853,-0.021583
1704877803,64822,-0.019154,0.016759,-9.320627,-0.013590,0.017853,-0.021317
1704877803,64837,0.009577,0.019154,-9.402030,-0.012790,0.014655,-0.020518
1704877803,64852,0.016759,-0.011971,-9.514558,-0.010392,0.015455,-0.021051
1704877803,64867,-0.021548,0.088585,-9.404425,-0.010925,0.024248,-0.019985
1704877803,64881,0.014365,0.035913,-9.521740,-0.013323,0.021317,-0.022383
1704877803,64898,0.071826,0.011971,-9.368511,-0.013856,0.014389,-0.019985
1704877803,64913,0.031125,0.031125,-9.531317,-0.012524,0.013057,-0.022383
1704877803,64928,0.050278,0.035913,-9.270349,-0.014655,0.020518,-0.020251
1704877803,64943,0.033519,0.023942,-9.504981,-0.013057,0.017054,-0.022383
1704877803,64958,0.045490,0.019154,-9.311050,-0.015721,0.014655,-0.021850
1704877803,64972,0.007183,0.038307,-9.366117,-0.011724,0.018652,-0.018652
1704877803,64987,0.062249,0.019154,-9.318233,-0.013323,0.017587,-0.022116
1704877803,65004,0.043096,-0.011971,-9.313444,-0.013323,0.013057,-0.023449
1704877803,65019,0.019154,0.016759,-9.344569,-0.010658,0.015455,-0.021850
1704877803,65034,0.069432,0.059855,-9.399636,-0.008793,0.023982,-0.022916
1704877803,65049,0.155623,-0.038307,-9.552865,-0.011458,0.013590,-0.023449
1704877803,65064,0.019154,0.069432,-9.289502,-0.015188,0.009593,-0.022116
1704877803,65078,0.021548,0.016759,-9.344569,-0.011991,0.021850,-0.021317
1704877803,65093,0.083797,0.038307,-9.440337,-0.012257,0.018386,-0.021850
1704877803,65110,0.050278,0.035913,-9.275137,-0.013057,0.017587,-0.021850
1704877803,65125,0.031125,0.074220,-9.284714,-0.012257,0.023982,-0.019985
1704877803,65140,0.081403,0.064643,-9.548077,-0.011191,0.013590,-0.020784
1704877803,65155,0.079009,0.035913,-9.186552,-0.013590,0.010392,-0.021850
1704877803,65170,0.081403,0.052672,-9.454702,-0.013590,0.021051,-0.020784
1704877803,65184,0.009577,0.067038,-9.437943,-0.013590,0.020251,-0.021051
1704877803,65199,0.028730,0.076614,-9.423578,-0.013057,0.018386,-0.022116
1704877803,65216,0.040701,0.000000,-9.267955,-0.015188,0.023982,-0.021051
1704877803,65231,0.043096,-0.026336,-9.392453,-0.012790,0.018652,-0.021051
1704877803,65246,0.035913,0.045490,-9.320627,-0.009326,0.016254,-0.022383
1704877803,65261,0.033519,0.043096,-9.366117,-0.011458,0.019185,-0.022116
1704877803,65275,0.064643,-0.069432,-9.504981,-0.014922,0.013590,-0.022916
1704877803,65290,-0.011971,0.043096,-9.272743,-0.010392,0.017587,-0.020518
1704877803,65305,0.045490,0.057461,-9.404425,-0.013590,0.026913,-0.019452
1704877803,65322,0.107739,0.007183,-9.452309,-0.015721,0.014389,-0.020518
1704877803,65337,-0.007183,0.079009,-9.157822,-0.015455,0.017320,-0.022116
1704877803,65352,0.067038,-0.033519,-9.483433,-0.011991,0.020784,-0.024515
1704877803,65367,0.057461,0.122104,-9.433155,-0.010925,0.014123,-0.021850
1704877803,65381,0.031125,0.000000,-9.406818,-0.014922,0.019985,-0.021051
1704877803,65396,0.083797,0.014365,-9.445126,-0.011724,0.018386,-0.023182
1704877803,65411,0.021548,0.064643,-9.330204,-0.011991,0.016787,-0.021051
1704877803,65428,0.016759,-0.007183,-9.416395,-0.010392,0.022116,-0.021850
1704877803,65443,0.074220,-0.062249,-9.385271,-0.014655,0.012524,-0.021051
1704877803,65458,0.016759,0.090980,-9.236830,-0.014123,0.014922,-0.023182
1704877803,65473,-0.007183,0.057461,-9.437943,-0.010658,0.017853,-0.021317
1704877804,65488,0.052672,0.038307,-9.380483,-0.015188,0.013590,-0.022383
1704877804,65502,0.011971,0.026336,-9.291897,-0.013057,0.014389,-0.021583
1704877804,65517,0.007183,-0.007183,-9.493010,-0.014655,0.013856,-0.023449
1704877804,65534,-0.019154,-0.009577,-9.380483,-0.014655,0.015455,-0.022649
1704877804,65549,-0.007183,0.000000,-9.418790,-0.013323,0.020518,-0.019985
1704877804,65564,0.023942,0.059855,-9.421184,-0.014123,0.022383,-0.022649
1704877804,65579,-0.002394,0.067038,-9.457097,-0.014389,0.019185,-0.022383
1704877804,65593,0.079009,0.059855,-9.191340,-0.010658,0.026646,-0.017853
1704877804,65608,0.102951,0.064643,-9.471462,-0.008527,0.019985,-0.019452
1704877804,65623,-0.021548,0.076614,-9.184157,-0.013057,0.020784,-0.022383
1704877804,65640,0.067038,0.052672,-9.531317,-0.011724,0.031176,-0.023182
1704877804,65655,0.074220,-0.016759,-9.452309,-0.012257,0.014655,-0.022916
1704877804,65670,0.014365,-0.083797,-9.277532,-0.012790,0.014389,-0.022649
1704877804,65685,0.050278,0.079009,-9.358934,-0.013323,0.026113,-0.020784
1704877804,65700,0.090980,0.014365,-9.402030,-0.012790,0.013057,-0.019985
1704877804,65715,0.011971,0.011971,-9.282320,-0.010658,0.020251,-0.023715
1704877804,65733,0.043096,0.011971,-9.473856,-0.012790,0.022116,-0.025047
1704877804,65748,0.043096,0.038307,-9.387665,-0.013590,0.015721,-0.022116
1704877804,65763,0.031125,0.038307,-9.435549,-0.010658,0.016521,-0.022383
1704877804,65778,0.076614,0.105345,-9.421184,-0.011458,0.015721,-0.020251
1704877804,65793,0.026336,0.067038,-9.485827,-0.012257,0.011191,-0.020784
1704877804,65808,0.076614,0.057461,-9.315839,-0.011458,0.026380,-0.021317
1704877804,65824,0.038307,0.057461,-9.639056,-0.014123,0.020518,-0.023715
1704877804,65841,-0.052672,0.086191,-9.186552,-0.011991,0.020518,-0.021051
1704877804,65856,0.050278,0.004788,-9.469068,-0.013856,0.023182,-0.021317
1704877804,65872,0.028730,-0.023942,-9.435549,-0.012257,0.014922,-0.025047
1704877804,65887,0.040701,0.040701,-9.308656,-0.012257,0.018652,-0.021583
1704877804,65902,0.045490,0.011971,-9.459491,-0.013590,0.018119,-0.022649
1704877804,65917,0.028730,0.074220,-9.342175,-0.014123,0.009593,-0.021583
1704877804,65932,0.021548,0.000000,-9.294291,-0.011191,0.014655,-0.022383
1704877804,65949,0.000000,0.000000,-9.296685,-0.011458,0.018652,-0.024515
1704877804,65964,0.011971,0.000000,-9.282320,-0.014655,0.023982,-0.022383
1704877804,65980,0.064643,-0.074220,-9.504981,-0.013856,0.018119,-0.018919
1704877804,65995,0.059855,0.031125,-9.433155,-0.012524,0.005862,-0.022116
1704877804,66010,0.052672,0.045490,-9.354146,-0.014123,0.011458,-0.022116
1704877804,66025,0.000000,0.069432,-9.358934,-0.012524,0.021583,-0.024781
1704877804,66040,0.069432,0.062249,-9.414001,-0.010126,0.019985,-0.021850
1704877804,66058,0.038307,-0.009577,-9.363723,-0.011991,0.018119,-0.022649
1704877804,66073,-0.007183,0.009577,-9.421184,-0.013323,0.018386,-0.022649
1704877804,66088,0.062249,0.052672,-9.287108,-0.015988,0.017054,-0.020784
1704877804,66103,0.002394,0.033519,-9.433155,-0.009593,0.020518,-0.018919
1704877804,66118,0.023942,0.021548,-9.478644,-0.011991,0.018386,-0.023715
1704877804,66133,-0.052672,0.057461,-9.339781,-0.009326,0.022916,-0.019718
1704877804,66148,0.052672,-0.031125,-9.461885,-0.011191,0.021850,-0.023715
1704877804,66166,-0.009577,0.031125,-9.306262,-0.011724,0.017853,-0.021317
1704877804,66181,0.038307,0.043096,-9.425972,-0.014922,0.018386,-0.023182
1704877804,66196,0.011971,0.052672,-9.404425,-0.012524,0.014655,-0.021850
1704877804,66211,-0.019154,0.093374,-9.330204,-0.013323,0.017587,-0.022916
1704877804,66226,-2.035071,-0.019154,-9.186552,-0.018386,0.029844,-0.012790
1704877804,66241,-0.232238,0.031125,-8.037335,-0.011724,0.042368,-0.015721
1704877804,66256,0.469264,-0.373495,-10.182540,-0.012524,-0.002665,-0.025847
1704877804,66274,-0.117316,0.450110,-7.982268,-0.008260,0.001066,-0.021051
1704877804,66289,0.031125,-0.141258,-10.005369,-0.007727,0.044233,-0.018119
1704877804,66304,0.141258,-0.062249,-8.774749,-0.022383,-0.013590,-0.025580
1704877804,66319,-0.126893,-0.002394,-9.648633,-0.010925,0.020518,-0.022916
1704877804,66334,0.165200,0.138864,-9.090784,-0.014389,0.011724,-0.019452
1704877804,66349,0.088585,-0.088585,-9.813833,-0.013590,0.006395,-0.023182
1704877804,66364,-0.050278,0.079009,-8.633492,-0.010126,0.025314,-0.020784
1704877804,66382,0.117316,-0.076614,-9.782708,-0.013590,0.031176,-0.020784
1704877804,66397,0.040701,0.088585,-9.349358,-0.015988,-0.002132,-0.023982
1704877804,66412,-0.047884,0.090980,-9.074024,-0.011458,0.030110,-0.021051
1704877804,66427,0.136469,-0.014365,-9.636662,-0.011991,0.024248,-0.019985
1704877804,66442,-0.021548,0.038307,-9.165004,-0.013856,0.010126,-0.023982
1704877804,66457,-0.004788,0.009577,-9.346964,-0.010658,0.027712,-0.017587
1704877804,66472,0.090980,-0.004788,-9.437943,-0.010392,0.023449,-0.022383
1704877805,66497,-0.028730,0.067038,-9.260772,-0.012257,0.020518,-0.023449
1704877805,66513,0.031125,-0.026336,-9.495404,-0.012257,0.022383,-0.020251
1704877805,66528,0.004788,0.035913,-9.421184,-0.013057,0.015988,-0.020518
1704877805,66542,0.052672,0.026336,-9.251195,-0.013057,0.021051,-0.024781
1704877805,66557,0.112527,-0.011971,-9.454702,-0.013057,0.021583,-0.022116
1704877805,66572,0.011971,0.043096,-9.425972,-0.011991,0.011458,-0.023182
1704877805,66589,0.055067,0.090980,-9.303867,-0.012257,0.025580,-0.020518
1704877805,66604,0.119710,-0.004788,-9.464279,-0.010126,0.017853,-0.021317
1704877805,66618,0.055067,0.038307,-9.332599,-0.014123,0.014922,-0.023982
1704877805,66633,0.031125,0.000000,-9.344569,-0.013856,0.020784,-0.021051
1704877805,66648,0.050278,-0.021548,-9.399636,-0.011724,0.020251,-0.021583
1704877805,66663,0.031125,0.095768,-9.378088,-0.013856,0.017054,-0.021317
1704877805,66678,0.038307,0.040701,-9.296685,-0.011724,0.025314,-0.018919
1704877805,66695,0.016759,-0.016759,-9.478644,-0.010925,0.018652,-0.022116
1704877805,66710,0.055067,-0.002394,-9.342175,-0.014655,0.017587,-0.019985
1704877805,66724,-0.009577,-0.031125,-9.524135,-0.013856,0.017054,-0.021051
1704877805,66739,0.040701,0.050278,-9.378088,-0.013323,0.017320,-0.022916
1704877805,66754,-0.016759,0.016759,-9.337387,-0.014655,0.015721,-0.026113
1704877805,66769,-0.035913,0.059855,-9.301474,-0.012257,0.019185,-0.020784
1704877805,66784,0.045490,0.050278,-9.504981,-0.012524,0.016521,-0.024781
1704877805,66801,0.031125,0.076614,-9.217676,-0.013856,0.021051,-0.019718
1704877805,66816,0.031125,0.000000,-9.466674,-0.011458,0.020518,-0.021850
1704877805,66830,0.000000,0.043096,-9.255983,-0.013856,0.011458,-0.020784
1704877805,66845,0.023942,0.009577,-9.301474,-0.010126,0.021051,-0.022383
1704877805,66860,0.016759,0.028730,-9.378088,-0.013856,0.019985,-0.018919
1704877805,66875,0.076614,0.000000,-9.500193,-0.011458,0.015721,-0.023182
1704877805,66890,-0.009577,0.011971,-9.313444,-0.014655,0.020518,-0.022649
1704877805,66907,0.043096,-0.009577,-9.524135,-0.011458,0.016254,-0.022649
1704877805,66921,0.009577,0.038307,-9.308656,-0.013590,0.014922,-0.018919
1704877805,66936,0.000000,0.026336,-9.361329,-0.014389,0.018919,-0.022649
1704877805,66951,0.055067,-0.035913,-9.524135,-0.012524,0.019718,-0.023182
1704877805,66966,0.088585,0.102951,-9.385271,-0.011724,0.020518,-0.021317
1704877805,66981,0.019154,-0.033519,-9.349358,-0.011991,0.021850,-0.022116
1704877805,66995,-0.002394,-0.016759,-9.421184,-0.012524,0.020518,-0.020784
1704877805,67013,-0.007183,0.023942,-9.445126,-0.014389,0.015988,-0.021583
1704877805,67027,0.016759,0.016759,-9.380483,-0.011458,0.018652,-0.021583
1704877805,67042,0.026336,0.002394,-9.387665,-0.011991,0.016521,-0.021583
1704877805,67057,0.004788,0.074220,-9.315839,-0.015188,0.019985,-0.020251
1704877805,67072,0.076614,0.067038,-9.516952,-0.010392,0.019185,-0.020518
1704877805,67087,0.112527,0.000000,-9.344569,-0.011991,0.014922,-0.021583
1704877805,67101,0.002394,0.033519,-9.334992,-0.012790,0.018919,-0.018919
1704877805,67119,0.062249,0.021548,-9.411607,-0.012524,0.018386,-0.021051
1704877805,67133,0.076614,0.019154,-9.380483,-0.013856,0.014922,-0.021317
1704877805,67148,0.002394,0.014365,-9.358934,-0.011724,0.018386,-0.023449
1704877805,67163,0.059855,0.028730,-9.382876,-0.013057,0.021051,-0.018386
1704877805,67178,-0.014365,0.035913,-9.349358,-0.013590,0.018119,-0.021583
1704877805,67193,0.047884,0.019154,-9.411607,-0.011724,0.017054,-0.022649
1704877805,67207,0.050278,-0.016759,-9.478644,-0.011458,0.017320,-0.022383
1704877805,67224,0.026336,0.086191,-9.356541,-0.010126,0.017587,-0.021583
1704877805,67239,0.038307,0.067038,-9.375694,-0.010658,0.017587,-0.020784
1704877805,67254,0.059855,-0.019154,-9.356541,-0.011724,0.015721,-0.024515
1704877805,67269,0.057461,0.059855,-9.339781,-0.015188,0.015455,-0.024515
1704877805,67283,0.004788,0.016759,-9.423578,-0.014389,0.015188,-0.022649
1704877805,67298,0.055067,0.062249,-9.406818,-0.013057,0.018919,-0.020251
1704877805,67313,0.045490,0.023942,-9.437943,-0.011191,0.018919,-0.022649
1704877805,67330,0.028730,0.016759,-9.414001,-0.013856,0.018119,-0.019985
1704877805,67345,0.055067,0.047884,-9.296685,-0.013590,0.018919,-0.022116
1704877805,67360,-0.023942,0.011971,-9.294291,-0.012257,0.016787,-0.021317
1704877805,67375,0.002394,-0.021548,-9.385271,-0.013856,0.019452,-0.021850
1704877805,67390,0.090980,-0.004788,-9.358934,-0.014655,0.017320,-0.018386
1704877805,67405,0.004788,0.045490,-9.344569,-0.012524,0.018919,-0.021317
1704877805,67423,0.071826,-0.002394,-9.402030,-0.013323,0.019985,-0.021051
1704877805,67438,0.011971,0.016759,-9.411607,-0.013323,0.022916,-0.021850
1704877805,67453,0.023942,0.021548,-9.385271,-0.012524,0.022383,-0.018919
1704877805,67468,0.050278,0.076614,-9.402030,-0.011724,0.013856,-0.021850
1704877805,67483,0.000000,0.043096,-9.387665,-0.011458,0.020784,-0.023982
1704877806,67498,0.028730,0.014365,-9.478644,-0.013057,0.020518,-0.020784
1704877806,67513,0.062249,0.019154,-9.380483,-0.013323,0.017320,-0.022116
1704877806,67531,0.009577,0.014365,-9.337387,-0.012524,0.017320,-0.022649
1704877806,67546,0.031125,0.019154,-9.260772,-0.014389,0.021850,-0.018652
1704877806,67561,-0.004788,0.028730,-9.366117,-0.011991,0.016254,-0.022383
1704877806,67576,0.074220,-0.023942,-9.394848,-0.013856,0.018386,-0.021850
1704877806,67591,0.002394,0.076614,-9.330204,-0.012790,0.019452,-0.021850
1704877806,67606,0.057461,0.002394,-9.409213,-0.011991,0.018386,-0.020251
1704877806,67621,0.050278,0.059855,-9.387665,-0.013856,0.016521,-0.021317
1704877806,67639,-0.021548,0.074220,-9.433155,-0.011991,0.015455,-0.022383
1704877806,67654,0.023942,0.028730,-9.423578,-0.011724,0.016521,-0.022649
1704877806,67669,0.067038,0.031125,-9.402030,-0.012790,0.018119,-0.020251
1704877806,67684,0.074220,-0.031125,-9.437943,-0.013856,0.016787,-0.019985
1704877806,67699,0.067038,0.090980,-9.425972,-0.012257,0.018386,-0.022649
1704877806,67714,-0.028730,0.071826,-9.224859,-0.012524,0.019718,-0.022383
1704877806,67729,0.045490,0.031125,-9.425972,-0.012524,0.021051,-0.024781
1704877806,67747,0.043096,0.098162,-9.308656,-0.012790,0.015188,-0.022916
1704877806,67762,0.074220,0.016759,-9.392453,-0.012524,0.022649,-0.019452
1704877806,67777,0.047884,-0.050278,-9.476251,-0.011191,0.013856,-0.022383
1704877806,67792,0.086191,0.057461,-9.375694,-0.010925,0.017853,-0.022916
1704877806,67807,0.031125,0.023942,-9.414001,-0.012790,0.017587,-0.019718
1704877806,67822,-0.014365,0.074220,-9.339781,-0.010658,0.018386,-0.021850
1704877806,67837,0.009577,0.002394,-9.346964,-0.013590,0.020251,-0.021317
1704877806,67855,0.064643,-0.004788,-9.313444,-0.011724,0.017853,-0.025314
1704877806,67870,0.031125,0.016759,-9.390059,-0.011191,0.015455,-0.022383
1704877806,67885,0.019154,-0.031125,-9.325416,-0.011991,0.017320,-0.023182
1704877806,67900,0.076614,0.021548,-9.299079,-0.012524,0.020251,-0.019185
1704877806,67915,0.090980,0.021548,-9.418790,-0.007994,0.020251,-0.019718
1704877806,67931,0.033519,-0.045490,-9.402030,-0.013057,0.017320,-0.022649
1704877806,67946,0.033519,0.035913,-9.437943,-0.016521,0.015188,-0.022383
1704877806,67963,0.083797,-0.028730,-9.325416,-0.007994,0.019452,-0.021850
1704877806,67978,0.002394,0.033519,-9.428367,-0.009593,0.016521,-0.022116
1704877806,67993,0.081403,-0.007183,-9.485827,-0.012524,0.015721,-0.022916
1704877806,68008,0.028730,0.052672,-9.555259,-0.015988,0.017320,-0.019718
1704877806,68024,0.028730,0.021548,-9.557653,-0.013323,0.017320,-0.019452
1704877806,68039,0.011971,-0.064643,-9.373300,-0.012790,0.012257,-0.024248
1704877806,68054,0.033519,-0.026336,-9.334992,-0.012790,0.015455,-0.021850
1704877806,68071,0.021548,0.028730,-9.208099,-0.013856,0.024248,-0.022649
1704877806,68086,0.007183,0.093374,-9.416395,-0.012790,0.019185,-0.021583
1704877806,68101,0.098162,0.086191,-9.311050,-0.018919,0.018386,-0.024515
1704877806,68117,0.052672,0.083797,-9.514558,-0.014123,0.014922,-0.022649
1704877806,68132,0.031125,0.052672,-9.169792,-0.011724,0.014123,-0.022916
1704877806,68147,0.031125,0.038307,-9.483433,-0.011191,0.018119,-0.019452
1704877806,68162,0.047884,0.028730,-9.244013,-0.008260,0.015721,-0.023182
1704877806,68187,0.076614,0.062249,-9.275137,-0.012790,0.015188,-0.021850
1704877806,68202,0.055067,0.057461,-9.382876,-0.012524,0.017054,-0.021051
1704877806,68217,0.055067,0.067038,-9.105149,-0.012257,0.016521,-0.023715
1704877806,68232,0.083797,-0.033519,-9.516952,-0.010925,0.020251,-0.022916
1704877806,68247,0.071826,0.011971,-9.258378,-0.013323,0.011991,-0.021850
1704877806,68261,-0.004788,-0.028730,-9.471462,-0.011191,0.021317,-0.022916
1704877806,68276,0.045490,0.028730,-9.334992,-0.010658,0.015721,-0.019185
1704877806,68293,0.090980,0.014365,-9.366117,-0.012790,0.017853,-0.021583
1704877806,68308,0.016759,0.023942,-9.255983,-0.015188,0.018919,-0.022383
1704877806,68323,0.019154,-0.007183,-9.349358,-0.009859,0.019985,-0.022383
1704877806,68338,0.095768,0.019154,-9.370906,-0.011458,0.013323,-0.021583
1704877806,68353,0.011971,0.011971,-9.301474,-0.010925,0.022649,-0.018119
1704877806,68367,0.059855,0.007183,-9.382876,-0.015988,0.019185,-0.023715
1704877806,68385,0.062249,0.007183,-9.349358,-0.011191,0.017853,-0.022649
1704877806,68399,0.021548,0.023942,-9.464279,-0.012257,0.019185,-0.021051
1704877806,68414,0.062249,0.031125,-9.313444,-0.012524,0.015988,-0.022916
1704877806,68429,0.062249,0.059855,-9.476251,-0.017054,0.015455,-0.019452
1704877806,68444,0.064643,0.021548,-9.275137,-0.011458,0.017320,-0.021051
1704877806,68459,-0.007183,0.019154,-9.528923,-0.015721,0.017587,-0.021850
1704877806,68474,-0.026336,0.045490,-9.323022,-0.012524,0.019185,-0.022916
1704877807,68491,0.076614,0.028730,-9.476251,-0.013057,0.025047,-0.019185
1704877807,68506,0.090980,-0.021548,-9.351752,-0.013323,0.018386,-0.020251
1704877807,68521,-0.047884,-0.004788,-9.406818,-0.012257,0.020251,-0.020251
1704877807,68535,-0.004788,0.098162,-9.397242,-0.013856,0.016521,-0.022649
1704877807,68550,0.129287,0.011971,-9.488221,-0.013856,0.014655,-0.023182
1704877807,68565,0.000000,0.035913,-9.172187,-0.008260,0.022383,-0.022383
1704877807,68580,0.023942,0.004788,-9.564836,-0.010925,0.025314,-0.019185
1704877807,68597,0.038307,0.050278,-9.255983,-0.016254,0.015721,-0.020518
1704877807,68612,0.028730,0.009577,-9.251195,-0.009859,0.028245,-0.022116
1704877807,68626,0.141258,-0.031125,-9.397242,-0.013856,0.015188,-0.020251
1704877807,68641,-0.038307,0.069432,-9.598354,-0.011191,0.012257,-0.022649
1704877807,68656,-0.148441,0.110133,-9.200917,-0.011191,0.024248,-0.021051
1704877807,68671,0.031125,0.007183,-9.454702,-0.012257,0.018652,-0.021583
1704877807,68686,0.067038,0.000000,-9.258378,-0.015721,0.015988,-0.020251
1704877807,68703,-0.047884,0.052672,-9.287108,-0.014123,0.019185,-0.020518
1704877807,68718,0.076614,-0.016759,-9.402030,-0.011991,0.015988,-0.019985
1704877807,68732,0.023942,-0.004788,-9.473856,-0.013856,0.013323,-0.022649
1704877807,68747,0.002394,0.052672,-9.217676,-0.014922,0.017853,-0.023449
1704877807,68762,0.043096,0.047884,-9.437943,-0.009593,0.020251,-0.018919
1704877807,68777,0.062249,-0.035913,-9.354146,-0.015188,0.013323,-0.022649
1704877807,68792,0.031125,0.009577,-9.497798,-0.014655,0.011991,-0.025314
1704877807,68809,-0.038307,-0.007183,-9.323022,-0.011458,0.019185,-0.021051
1704877807,68824,-0.035913,-0.004788,-9.404425,-0.010658,0.018652,-0.021051
1704877807,68838,0.083797,0.055067,-9.349358,-0.011991,0.016787,-0.020784
1704877807,68853,0.040701,0.045490,-9.385271,-0.013057,0.017587,-0.021317
1704877807,68868,0.045490,0.093374,-9.454702,-0.013590,0.019185,-0.020251
1704877807,68883,0.062249,-0.014365,-9.332599,-0.014123,0.017320,-0.023182
1704877807,68898,0.023942,0.045490,-9.397242,-0.012257,0.017054,-0.022116
1704877807,68915,0.016759,0.033519,-9.267955,-0.015188,0.021317,-0.020518
1704877807,68929,0.055067,-0.009577,-9.406818,-0.013856,0.017054,-0.018119
1704877807,68944,0.045490,0.009577,-9.370906,-0.013323,0.017054,-0.021317
1704877807,68959,0.055067,0.009577,-9.363723,-0.012257,0.018119,-0.021051
1704877807,68974,-0.007183,0.043096,-9.385271,-0.013057,0.015988,-0.021583
1704877807,68988,0.083797,0.035913,-9.411607,-0.011991,0.017587,-0.018119
1704877807,69003,0.095768,0.057461,-9.325416,-0.013590,0.023182,-0.022383
1704877807,69020,0.026336,0.014365,-9.394848,-0.013856,0.023982,-0.021317
1704877807,69035,-0.004788,0.038307,-9.232041,-0.012790,0.013856,-0.022116
1704877807,69050,0.007183,0.035913,-9.397242,-0.011458,0.021051,-0.017853
1704877807,69065,0.040701,0.059855,-9.109938,-0.010925,0.036772,-0.021051
1704877807,69080,0.143652,-0.038307,-9.665392,-0.010925,0.018652,-0.019985
1704877807,69096,0.045490,0.038307,-9.232041,-0.014389,0.012257,-0.021850
1704877807,69111,-0.016759,0.071826,-9.466674,-0.013323,0.022916,-0.020251
1704877807,69128,0.045490,0.052672,-9.354146,-0.011458,0.018386,-0.020784
1704877807,69143,-0.014365,0.055067,-9.363723,-0.010126,0.019718,-0.023182
1704877807,69158,0.028730,0.043096,-9.291897,-0.013856,0.023982,-0.018919
1704877807,69173,0.059855,0.064643,-9.583989,-0.013856,0.007461,-0.024248
1704877807,69188,0.009577,0.076614,-9.088389,-0.011724,0.014922,-0.022116
1704877807,69203,0.031125,-0.011971,-9.526528,-0.013057,0.024781,-0.022916
1704877807,69221,0.114922,0.045490,-9.421184,-0.015455,0.009593,-0.020784
1704877807,69236,-0.031125,-0.019154,-9.368511,-0.010925,0.021317,-0.022649
1704877807,69251,0.057461,-0.019154,-9.356541,-0.014922,0.019985,-0.019985
1704877807,69266,-0.033519,0.031125,-9.418790,-0.012790,0.013590,-0.022649
1704877807,69281,-0.004788,0.023942,-9.323022,-0.011191,0.020518,-0.022383
1704877807,69297,0.047884,0.021548,-9.411607,-0.013856,0.017853,-0.021317
1704877807,69312,0.069432,0.014365,-9.454702,-0.015988,0.011724,-0.021051
1704877807,69329,0.004788,0.002394,-9.239224,-0.013057,0.020784,-0.021850
1704877807,69344,0.122104,-0.011971,-9.567230,-0.012524,0.019185,-0.016521
1704877807,69359,0.038307,0.059855,-9.272743,-0.012257,0.014922,-0.022916
1704877807,69374,0.038307,0.028730,-9.311050,-0.013856,0.024781,-0.021051
1704877807,69390,0.043096,0.052672,-9.452309,-0.013856,0.015455,-0.020251
1704877807,69405,0.007183,0.035913,-9.387665,-0.010925,0.018386,-0.018919
1704877807,69420,-0.031125,0.038307,-9.284714,-0.011724,0.017853,-0.023182
1704877807,69437,0.007183,0.038307,-9.361329,-0.009326,0.017320,-0.019718
1704877807,69452,0.009577,0.067038,-9.327810,-0.012524,0.017587,-0.021317
1704877807,69468,0.052672,-0.055067,-9.356541,-0.012524,0.020251,-0.018919
1704877807,69483,0.062249,0.040701,-9.363723,-0.012257,0.017853,-0.022916
1704877808,69498,-0.004788,0.009577,-9.289502,-0.009859,0.017587,-0.022383
1704877808,69513,0.007183,-0.059855,-9.411607,-0.013856,0.018919,-0.021850
1704877808,69528,-0.023942,0.007183,-9.378088,-0.013057,0.015721,-0.022116
1704877808,69545,0.033519,0.040701,-9.375694,-0.014655,0.015988,-0.020784
1704877808,69561,0.007183,-0.004788,-9.368511,-0.014123,0.021051,-0.022649
1704877808,69576,0.004788,0.043096,-9.392453,-0.014655,0.015988,-0.019718
1704877808,69591,0.033519,0.059855,-9.267955,-0.013590,0.016521,-0.021317
1704877808,69606,0.050278,-0.019154,-9.397242,-0.010925,0.020251,-0.020251
1704877808,69621,-0.002394,0.079009,-9.394848,-0.013856,0.018386,-0.022116
1704877808,69636,0.009577,-0.004788,-9.421184,-0.011991,0.020251,-0.022916
1704877808,69654,-0.019154,0.026336,-9.366117,-0.013057,0.015988,-0.021317
1704877808,69669,0.033519,0.028730,-9.349358,-0.011724,0.015721,-0.023182
1704877808,69684,0.069432,-0.004788,-9.409213,-0.010126,0.019452,-0.022916
1704877808,69699,0.031125,0.069432,-9.375694,-0.014123,0.018119,-0.022649
1704877808,69714,0.011971,0.033519,-9.382876,-0.015721,0.017587,-0.024515
1704877808,69729,-0.011971,0.047884,-9.433155,-0.009326,0.019185,-0.024515
1704877808,69744,0.038307,0.014365,-9.378088,-0.011191,0.019185,-0.022116
1704877808,69762,0.009577,-0.007183,-9.344569,-0.013057,0.017054,-0.021317
1704877808,69777,0.059855,0.002394,-9.418790,-0.014655,0.019985,-0.021317
1704877808,69792,0.086191,0.000000,-9.418790,-0.014922,0.015988,-0.018386
1704877808,69807,0.059855,0.043096,-9.414001,-0.014655,0.018119,-0.024248
1704877808,69822,0.045490,0.038307,-9.315839,-0.009859,0.015455,-0.024515
1704877808,69837,0.011971,0.076614,-9.406818,-0.009593,0.019185,-0.021850
1704877808,69852,0.038307,0.038307,-9.375694,-0.014389,0.016254,-0.021850
1704877808,69877,0.023942,0.047884,-9.306262,-0.013057,0.019452,-0.021317
1704877808,69893,0.093374,-0.059855,-9.423578,-0.012790,0.015188,-0.022649
1704877808,69907,0.067038,-0.004788,-9.445126,-0.011458,0.016521,-0.021850
1704877808,69922,0.023942,0.047884,-9.406818,-0.012790,0.020251,-0.019985
1704877808,69937,0.052672,-0.016759,-9.373300,-0.013590,0.017320,-0.021583
1704877808,69951,-0.014365,0.014365,-9.318233,-0.012257,0.018119,-0.024781
1704877808,69966,0.067038,0.040701,-9.382876,-0.014123,0.017587,-0.020784
1704877808,69983,0.019154,0.002394,-9.342175,-0.013323,0.016254,-0.018919
1704877808,69998,0.026336,0.031125,-9.390059,-0.014389,0.019985,-0.022649
1704877808,70013,0.114922,-0.011971,-9.454702,-0.013057,0.013590,-0.020784
1704877808,70028,0.057461,-0.002394,-9.406818,-0.011191,0.017587,-0.020784
1704877808,70043,0.038307,-0.007183,-9.414001,-0.010392,0.014922,-0.019718
1704877808,70057,0.055067,0.057461,-9.370906,-0.010392,0.015721,-0.023449
1704877808,70074,0.047884,0.059855,-9.375694,-0.012524,0.020518,-0.019985
1704877808,70089,0.035913,0.021548,-9.418790,-0.013323,0.019718,-0.020784
1704877808,70104,-0.014365,0.040701,-9.311050,-0.010126,0.016254,-0.023449
1704877808,70119,0.033519,0.009577,-9.394848,-0.014389,0.015721,-0.019185
1704877808,70134,0.035913,0.035913,-9.380483,-0.013323,0.018652,-0.021317
1704877808,70148,0.047884,0.002394,-9.382876,-0.013856,0.017320,-0.021317
1704877808,70163,0.057461,0.122104,-9.346964,-0.011724,0.019718,-0.021051
1704877808,70180,0.026336,-0.045490,-9.442732,-0.010392,0.018652,-0.021583
1704877808,70195,0.002394,0.052672,-9.363723,-0.013590,0.021317,-0.019185
1704877808,70210,0.031125,0.038307,-9.406818,-0.011991,0.019985,-0.023449
1704877808,70225,0.019154,0.014365,-9.358934,-0.013323,0.017587,-0.020784
1704877808,70240,-0.011971,0.031125,-9.445126,-0.014123,0.019185,-0.022383
1704877808,70254,0.100556,-0.004788,-9.332599,-0.011191,0.019452,-0.022649
1704877808,70269,-0.009577,0.000000,-9.308656,-0.012257,0.015188,-0.021317
1704877808,70286,0.083797,0.038307,-9.342175,-0.013057,0.018652,-0.021051
1704877808,70301,0.019154,0.023942,-9.430760,-0.012257,0.018119,-0.021850
1704877808,70316,0.069432,0.035913,-9.454702,-0.010392,0.017320,-0.022649
1704877808,70331,0.004788,0.095768,-9.404425,-0.011724,0.017853,-0.021850
1704877808,70346,0.011971,0.002394,-9.392453,-0.012524,0.015455,-0.023182
1704877808,70360,0.074220,-0.011971,-9.387665,-0.012257,0.023982,-0.020251
1704877808,70375,0.038307,0.023942,-9.423578,-0.011991,0.017054,-0.020518
1704877808,70392,0.004788,0.016759,-9.323022,-0.013057,0.018119,-0.022383
1704877808,70407,-0.016759,-0.023942,-9.344569,-0.009593,0.015188,-0.022649
1704877808,70422,0.009577,0.033519,-9.289502,-0.010925,0.021850,-0.023449
1704877808,70437,0.026336,0.057461,-9.323022,-0.009593,0.016521,-0.020784
1704877808,70452,0.000000,0.064643,-9.390059,-0.012257,0.020251,-0.019985
1704877808,70467,-0.002394,0.045490,-9.385271,-0.013323,0.017587,-0.022916
1704877808,70481,-0.045490,0.016759,-9.428367,-0.013856,0.019452,-0.022649
1704877809,70499,0.009577,0.002394,-9.375694,-0.012524,0.017587,-0.019985
1704877809,70513,0.067038,0.035913,-9.390059,-0.011458,0.016254,-0.021850
1704877809,70528,0.050278,0.009577,-9.373300,-0.012524,0.017054,-0.020518
1704877809,70543,0.007183,0.009577,-9.368511,-0.011724,0.017054,-0.022649
1704877809,70558,0.028730,0.047884,-9.380483,-0.014922,0.019452,-0.021051
1704877809,70573,-0.023942,0.014365,-9.361329,-0.013856,0.018652,-0.020784
1704877809,70587,0.004788,0.043096,-9.363723,-0.013856,0.016521,-0.020784
1704877809,70604,0.076614,0.014365,-9.291897,-0.011724,0.021317,-0.022649
1704877809,70619,0.107739,-0.026336,-9.361329,-0.013856,0.017320,-0.022916
1704877809,70634,-0.033519,-0.009577,-9.394848,-0.010658,0.018119,-0.023982
1704877809,70649,0.055067,-0.004788,-9.315839,-0.011724,0.018386,-0.022116
1704877809,70663,0.004788,0.057461,-9.323022,-0.012790,0.020518,-0.025047
1704877809,70678,0.023942,0.021548,-9.399636,-0.013590,0.016254,-0.020784
1704877809,70693,-0.045490,0.047884,-9.385271,-0.013590,0.017853,-0.018919
1704877809,70710,-0.007183,0.035913,-9.346964,-0.011724,0.018119,-0.019718
1704877809,70725,0.047884,0.021548,-9.437943,-0.013057,0.019452,-0.021051
1704877809,70740,0.043096,0.016759,-9.330204,-0.012790,0.017054,-0.019985
1704877809,70755,0.057461,0.014365,-9.370906,-0.012257,0.019452,-0.020784
1704877809,70770,0.031125,0.011971,-9.399636,-0.011458,0.017853,-0.019985
1704877809,70785,-0.028730,0.035913,-9.433155,-0.011191,0.015721,-0.021317
1704877809,70800,0.028730,0.040701,-9.452309,-0.010392,0.016521,-0.020784
1704877809,70818,0.059855,0.050278,-9.358934,-0.010925,0.016521,-0.023182
1704877809,70833,0.035913,-0.019154,-9.442732,-0.014389,0.018919,-0.021051
1704877809,70848,0.019154,0.000000,-9.346964,-0.014389,0.017054,-0.021583
1704877809,70863,0.057461,0.047884,-9.440337,-0.013590,0.018652,-0.023715
1704877809,70878,0.043096,0.011971,-9.358934,-0.012524,0.018652,-0.024515
1704877809,70894,0.019154,0.031125,-9.459491,-0.013590,0.019452,-0.019985
1704877809,70909,0.055067,0.002394,-9.368511,-0.011458,0.021850,-0.022116
1704877809,70926,0.059855,-0.011971,-9.399636,-0.012524,0.018652,-0.021850
1704877809,70941,0.000000,0.088585,-9.375694,-0.013323,0.016254,-0.022916
1704877809,70956,0.067038,0.031125,-9.457097,-0.011724,0.022649,-0.021583
1704877809,70972,-0.033519,0.035913,-9.423578,-0.013323,0.015721,-0.022116
1704877809,70987,0.031125,0.045490,-9.318233,-0.011191,0.021850,-0.022649
1704877809,71002,0.057461,-0.009577,-9.414001,-0.014922,0.016787,-0.024515
1704877809,71019,0.033519,0.083797,-9.459491,-0.013590,0.014123,-0.022116
1704877809,71035,0.031125,0.047884,-9.449914,-0.011724,0.018386,-0.020251
1704877809,71050,0.071826,0.052672,-9.361329,-0.013323,0.015455,-0.020784
1704877809,71065,0.016759,0.007183,-9.416395,-0.011458,0.018919,-0.019985
1704877809,71080,-0.014365,0.076614,-9.375694,-0.011458,0.018652,-0.022383
1704877809,71095,0.038307,0.038307,-9.351752,-0.014655,0.014655,-0.017587
1704877809,71121,-0.016759,-0.033519,-9.339781,-0.011991,0.018919,-0.021583
1704877809,71138,0.050278,0.062249,-9.411607,-0.011191,0.015721,-0.023449
1704877809,71153,-0.002394,0.014365,-9.390059,-0.012257,0.018386,-0.023982
1704877809,71168,0.002394,0.090980,-9.354146,-0.011458,0.019185,-0.018119
1704877809,71183,0.004788,0.047884,-9.447520,-0.014922,0.020251,-0.021583
1704877809,71198,0.002394,0.055067,-9.392453,-0.012524,0.020251,-0.023449
1704877809,71213,-0.019154,0.114922,-9.258378,-0.011458,0.020518,-0.022649
1704877809,71228,0.002394,0.021548,-9.358934,-0.010658,0.018386,-0.021051
1704877809,71246,0.067038,-0.067038,-9.375694,-0.013590,0.018119,-0.018919
1704877809,71261,0.002394,0.035913,-9.411607,-0.016521,0.014655,-0.022383
1704877809,71276,0.014365,-0.023942,-9.358934,-0.011724,0.018119,-0.017853
1704877809,71291,0.031125,-0.002394,-9.380483,-0.012790,0.017587,-0.024248
1704877809,71306,0.000000,0.019154,-9.311050,-0.015721,0.019985,-0.020784
1704877809,71321,0.031125,0.045490,-9.402030,-0.013590,0.016521,-0.021850
1704877809,71337,0.059855,0.033519,-9.320627,-0.012257,0.019452,-0.023982
1704877809,71354,0.057461,0.045490,-9.442732,-0.012524,0.020784,-0.021317
1704877809,71369,0.040701,0.009577,-9.323022,-0.013856,0.015188,-0.021850
1704877809,71384,0.045490,0.009577,-9.373300,-0.012790,0.017320,-0.022649
1704877809,71399,0.102951,0.079009,-9.330204,-0.013323,0.018652,-0.019452
1704877809,71415,0.026336,-0.004788,-9.349358,-0.010392,0.016521,-0.018386
1704877809,71430,0.067038,0.033519,-9.416395,-0.012790,0.017054,-0.021317
1704877809,71445,-0.019154,0.014365,-9.464279,-0.012257,0.015988,-0.022383
1704877809,71462,0.047884,0.038307,-9.442732,-0.014389,0.018119,-0.023982
1704877809,71477,0.050278,-0.007183,-9.346964,-0.011458,0.020251,-0.019452
