timestamp,millis,AccX.AccY,AccZ,GyroX,GyroY,GyroZ
1706614938,1186797,0.110133,0.047884,-9.497798,-0.016521,0.016521,-0.019185
1706614938,1186818,0.141258,0.000000,-9.555259,-0.013856,0.017320,-0.020251
1706614938,1186838,0.067038,-0.088585,-9.485827,-0.011991,0.019718,-0.022649
1706614938,1186859,0.071826,0.055067,-9.509769,-0.014922,0.016254,-0.020251
1706614938,1186881,0.119710,-0.019154,-9.493010,-0.015721,0.018652,-0.022383
1706614938,1186902,0.141258,-0.052672,-9.562442,-0.015988,0.016254,-0.019985
1706614938,1186922,0.090980,0.023942,-9.495404,-0.013590,0.014123,-0.021051
1706614938,1186942,0.102951,0.009577,-9.507375,-0.012257,0.019185,-0.021583
1706614938,1186963,0.165200,-0.043096,-9.564836,-0.010925,0.014389,-0.020784
1706614938,1186983,0.148441,0.007183,-9.543288,-0.017853,0.018652,-0.023715
1706614938,1187004,0.083797,-0.014365,-9.497798,-0.011724,0.018919,-0.022649
1706614938,1187026,0.105345,-0.033519,-9.478644,-0.013590,0.014655,-0.023982
1706614938,1187047,0.076614,-0.019154,-9.512163,-0.012524,0.017054,-0.017587
1706614938,1187067,0.083797,-0.011971,-9.548077,-0.015455,0.017320,-0.022649
1706614938,1187087,0.055067,0.002394,-9.569624,-0.015455,0.014389,-0.021317
1706614938,1187108,0.086191,-0.043096,-9.504981,-0.014655,0.015988,-0.019985
1706614938,1187128,0.110133,-0.047884,-9.617508,-0.011991,0.018652,-0.020518
1706614938,1187148,0.122104,-0.050278,-9.538500,-0.017054,0.014655,-0.020251
1706614938,1187168,0.074220,-0.011971,-9.514558,-0.014389,0.019718,-0.022383
1706614938,1187188,0.059855,-0.031125,-9.457097,-0.014123,0.015988,-0.021051
1706614938,1187208,0.112527,-0.074220,-9.572019,-0.013323,0.018919,-0.022383
1706614938,1187228,0.153229,-0.038307,-9.516952,-0.011991,0.017853,-0.022116
1706614938,1187249,0.122104,-0.038307,-9.560047,-0.016521,0.017320,-0.022116
1706614938,1187269,0.136469,-0.047884,-9.430760,-0.012524,0.017054,-0.019185
1706614938,1187300,0.069432,-0.031125,-9.603143,-0.013323,0.017320,-0.021051
1706614938,1187322,0.184354,-0.052672,-9.562442,-0.008793,0.017587,-0.021317
1706614938,1187342,0.100556,-0.007183,-9.519346,-0.015455,0.015721,-0.022649
1706614938,1187362,0.131681,-0.031125,-9.524135,-0.010658,0.017320,-0.019185
1706614938,1187382,0.076614,-0.069432,-9.624691,-0.013057,0.016787,-0.022116
1706614938,1187402,0.102951,-0.002394,-9.574412,-0.015188,0.020518,-0.020518
1706614938,1187422,0.076614,-0.026336,-9.581595,-0.014655,0.017320,-0.017587
1706614938,1187444,0.114922,0.016759,-9.528923,-0.015188,0.017587,-0.016787
1706614938,1187464,0.136469,0.011971,-9.543288,-0.016254,0.016254,-0.022649
1706614938,1187484,0.095768,-0.057461,-9.478644,-0.014922,0.023182,-0.019718
1706614938,1187505,0.105345,-0.035913,-9.509769,-0.010392,0.019985,-0.020251
1706614938,1187525,0.100556,-0.062249,-9.504981,-0.013856,0.017054,-0.022383
1706614938,1187545,0.064643,-0.016759,-9.490616,-0.013323,0.017320,-0.020784
1706614938,1187567,0.100556,-0.047884,-9.497798,-0.012524,0.014922,-0.022383
1706614938,1187587,0.086191,-0.062249,-9.526528,-0.014123,0.019718,-0.023715
1706614938,1187607,0.059855,-0.026336,-9.555259,-0.012790,0.018919,-0.021317
1706614938,1187627,0.184354,0.011971,-9.612720,-0.015721,0.018652,-0.021317
1706614938,1187647,0.122104,-0.043096,-9.461885,-0.011458,0.015721,-0.018386
1706614938,1187668,0.114922,-0.074220,-9.569624,-0.014922,0.017054,-0.018652
1706614938,1187688,0.095768,-0.040701,-9.509769,-0.014123,0.016787,-0.022916
1706614938,1187710,0.114922,0.028730,-9.500193,-0.011458,0.017587,-0.024248
1706614938,1187730,0.110133,-0.023942,-9.509769,-0.015988,0.018652,-0.021051
1706614938,1187750,0.102951,-0.016759,-9.519346,-0.017054,0.019718,-0.021850
1706614938,1187770,0.086191,-0.016759,-9.684546,-0.013323,0.015721,-0.021850
1706614939,1187790,0.129287,0.002394,-9.461885,-0.017054,0.017853,-0.020784
1706614939,1187810,0.088585,-0.033519,-9.543288,-0.016521,0.018652,-0.020518
1706614939,1187831,0.107739,0.019154,-9.457097,-0.015721,0.015988,-0.021317
1706614939,1187853,0.098162,-0.031125,-9.485827,-0.014922,0.013057,-0.022649
1706614939,1187873,0.124498,-0.009577,-9.507375,-0.012524,0.018119,-0.021051
1706614939,1187893,0.052672,-0.023942,-9.500193,-0.010392,0.020784,-0.019452
1706614939,1187913,0.074220,0.016759,-9.476251,-0.017054,0.018386,-0.018119
1706614939,1187933,0.114922,-0.023942,-9.617508,-0.013856,0.014922,-0.017587
1706614939,1187953,0.069432,0.002394,-9.526528,-0.011191,0.018386,-0.021317
1706614939,1187973,0.069432,-0.081403,-9.514558,-0.011191,0.015721,-0.020784
1706614939,1187992,0.138864,-0.033519,-9.502586,-0.013323,0.016521,-0.021583
1706614939,1188012,0.047884,-0.007183,-9.483433,-0.013323,0.019985,-0.021051
1706614939,1188032,0.086191,0.016759,-9.385271,-0.013856,0.018919,-0.019985
1706614939,1188053,0.083797,-0.009577,-9.461885,-0.013323,0.017320,-0.023449
1706614939,1188073,0.088585,-0.045490,-9.509769,-0.012790,0.017587,-0.019985
1706614939,1188093,0.138864,-0.055067,-9.512163,-0.013323,0.014389,-0.022116
1706614939,1188115,0.055067,0.016759,-9.560047,-0.014922,0.013323,-0.022649
1706614939,1188135,0.107739,0.026336,-9.504981,-0.014389,0.019185,-0.024781
1706614939,1188155,0.086191,-0.055067,-9.478644,-0.011724,0.018919,-0.020251
1706614939,1188175,0.045490,-0.062249,-9.397242,-0.010925,0.019185,-0.019452
1706614939,1188196,0.081403,0.007183,-9.516952,-0.016254,0.018919,-0.020518
1706614939,1188216,0.119710,-0.045490,-9.430760,-0.013323,0.017853,-0.022116
1706614939,1188236,0.129287,-0.002394,-9.502586,-0.014123,0.017054,-0.018919
1706614939,1188258,0.148441,0.000000,-9.500193,-0.012524,0.018386,-0.019452
1706614939,1188278,0.079009,-0.019154,-9.476251,-0.014123,0.012257,-0.018386
1706614939,1188298,0.126893,0.009577,-9.493010,-0.014655,0.017853,-0.022383
1706614939,1188318,0.105345,0.050278,-9.610326,-0.013057,0.014123,-0.019985
1706614939,1188338,0.081403,-0.052672,-9.526528,-0.013856,0.015721,-0.019718
1706614939,1188358,0.083797,-0.057461,-9.481039,-0.013057,0.017054,-0.023449
1706614939,1188378,0.079009,0.000000,-9.572019,-0.012524,0.017320,-0.021583
1706614939,1188401,0.069432,-0.007183,-9.557653,-0.014123,0.018652,-0.020251
1706614939,1188421,0.129287,0.004788,-9.557653,-0.015188,0.017054,-0.019452
1706614939,1188441,0.117316,0.016759,-9.497798,-0.010658,0.015455,-0.021583
1706614939,1188462,0.143652,-0.023942,-9.526528,-0.011724,0.016787,-0.018386
1706614939,1188482,0.117316,-0.026336,-9.533711,-0.011991,0.017853,-0.022649
1706614939,1188502,0.064643,0.019154,-9.581595,-0.014922,0.016787,-0.021583
1706614939,1188525,0.086191,-0.011971,-9.557653,-0.014389,0.016254,-0.019985
1706614939,1188545,0.035913,-0.021548,-9.447520,-0.015455,0.015721,-0.023449
1706614939,1188566,0.148441,-0.035913,-9.528923,-0.012790,0.015988,-0.018652
1706614939,1188586,0.095768,-0.040701,-9.490616,-0.014655,0.018119,-0.018386
1706614939,1188607,0.150835,-0.007183,-9.552865,-0.013856,0.020784,-0.020518
1706614939,1188627,0.090980,0.016759,-9.548077,-0.014123,0.014389,-0.020784
1706614939,1188648,0.079009,-0.047884,-9.519346,-0.012790,0.017320,-0.022116
1706614939,1188670,0.031125,0.021548,-9.543288,-0.013057,0.017587,-0.021583
1706614939,1188691,0.093374,-0.019154,-9.521740,-0.013323,0.015988,-0.019452
1706614939,1188711,0.090980,0.014365,-9.610326,-0.015188,0.016521,-0.020784
1706614939,1188732,0.083797,0.014365,-9.418790,-0.016787,0.016787,-0.022116
1706614939,1188752,0.110133,-0.019154,-9.524135,-0.013323,0.019718,-0.020518
1706614939,1188772,0.076614,-0.035913,-9.512163,-0.016521,0.016254,-0.020518
1706614940,1188793,0.050278,-0.062249,-9.600749,-0.013590,0.018919,-0.021317
1706614940,1188816,0.100556,-0.055067,-9.519346,-0.014389,0.018386,-0.021317
1706614940,1188836,0.138864,-0.028730,-9.504981,-0.017320,0.017587,-0.022649
1706614940,1188856,0.100556,0.026336,-9.454702,-0.014123,0.016521,-0.023982
1706614940,1188877,0.117316,-0.047884,-9.545682,-0.015721,0.017054,-0.018119
1706614940,1188897,0.136469,-0.004788,-9.495404,-0.013323,0.020784,-0.022383
1706614940,1188918,0.114922,0.000000,-9.552865,-0.012257,0.018119,-0.018919
1706614940,1188940,0.086191,0.000000,-9.490616,-0.014655,0.019985,-0.020518
1706614940,1188961,0.122104,-0.019154,-9.538500,-0.012790,0.018652,-0.021850
1706614940,1188981,0.057461,0.021548,-9.514558,-0.012257,0.015721,-0.023715
1706614940,1189001,0.083797,0.026336,-9.629479,-0.013323,0.015188,-0.022116
1706614940,1189022,0.083797,-0.004788,-9.394848,-0.013323,0.019185,-0.024515
1706614940,1189042,0.102951,0.004788,-9.548077,-0.013323,0.020518,-0.020518
1706614940,1189063,0.129287,-0.035913,-9.495404,-0.013590,0.018652,-0.019185
1706614940,1189085,0.148441,-0.038307,-9.552865,-0.016521,0.018119,-0.021051
1706614940,1189106,0.098162,-0.067038,-9.490616,-0.010658,0.018919,-0.018119
1706614940,1189126,0.110133,0.009577,-9.457097,-0.014655,0.020784,-0.021051
1706614940,1189147,0.079009,-0.038307,-9.564836,-0.016521,0.013856,-0.021583
1706614940,1189167,0.062249,-0.023942,-9.526528,-0.015188,0.014655,-0.022916
1706614940,1189188,0.105345,0.011971,-9.555259,-0.014123,0.015721,-0.017853
1706614940,1189208,0.114922,-0.074220,-9.600749,-0.013590,0.016787,-0.022116
1706614940,1189231,0.112527,0.031125,-9.550470,-0.014123,0.018652,-0.018919
1706614940,1189251,0.107739,0.035913,-9.572019,-0.011191,0.019985,-0.022916
1706614940,1189271,0.064643,-0.083797,-9.423578,-0.014655,0.024248,-0.019452
1706614940,1189292,0.095768,0.052672,-9.497798,-0.013590,0.017853,-0.021051
1706614940,1189312,0.112527,-0.011971,-9.548077,-0.015188,0.018119,-0.020784
1706614940,1189332,0.107739,0.009577,-9.516952,-0.014389,0.017054,-0.020518
1706614940,1189355,0.114922,-0.023942,-9.497798,-0.017320,0.016521,-0.018386
1706614940,1189375,0.021548,-0.069432,-9.531317,-0.013590,0.018119,-0.020784
1706614940,1189396,0.124498,0.007183,-9.564836,-0.012790,0.018652,-0.020251
1706614940,1189416,0.095768,-0.045490,-9.476251,-0.015455,0.017054,-0.019452
1706614940,1189436,0.122104,-0.083797,-9.502586,-0.014922,0.018652,-0.020784
1706614940,1189457,0.107739,-0.023942,-9.567230,-0.013057,0.019718,-0.023715
1706614940,1189477,0.090980,0.019154,-9.519346,-0.013856,0.018119,-0.020784
1706614940,1189508,0.088585,0.004788,-9.488221,-0.013323,0.016787,-0.022383
1706614940,1189530,0.143652,0.021548,-9.555259,-0.013590,0.021051,-0.023182
1706614940,1189550,0.076614,-0.035913,-9.414001,-0.015988,0.018919,-0.021583
1706614940,1189570,0.093374,-0.045490,-9.490616,-0.013856,0.015455,-0.021051
1706614940,1189590,0.074220,-0.050278,-9.478644,-0.013323,0.017587,-0.022116
1706614940,1189610,0.095768,0.014365,-9.421184,-0.015188,0.017320,-0.023982
1706614940,1189630,0.088585,0.031125,-9.576807,-0.012524,0.018652,-0.019985
1706614940,1189652,0.110133,-0.009577,-9.536105,-0.011724,0.018919,-0.021051
1706614940,1189672,0.172383,-0.040701,-9.569624,-0.014123,0.019985,-0.022649
1706614940,1189692,0.098162,0.016759,-9.576807,-0.012524,0.016521,-0.019985
1706614940,1189712,0.074220,0.007183,-9.504981,-0.014389,0.017320,-0.022649
1706614940,1189733,0.138864,0.000000,-9.557653,-0.013590,0.017054,-0.018386
1706614940,1189753,0.119710,-0.031125,-9.478644,-0.013590,0.017587,-0.023449
1706614940,1189775,0.100556,-0.004788,-9.536105,-0.013856,0.018119,-0.021583
