timestamp,millis,AccX.AccY,AccZ,GyroX,GyroY,GyroZ
1706605545,122006,0.064643,-0.019154,-9.495404,-0.014389,0.015721,-0.019452
1706605545,122021,0.136469,-0.004788,-9.509769,-0.014123,0.017587,-0.019985
1706605545,122036,0.095768,-0.021548,-9.449914,-0.014389,0.017054,-0.020518
1706605545,122051,0.033519,-0.057461,-9.449914,-0.014123,0.015721,-0.019452
1706605545,122066,0.102951,-0.021548,-9.555259,-0.014922,0.020784,-0.020518
1706605545,122083,0.083797,-0.011971,-9.447520,-0.016254,0.019718,-0.021051
1706605545,122098,0.105345,-0.011971,-9.447520,-0.015988,0.017587,-0.018119
1706605545,122113,0.093374,-0.021548,-9.533711,-0.013590,0.015455,-0.020784
1706605545,122128,0.055067,-0.035913,-9.552865,-0.012524,0.017587,-0.023182
1706605545,122142,0.088585,-0.040701,-9.514558,-0.010392,0.015988,-0.021583
1706605545,122157,0.076614,-0.045490,-9.495404,-0.015188,0.017853,-0.022383
1706605545,122172,0.088585,-0.004788,-9.512163,-0.012790,0.012257,-0.022916
1706605545,122189,0.134075,0.016759,-9.512163,-0.013323,0.018652,-0.021051
1706605545,122204,0.086191,0.007183,-9.526528,-0.014123,0.022649,-0.022649
1706605545,122219,0.047884,-0.040701,-9.598354,-0.011991,0.018119,-0.022916
1706605545,122234,0.090980,0.009577,-9.504981,-0.015721,0.018919,-0.022116
1706605545,122248,0.095768,-0.011971,-9.416395,-0.014922,0.017853,-0.021317
1706605545,122263,0.095768,0.011971,-9.548077,-0.011458,0.018652,-0.023182
1706605545,122280,0.093374,-0.009577,-9.471462,-0.014655,0.019718,-0.021317
1706605545,122295,0.105345,0.023942,-9.442732,-0.014655,0.018119,-0.024248
1706605545,122311,0.079009,0.023942,-9.478644,-0.013057,0.015455,-0.018919
1706605545,122326,0.117316,-0.016759,-9.320627,-0.010392,0.017853,-0.021850
1706605545,122341,0.141258,-0.062249,-9.507375,-0.013323,0.014123,-0.020518
1706605545,122356,0.122104,-0.019154,-9.481039,-0.015988,0.016521,-0.021583
1706605545,122371,0.098162,-0.031125,-9.514558,-0.014123,0.016254,-0.019185
1706605545,122388,0.083797,-0.055067,-9.550470,-0.012257,0.017853,-0.019185
1706605545,122404,0.141258,-0.002394,-9.500193,-0.015455,0.014655,-0.020518
1706605545,122419,0.095768,-0.002394,-9.421184,-0.011458,0.017054,-0.017054
1706605545,122434,0.028730,-0.067038,-9.543288,-0.011458,0.017054,-0.021850
1706605545,122449,0.107739,0.002394,-9.519346,-0.016521,0.015988,-0.023715
1706605545,122464,0.129287,0.040701,-9.490616,-0.012524,0.018652,-0.018652
1706605545,122479,0.134075,-0.026336,-9.502586,-0.016254,0.017587,-0.018386
1706605545,122497,0.071826,-0.083797,-9.519346,-0.014389,0.016521,-0.020251
1706605545,122512,0.079009,0.000000,-9.414001,-0.015988,0.017320,-0.022916
1706605545,122527,0.093374,0.011971,-9.500193,-0.012790,0.017320,-0.019718
1706605545,122542,0.102951,-0.004788,-9.488221,-0.013590,0.017320,-0.022649
1706605545,122558,0.086191,0.004788,-9.478644,-0.011724,0.017320,-0.017853
1706605545,122573,0.090980,0.019154,-9.509769,-0.011724,0.016787,-0.021850
1706605545,122588,0.114922,-0.021548,-9.464279,-0.014123,0.018119,-0.024781
1706605545,122606,0.136469,0.004788,-9.600749,-0.015988,0.011458,-0.021583
1706605545,122621,0.102951,-0.062249,-9.473856,-0.015455,0.020518,-0.021583
1706605545,122636,0.028730,-0.014365,-9.507375,-0.014123,0.015988,-0.020784
1706605545,122651,0.090980,0.016759,-9.504981,-0.013323,0.011191,-0.021317
1706605545,122666,0.079009,0.052672,-9.481039,-0.013856,0.018919,-0.021850
1706605545,122681,0.069432,0.002394,-9.493010,-0.012790,0.014922,-0.022649
1706605545,122699,0.090980,0.009577,-9.471462,-0.015188,0.018119,-0.021051
1706605545,122714,0.102951,0.014365,-9.564836,-0.012257,0.019185,-0.019452
1706605545,122729,0.110133,0.019154,-9.509769,-0.013323,0.017054,-0.020784
1706605545,122744,0.079009,-0.004788,-9.531317,-0.011724,0.016254,-0.022649
1706605545,122760,0.179565,0.052672,-9.538500,-0.011458,0.021583,-0.020784
1706605545,122775,0.093374,-0.004788,-9.461885,-0.014123,0.017853,-0.019985
1706605545,122790,0.062249,-0.009577,-9.538500,-0.013323,0.018652,-0.021583
1706605545,122808,0.095768,-0.009577,-9.397242,-0.013856,0.017587,-0.021317
1706605545,122823,0.064643,-0.016759,-9.567230,-0.010392,0.015455,-0.020251
1706605545,122838,0.148441,0.035913,-9.485827,-0.012524,0.019452,-0.020784
1706605545,122853,0.081403,-0.019154,-9.452309,-0.013057,0.019985,-0.023449
1706605545,122868,0.083797,0.028730,-9.425972,-0.013057,0.015988,-0.021317
1706605545,122883,0.117316,-0.014365,-9.538500,-0.013590,0.020251,-0.019452
1706605545,122899,0.081403,-0.004788,-9.425972,-0.012524,0.015721,-0.021051
1706605545,122916,0.126893,0.016759,-9.500193,-0.014123,0.021051,-0.020518
1706605545,122931,0.069432,-0.098162,-9.447520,-0.013057,0.017054,-0.020518
1706605545,122947,0.119710,0.004788,-9.471462,-0.015455,0.017320,-0.021850
1706605545,122962,0.088585,0.004788,-9.526528,-0.011991,0.014123,-0.023982
1706605545,122977,0.105345,-0.045490,-9.512163,-0.015721,0.015455,-0.019718
1706605546,123003,0.090980,-0.023942,-9.514558,-0.013323,0.017320,-0.021317
1706605546,123018,0.110133,-0.023942,-9.493010,-0.013856,0.015988,-0.021583
1706605546,123035,0.090980,-0.055067,-9.485827,-0.013323,0.020784,-0.023182
1706605546,123050,0.114922,-0.004788,-9.526528,-0.015721,0.018386,-0.021317
1706605546,123065,0.155623,-0.002394,-9.435549,-0.012257,0.019452,-0.018652
1706605546,123080,0.050278,-0.007183,-9.490616,-0.014389,0.016254,-0.022383
1706605546,123095,0.114922,-0.004788,-9.471462,-0.009593,0.015988,-0.020251
1706605546,123110,0.110133,-0.047884,-9.512163,-0.015721,0.015188,-0.021583
1706605546,123125,0.143652,-0.009577,-9.493010,-0.013856,0.018652,-0.023182
1706605546,123147,0.074220,-0.011971,-9.536105,-0.011191,0.018386,-0.023182
1706605546,123163,0.076614,0.014365,-9.433155,-0.014922,0.015721,-0.022383
1706605546,123177,0.095768,0.002394,-9.488221,-0.012257,0.014123,-0.020784
1706605546,123192,0.090980,-0.040701,-9.440337,-0.013590,0.020784,-0.023715
1706605546,123207,0.124498,-0.011971,-9.471462,-0.012524,0.018386,-0.019718
1706605546,123222,0.148441,0.004788,-9.485827,-0.013856,0.017054,-0.019718
1706605546,123239,0.069432,0.064643,-9.459491,-0.013057,0.019452,-0.019452
1706605546,123254,0.141258,-0.031125,-9.440337,-0.015988,0.017853,-0.019985
1706605546,123269,0.100556,0.040701,-9.466674,-0.016521,0.015455,-0.022116
1706605546,123283,0.122104,0.002394,-9.545682,-0.013323,0.018386,-0.020251
1706605546,123298,0.076614,-0.023942,-9.579201,-0.014655,0.016787,-0.018652
1706605546,123313,0.114922,-0.009577,-9.473856,-0.012790,0.018652,-0.023715
1706605546,123328,0.055067,0.000000,-9.533711,-0.013057,0.019185,-0.019718
1706605546,123345,0.093374,-0.031125,-9.528923,-0.014922,0.015455,-0.021850
1706605546,123360,0.093374,-0.050278,-9.526528,-0.015188,0.012257,-0.021850
1706605546,123375,0.131681,-0.016759,-9.481039,-0.013856,0.016254,-0.023449
1706605546,123390,0.126893,0.011971,-9.591172,-0.014389,0.017320,-0.019185
1706605546,123405,0.102951,-0.009577,-9.531317,-0.012257,0.016521,-0.022649
1706605546,123419,0.050278,-0.038307,-9.502586,-0.014123,0.013323,-0.021317
1706605546,123434,0.122104,-0.033519,-9.488221,-0.008793,0.021583,-0.025047
1706605546,123451,0.083797,0.038307,-9.425972,-0.012257,0.014922,-0.022649
1706605546,123466,0.035913,-0.019154,-9.500193,-0.014655,0.018119,-0.022116
1706605546,123481,0.074220,0.045490,-9.550470,-0.012257,0.018119,-0.022916
1706605546,123496,0.045490,-0.026336,-9.528923,-0.013856,0.014123,-0.020251
1706605546,123511,0.134075,-0.052672,-9.459491,-0.016521,0.015721,-0.021850
1706605546,123526,0.131681,-0.035913,-9.471462,-0.012257,0.018119,-0.023182
1706605546,123541,0.086191,-0.021548,-9.543288,-0.015455,0.016521,-0.019452
1706605546,123558,0.095768,-0.040701,-9.459491,-0.010925,0.018119,-0.022383
1706605546,123573,0.059855,0.011971,-9.447520,-0.014123,0.017320,-0.021583
1706605546,123587,0.088585,-0.021548,-9.483433,-0.012790,0.019185,-0.020784
1706605546,123602,0.112527,-0.014365,-9.540894,-0.014655,0.018919,-0.021583
1706605546,123617,0.119710,0.000000,-9.531317,-0.012257,0.015721,-0.021583
1706605546,123632,0.083797,-0.035913,-9.631873,-0.014389,0.018919,-0.022916
1706605546,123649,0.162806,-0.050278,-9.528923,-0.014655,0.018652,-0.022383
1706605546,123664,0.057461,-0.069432,-9.418790,-0.014123,0.015721,-0.021317
1706605546,123679,0.081403,-0.028730,-9.375694,-0.014123,0.019452,-0.019185
1706605546,123694,0.007183,-0.009577,-9.464279,-0.011724,0.019185,-0.021583
1706605546,123709,0.155623,-0.035913,-9.411607,-0.014123,0.016787,-0.019718
1706605546,123723,0.114922,0.038307,-9.459491,-0.011191,0.017587,-0.025047
1706605546,123738,0.114922,-0.031125,-9.385271,-0.014922,0.020518,-0.019185
1706605546,123755,0.076614,0.014365,-9.485827,-0.013057,0.017320,-0.023982
1706605546,123770,0.067038,0.000000,-9.600749,-0.014389,0.019185,-0.018919
1706605546,123785,0.090980,-0.033519,-9.435549,-0.013590,0.018919,-0.022116
1706605546,123800,0.083797,-0.004788,-9.521740,-0.015188,0.017853,-0.020784
1706605546,123815,0.067038,-0.055067,-9.538500,-0.012257,0.016521,-0.021317
1706605546,123830,0.112527,0.019154,-9.447520,-0.008793,0.017320,-0.018919
1706605546,123844,0.105345,-0.002394,-9.495404,-0.012524,0.014123,-0.022383
1706605546,123862,0.055067,-0.038307,-9.540894,-0.013323,0.014389,-0.021583
1706605546,123876,0.107739,-0.011971,-9.478644,-0.013590,0.019185,-0.021051
1706605546,123891,0.086191,-0.019154,-9.447520,-0.014655,0.018386,-0.021850
1706605546,123906,0.069432,0.009577,-9.457097,-0.013057,0.016787,-0.018919
1706605546,123921,0.083797,-0.004788,-9.516952,-0.011191,0.017587,-0.020251
1706605546,123935,0.124498,0.002394,-9.500193,-0.015721,0.015721,-0.022116
1706605546,123950,0.076614,-0.035913,-9.478644,-0.010126,0.019185,-0.022916
1706605546,123968,0.129287,-0.009577,-9.461885,-0.013856,0.017320,-0.021583
1706605547,123983,0.050278,-0.031125,-9.521740,-0.013856,0.017853,-0.019985
1706605547,123998,0.098162,-0.045490,-9.442732,-0.014389,0.014922,-0.020518
1706605547,124013,0.076614,0.011971,-9.411607,-0.013057,0.018919,-0.025847
1706605547,124028,0.064643,-0.009577,-9.418790,-0.010658,0.015721,-0.021583
1706605547,124043,0.059855,0.009577,-9.473856,-0.013323,0.019985,-0.019718
1706605547,124060,0.095768,-0.033519,-9.485827,-0.013323,0.018119,-0.021850
1706605547,124076,0.107739,-0.028730,-9.526528,-0.015988,0.018119,-0.019718
1706605547,124091,0.117316,0.009577,-9.392453,-0.013856,0.017320,-0.021317
1706605547,124106,0.093374,-0.026336,-9.437943,-0.013057,0.011724,-0.022116
1706605547,124121,0.114922,-0.009577,-9.461885,-0.015988,0.021583,-0.019185
1706605547,124136,0.076614,0.014365,-9.425972,-0.013856,0.017320,-0.021850
1706605547,124151,0.112527,-0.031125,-9.466674,-0.010126,0.021051,-0.020251
1706605547,124169,0.114922,-0.011971,-9.543288,-0.015455,0.018119,-0.023715
1706605547,124184,0.100556,0.007183,-9.411607,-0.012257,0.019718,-0.020518
1706605547,124199,0.129287,-0.047884,-9.476251,-0.013856,0.017054,-0.021051
1706605547,124214,0.100556,0.026336,-9.514558,-0.010658,0.016787,-0.022383
1706605547,124229,0.093374,0.028730,-9.449914,-0.013856,0.018919,-0.019718
1706605547,124245,0.064643,-0.122104,-9.514558,-0.013856,0.016254,-0.023449
1706605547,124260,0.129287,-0.009577,-9.478644,-0.013323,0.017587,-0.019985
1706605547,124277,0.114922,0.016759,-9.516952,-0.009859,0.016254,-0.019985
1706605547,124292,0.090980,-0.019154,-9.495404,-0.013590,0.021583,-0.019185
1706605547,124308,0.062249,0.009577,-9.583989,-0.014123,0.017320,-0.024248
1706605547,124323,0.064643,-0.050278,-9.514558,-0.012257,0.015188,-0.020251
1706605547,124338,0.172383,0.009577,-9.447520,-0.014655,0.015188,-0.020784
1706605547,124353,0.110133,-0.011971,-9.574412,-0.013590,0.018119,-0.025314
1706605547,124368,0.129287,-0.052672,-9.548077,-0.014655,0.019718,-0.022649
1706605547,124386,0.093374,-0.038307,-9.378088,-0.014655,0.018386,-0.020784
1706605547,124401,0.160412,0.043096,-9.593566,-0.010925,0.015721,-0.021317
1706605547,124416,0.071826,-0.019154,-9.421184,-0.014123,0.015721,-0.018919
1706605547,124431,0.057461,-0.045490,-9.483433,-0.015721,0.020251,-0.023449
1706605547,124446,0.062249,-0.002394,-9.500193,-0.011991,0.015721,-0.023449
1706605547,124462,0.064643,-0.016759,-9.564836,-0.011191,0.018386,-0.021051
1706605547,124479,0.136469,0.019154,-9.516952,-0.016787,0.017054,-0.017587
1706605547,124494,0.153229,0.019154,-9.524135,-0.012257,0.017054,-0.023182
1706605547,124510,0.122104,-0.038307,-9.452309,-0.014922,0.017587,-0.022916
1706605547,124525,0.117316,0.004788,-9.524135,-0.011991,0.016521,-0.018652
1706605547,124540,0.100556,-0.062249,-9.476251,-0.014655,0.015455,-0.020251
1706605547,124555,0.062249,-0.079009,-9.533711,-0.011458,0.018386,-0.019985
1706605547,124570,0.050278,-0.016759,-9.469068,-0.013590,0.021850,-0.020251
1706605547,124588,0.095768,-0.004788,-9.478644,-0.013856,0.017320,-0.019452
1706605547,124603,0.098162,0.007183,-9.521740,-0.011724,0.014389,-0.020518
1706605547,124618,0.155623,-0.007183,-9.612720,-0.013323,0.015988,-0.021583
1706605547,124633,0.038307,-0.021548,-9.552865,-0.012257,0.024248,-0.021317
1706605547,124648,0.040701,0.007183,-9.397242,-0.015188,0.021317,-0.021317
1706605547,124663,0.033519,-0.031125,-9.555259,-0.014922,0.016521,-0.021583
1706605547,124678,0.064643,0.050278,-9.437943,-0.009326,0.018119,-0.022649
1706605547,124696,0.100556,-0.038307,-9.526528,-0.012257,0.023182,-0.020251
1706605547,124711,0.110133,-0.076614,-9.516952,-0.012790,0.018119,-0.018919
1706605547,124726,0.069432,-0.045490,-9.555259,-0.014123,0.019452,-0.019718
1706605547,124741,0.172383,-0.038307,-9.464279,-0.015188,0.019985,-0.019718
1706605547,124756,0.093374,-0.004788,-9.548077,-0.015188,0.019185,-0.020518
1706605547,124771,0.050278,-0.021548,-9.442732,-0.013856,0.021317,-0.017853
1706605547,124786,0.160412,-0.047884,-9.512163,-0.011458,0.017587,-0.021850
1706605547,124812,0.122104,0.026336,-9.490616,-0.012524,0.016787,-0.020784
1706605547,124827,0.122104,0.000000,-9.452309,-0.014922,0.018386,-0.021583
1706605547,124842,0.040701,0.002394,-9.569624,-0.015721,0.018652,-0.022916
1706605547,124857,0.019154,-0.016759,-9.555259,-0.013323,0.015721,-0.018386
1706605547,124872,0.045490,-0.007183,-9.627085,-0.013323,0.016787,-0.019985
1706605547,124886,0.126893,-0.023942,-9.495404,-0.011991,0.019985,-0.025047
1706605547,124901,0.114922,0.002394,-9.423578,-0.011458,0.014922,-0.019985
1706605547,124918,0.045490,0.002394,-9.481039,-0.011724,0.019185,-0.020251
1706605547,124933,0.107739,-0.038307,-9.504981,-0.013856,0.017587,-0.021583
1706605547,124948,0.119710,-0.019154,-9.493010,-0.015721,0.018652,-0.021583
1706605547,124963,0.081403,-0.021548,-9.425972,-0.014123,0.015721,-0.018919
1706605547,124978,0.071826,-0.014365,-9.562442,-0.012257,0.019718,-0.019985
1706605548,124993,0.112527,0.023942,-9.464279,-0.012524,0.015721,-0.020251
1706605548,125010,0.069432,0.033519,-9.476251,-0.014123,0.015455,-0.021583
1706605548,125025,0.074220,-0.019154,-9.516952,-0.014389,0.014922,-0.021583
1706605548,125039,0.098162,0.009577,-9.507375,-0.015188,0.019985,-0.022649
1706605548,125054,0.155623,-0.023942,-9.485827,-0.014123,0.020784,-0.022916
1706605548,125069,0.088585,-0.011971,-9.615114,-0.012257,0.017054,-0.020251
1706605548,125084,0.040701,-0.040701,-9.493010,-0.013057,0.018119,-0.021850
1706605548,125099,0.079009,-0.016759,-9.495404,-0.010658,0.016254,-0.023182
1706605548,125116,0.146046,0.031125,-9.500193,-0.017320,0.016521,-0.021850
1706605548,125131,0.114922,0.007183,-9.550470,-0.014389,0.016521,-0.020251
1706605548,125146,0.090980,0.021548,-9.461885,-0.015988,0.025047,-0.022116
1706605548,125161,0.148441,0.021548,-9.562442,-0.014389,0.015988,-0.020518
1706605548,125175,0.071826,-0.004788,-9.447520,-0.011191,0.022916,-0.019185
1706605548,125190,0.119710,-0.026336,-9.524135,-0.011191,0.018652,-0.021317
1706605548,125205,0.064643,-0.083797,-9.464279,-0.015188,0.017853,-0.022116
1706605548,125222,0.136469,-0.019154,-9.459491,-0.013590,0.015721,-0.022383
1706605548,125237,0.143652,-0.040701,-9.545682,-0.013590,0.018119,-0.019718
1706605548,125252,0.093374,0.016759,-9.457097,-0.014655,0.018119,-0.019452
1706605548,125267,0.110133,-0.009577,-9.528923,-0.011991,0.019985,-0.022116
1706605548,125282,0.095768,-0.021548,-9.521740,-0.011724,0.015988,-0.021051
1706605548,125297,0.095768,0.007183,-9.490616,-0.011991,0.022383,-0.020251
1706605548,125312,0.069432,-0.031125,-9.476251,-0.013856,0.018386,-0.020518
1706605548,125329,0.114922,-0.007183,-9.500193,-0.013590,0.017853,-0.022916
1706605548,125344,0.076614,-0.031125,-9.519346,-0.010392,0.017320,-0.018652
1706605548,125359,0.095768,0.009577,-9.545682,-0.012524,0.019985,-0.021850
1706605548,125373,0.019154,0.038307,-9.437943,-0.014123,0.017853,-0.018652
1706605548,125388,0.107739,-0.057461,-9.512163,-0.013856,0.017054,-0.020518
1706605548,125403,0.064643,0.000000,-9.473856,-0.011191,0.021850,-0.021850
1706605548,125421,0.088585,-0.019154,-9.473856,-0.009859,0.018119,-0.020518
1706605548,125435,0.126893,0.021548,-9.533711,-0.013590,0.022383,-0.023715
1706605548,125450,0.119710,-0.052672,-9.581595,-0.015455,0.012790,-0.022383
1706605548,125465,0.095768,-0.019154,-9.449914,-0.014655,0.016254,-0.022383
1706605548,125480,0.167594,-0.009577,-9.461885,-0.013856,0.016521,-0.021051
1706605548,125495,0.055067,-0.052672,-9.464279,-0.013590,0.017853,-0.019718
1706605548,125510,0.062249,0.038307,-9.545682,-0.014655,0.017320,-0.021317
1706605548,125527,0.086191,0.016759,-9.473856,-0.013323,0.016521,-0.021850
1706605548,125542,0.086191,-0.040701,-9.519346,-0.012257,0.020784,-0.019718
1706605548,125557,0.124498,-0.019154,-9.490616,-0.016254,0.017587,-0.020251
1706605548,125571,0.136469,-0.009577,-9.483433,-0.013323,0.018119,-0.020518
1706605548,125586,0.102951,-0.004788,-9.531317,-0.013323,0.017054,-0.023449
1706605548,125601,0.105345,0.007183,-9.358934,-0.011191,0.017853,-0.021317
1706605548,125616,0.112527,0.007183,-9.507375,-0.011724,0.017853,-0.021317
1706605548,125633,0.050278,0.016759,-9.512163,-0.011724,0.018386,-0.019718
1706605548,125648,0.059855,-0.019154,-9.552865,-0.012257,0.015988,-0.022649
1706605548,125663,0.086191,0.019154,-9.519346,-0.014123,0.018119,-0.020518
1706605548,125678,0.155623,-0.011971,-9.524135,-0.015721,0.017853,-0.021317
1706605548,125693,0.136469,-0.045490,-9.528923,-0.013057,0.017587,-0.022649
1706605548,125708,0.119710,-0.021548,-9.552865,-0.013856,0.015455,-0.022649
1706605548,125723,0.098162,-0.021548,-9.564836,-0.010126,0.017853,-0.020784
1706605548,125741,0.117316,-0.016759,-9.528923,-0.010126,0.018919,-0.019185
1706605548,125756,0.083797,-0.045490,-9.435549,-0.014655,0.017853,-0.019718
1706605548,125771,0.064643,-0.081403,-9.490616,-0.013323,0.018652,-0.020251
1706605548,125786,0.122104,-0.021548,-9.538500,-0.010392,0.019985,-0.018386
1706605548,125801,0.071826,-0.028730,-9.528923,-0.014655,0.018119,-0.023982
1706605548,125817,0.114922,-0.031125,-9.445126,-0.014655,0.020784,-0.019985
1706605548,125834,0.081403,-0.004788,-9.416395,-0.012524,0.017320,-0.022116
1706605548,125849,0.088585,-0.047884,-9.461885,-0.011191,0.018386,-0.018919
1706605548,125864,0.126893,0.028730,-9.466674,-0.012790,0.016521,-0.018919
1706605548,125880,0.059855,-0.028730,-9.495404,-0.011191,0.017587,-0.022116
1706605548,125895,0.067038,0.031125,-9.548077,-0.013856,0.016254,-0.022116
1706605548,125910,0.102951,-0.004788,-9.567230,-0.013323,0.015188,-0.022916
1706605548,125925,0.090980,-0.023942,-9.562442,-0.012257,0.019718,-0.018652
1706605548,125943,0.043096,-0.050278,-9.548077,-0.013057,0.014123,-0.020518
1706605548,125958,0.126893,-0.045490,-9.481039,-0.013856,0.017587,-0.020784
1706605548,125973,0.047884,0.009577,-9.502586,-0.012790,0.014389,-0.019452
1706605549,125988,0.076614,-0.007183,-9.497798,-0.011191,0.018919,-0.021583
1706605549,126003,0.129287,-0.062249,-9.440337,-0.013057,0.017853,-0.021317
1706605549,126018,0.141258,0.043096,-9.543288,-0.013856,0.018652,-0.023182
1706605549,126033,0.067038,-0.069432,-9.452309,-0.013323,0.019985,-0.022649
1706605549,126051,0.069432,-0.031125,-9.500193,-0.017054,0.016521,-0.018919
1706605549,126066,0.093374,0.011971,-9.507375,-0.013590,0.022916,-0.023182
1706605549,126081,0.014365,0.050278,-9.414001,-0.015721,0.018119,-0.019985
1706605549,126096,0.076614,0.000000,-9.457097,-0.015988,0.017054,-0.023449
1706605549,126112,0.117316,-0.083797,-9.447520,-0.014389,0.019452,-0.022116
1706605549,126127,0.146046,0.002394,-9.521740,-0.014655,0.017853,-0.022916
1706605549,126142,0.081403,-0.045490,-9.538500,-0.015721,0.018386,-0.022383
1706605549,126159,0.122104,0.002394,-9.524135,-0.016254,0.015721,-0.022649
1706605549,126175,0.131681,-0.088585,-9.512163,-0.014389,0.018386,-0.022649
1706605549,126190,0.117316,-0.057461,-9.469068,-0.014123,0.017054,-0.022383
1706605549,126205,0.129287,-0.028730,-9.536105,-0.011191,0.019452,-0.017320
1706605549,126220,0.083797,-0.002394,-9.495404,-0.015988,0.018652,-0.021051
1706605549,126235,0.110133,0.011971,-9.543288,-0.011458,0.020251,-0.023449
1706605549,126250,0.114922,0.023942,-9.473856,-0.014922,0.017320,-0.021850
1706605549,126268,0.119710,-0.007183,-9.502586,-0.013323,0.017853,-0.021583
1706605549,126283,0.112527,-0.033519,-9.531317,-0.013323,0.017320,-0.020518
1706605549,126298,0.143652,0.016759,-9.483433,-0.013057,0.018386,-0.024248
1706605549,126313,0.083797,-0.100556,-9.488221,-0.015721,0.015455,-0.023449
1706605549,126329,0.150835,0.011971,-9.464279,-0.014123,0.019185,-0.019985
1706605549,126344,0.093374,0.023942,-9.433155,-0.013057,0.017320,-0.021583
1706605549,126361,0.079009,-0.016759,-9.504981,-0.011724,0.017587,-0.022383
1706605549,126376,0.083797,-0.016759,-9.430760,-0.017054,0.017587,-0.021583
1706605549,126391,0.129287,0.002394,-9.603143,-0.013856,0.017054,-0.020784
1706605549,126407,0.150835,0.071826,-9.524135,-0.014389,0.016521,-0.020784
1706605549,126422,0.040701,-0.050278,-9.504981,-0.012524,0.018119,-0.021051
1706605549,126437,0.119710,-0.040701,-9.521740,-0.012257,0.018652,-0.022916
1706605549,126452,0.076614,0.026336,-9.521740,-0.012790,0.017054,-0.017320
1706605549,126477,0.076614,0.002394,-9.528923,-0.013590,0.014655,-0.019452
1706605549,126493,0.071826,-0.038307,-9.507375,-0.012524,0.017853,-0.018386
1706605549,126508,0.081403,-0.093374,-9.469068,-0.014389,0.017320,-0.021317
1706605549,126522,0.026336,0.021548,-9.526528,-0.015721,0.017320,-0.022383
1706605549,126537,0.141258,0.033519,-9.442732,-0.013057,0.017054,-0.022916
1706605549,126552,0.102951,0.021548,-9.526528,-0.016254,0.018119,-0.022383
1706605549,126567,0.153229,-0.011971,-9.619903,-0.013856,0.015721,-0.020251
1706605549,126584,0.057461,-0.026336,-9.466674,-0.013590,0.017587,-0.019985
1706605549,126599,0.047884,0.021548,-9.528923,-0.014655,0.017587,-0.020518
1706605549,126614,0.081403,-0.059855,-9.466674,-0.012257,0.018386,-0.020251
1706605549,126628,0.126893,-0.028730,-9.583989,-0.012257,0.018386,-0.023449
1706605549,126643,0.059855,0.009577,-9.461885,-0.013057,0.021583,-0.020251
1706605549,126658,0.059855,0.019154,-9.464279,-0.013856,0.018919,-0.022116
1706605549,126673,0.124498,0.011971,-9.473856,-0.013323,0.018652,-0.021317
1706605549,126690,0.071826,0.007183,-9.495404,-0.014922,0.016254,-0.020518
1706605549,126705,0.086191,0.038307,-9.500193,-0.013057,0.018386,-0.022649
1706605549,126720,0.093374,0.007183,-9.512163,-0.014123,0.017320,-0.022116
1706605549,126735,0.086191,0.040701,-9.504981,-0.010658,0.016254,-0.020518
1706605549,126749,0.057461,0.011971,-9.478644,-0.014655,0.018119,-0.021317
1706605549,126764,0.069432,0.031125,-9.497798,-0.012790,0.019718,-0.021051
1706605549,126782,0.138864,-0.023942,-9.521740,-0.011191,0.016521,-0.023982
1706605549,126796,0.079009,-0.031125,-9.526528,-0.012524,0.016254,-0.021583
1706605549,126811,0.086191,-0.002394,-9.473856,-0.012524,0.016254,-0.020251
1706605549,126826,0.055067,0.045490,-9.471462,-0.012257,0.018386,-0.022383
1706605549,126841,0.064643,-0.038307,-9.478644,-0.013057,0.018386,-0.019452
1706605549,126856,0.184354,0.059855,-9.495404,-0.014922,0.015721,-0.024781
1706605549,126871,0.093374,-0.028730,-9.469068,-0.013323,0.017853,-0.022116
1706605549,126888,0.090980,-0.002394,-9.435549,-0.015455,0.018652,-0.019718
1706605549,126903,0.102951,-0.014365,-9.428367,-0.016787,0.016787,-0.022116
1706605549,126918,0.102951,-0.031125,-9.531317,-0.010658,0.015988,-0.021317
1706605549,126932,0.079009,0.033519,-9.519346,-0.012257,0.020251,-0.020784
1706605549,126947,0.079009,0.023942,-9.442732,-0.012257,0.016787,-0.022916
1706605549,126962,0.112527,0.014365,-9.411607,-0.013057,0.019452,-0.021583
1706605549,126977,0.124498,0.023942,-9.471462,-0.015188,0.015988,-0.021051
1706605550,126994,0.105345,-0.014365,-9.493010,-0.013323,0.020251,-0.019718
1706605550,127009,0.083797,-0.047884,-9.481039,-0.013323,0.019452,-0.021850
1706605550,127024,0.045490,0.019154,-9.516952,-0.015455,0.020784,-0.019185
1706605550,127039,0.148441,-0.055067,-9.483433,-0.013323,0.017853,-0.021583
1706605550,127053,0.067038,-0.081403,-9.485827,-0.014389,0.018652,-0.022649
1706605550,127068,0.100556,-0.004788,-9.464279,-0.014389,0.018119,-0.022116
1706605550,127083,0.090980,-0.035913,-9.368511,-0.013057,0.022116,-0.021051
1706605550,127100,0.090980,-0.031125,-9.452309,-0.012790,0.020518,-0.022916
1706605550,127115,0.102951,-0.021548,-9.483433,-0.013590,0.017054,-0.022116
1706605550,127130,0.064643,0.043096,-9.526528,-0.011724,0.019452,-0.022649
1706605550,127145,0.110133,0.000000,-9.519346,-0.014655,0.018119,-0.020518
1706605550,127160,0.098162,0.021548,-9.485827,-0.014123,0.014655,-0.022116
1706605550,127175,0.086191,0.014365,-9.459491,-0.011991,0.017320,-0.018119
1706605550,127189,0.062249,-0.014365,-9.603143,-0.014389,0.017054,-0.023982
1706605550,127207,0.079009,-0.047884,-9.504981,-0.013323,0.015455,-0.021583
1706605550,127221,0.131681,-0.052672,-9.473856,-0.014922,0.017320,-0.019452
1706605550,127236,0.095768,-0.002394,-9.473856,-0.013323,0.019985,-0.022116
1706605550,127251,0.055067,-0.028730,-9.483433,-0.012257,0.016787,-0.021583
1706605550,127266,0.090980,-0.019154,-9.423578,-0.015721,0.021317,-0.020784
1706605550,127280,0.083797,0.000000,-9.500193,-0.011724,0.017320,-0.020518
1706605550,127298,0.100556,0.023942,-9.533711,-0.013856,0.018119,-0.022916
1706605550,127313,0.079009,0.062249,-9.569624,-0.012790,0.022383,-0.023182
1706605550,127328,0.102951,0.023942,-9.447520,-0.014123,0.015988,-0.021850
1706605550,127343,0.057461,0.040701,-9.414001,-0.010925,0.019718,-0.021317
1706605550,127358,0.095768,0.019154,-9.536105,-0.016787,0.018386,-0.021317
1706605550,127373,0.129287,0.038307,-9.478644,-0.011191,0.021583,-0.021051
1706605550,127388,0.083797,0.000000,-9.509769,-0.014389,0.017054,-0.022383
1706605550,127406,0.083797,0.040701,-9.454702,-0.013057,0.018919,-0.020784
1706605550,127421,0.095768,0.004788,-9.500193,-0.015721,0.021583,-0.017054
1706605550,127436,0.124498,0.014365,-9.464279,-0.015455,0.017320,-0.019185
1706605550,127451,0.033519,0.000000,-9.440337,-0.013590,0.014655,-0.022649
1706605550,127466,0.079009,-0.004788,-9.521740,-0.010925,0.018652,-0.021317
1706605550,127481,0.110133,-0.021548,-9.447520,-0.011724,0.018119,-0.023715
1706605550,127497,0.098162,-0.014365,-9.478644,-0.012524,0.018386,-0.020251
1706605550,127514,0.160412,0.040701,-9.519346,-0.016521,0.016521,-0.022649
1706605550,127529,0.095768,0.035913,-9.526528,-0.015455,0.017587,-0.018919
1706605550,127545,0.045490,-0.016759,-9.550470,-0.015988,0.018919,-0.022116
1706605550,127560,0.129287,-0.002394,-9.478644,-0.015721,0.016254,-0.022649
1706605550,127575,0.083797,-0.033519,-9.433155,-0.013590,0.021317,-0.025847
1706605550,127590,0.122104,0.016759,-9.512163,-0.015455,0.018652,-0.022383
1706605550,127605,0.162806,-0.016759,-9.543288,-0.012257,0.017320,-0.021051
1706605550,127623,0.083797,0.043096,-9.452309,-0.015188,0.016787,-0.020784
1706605550,127638,0.076614,-0.007183,-9.531317,-0.012790,0.017853,-0.021850
1706605550,127653,0.095768,0.016759,-9.469068,-0.011191,0.018652,-0.018919
1706605550,127668,0.117316,-0.033519,-9.504981,-0.010658,0.015988,-0.020251
1706605550,127683,0.126893,-0.019154,-9.509769,-0.013856,0.016521,-0.019985
1706605550,127698,0.004788,0.000000,-9.514558,-0.013590,0.015188,-0.024781
1706605550,127716,0.122104,0.035913,-9.507375,-0.013323,0.018919,-0.023182
1706605550,127731,0.038307,-0.007183,-9.471462,-0.011724,0.018652,-0.019452
1706605550,127746,0.067038,-0.019154,-9.452309,-0.014123,0.014922,-0.020518
1706605550,127761,0.074220,-0.023942,-9.521740,-0.012524,0.018386,-0.025314
1706605550,127777,0.105345,0.000000,-9.504981,-0.011724,0.017054,-0.022383
1706605550,127792,0.141258,0.009577,-9.500193,-0.015188,0.017320,-0.024248
1706605550,127807,0.107739,-0.009577,-9.536105,-0.012524,0.019185,-0.020251
1706605550,127825,0.093374,-0.035913,-9.509769,-0.015188,0.019185,-0.021583
1706605550,127840,0.090980,-0.011971,-9.485827,-0.013590,0.012524,-0.017320
1706605550,127855,0.093374,-0.045490,-9.428367,-0.011191,0.018386,-0.021317
1706605550,127870,0.040701,0.014365,-9.516952,-0.010392,0.016521,-0.022916
1706605550,127885,0.057461,0.016759,-9.445126,-0.010925,0.017587,-0.021850
1706605550,127900,0.071826,-0.009577,-9.473856,-0.014922,0.017054,-0.022916
1706605550,127916,0.119710,-0.035913,-9.507375,-0.014389,0.016254,-0.022383
1706605550,127933,0.100556,-0.007183,-9.504981,-0.014655,0.019185,-0.022649
1706605550,127948,0.124498,0.002394,-9.423578,-0.011724,0.018652,-0.022116
1706605550,127963,0.172383,0.009577,-9.485827,-0.013856,0.016787,-0.021051
1706605550,127979,0.143652,-0.062249,-9.459491,-0.013590,0.020518,-0.022649
1706605551,127994,0.011971,-0.007183,-9.442732,-0.011458,0.020784,-0.021317
1706605551,128009,0.110133,0.045490,-9.504981,-0.013323,0.016254,-0.023982
1706605551,128024,0.107739,0.045490,-9.495404,-0.012257,0.015988,-0.023449
1706605551,128042,0.100556,0.033519,-9.519346,-0.013856,0.016254,-0.021583
1706605551,128057,0.153229,-0.023942,-9.495404,-0.014123,0.018652,-0.021317
1706605551,128072,0.095768,-0.019154,-9.445126,-0.015188,0.016787,-0.021850
1706605551,128087,0.088585,-0.033519,-9.497798,-0.012257,0.015455,-0.016521
1706605551,128102,0.110133,0.038307,-9.346964,-0.013856,0.013856,-0.023182
1706605551,128117,0.119710,-0.047884,-9.526528,-0.011191,0.017320,-0.021583
1706605551,128132,0.014365,-0.031125,-9.375694,-0.010126,0.017320,-0.021051
1706605551,128157,0.134075,0.021548,-9.473856,-0.012790,0.020251,-0.024781
1706605551,128173,0.122104,-0.021548,-9.459491,-0.013856,0.018652,-0.021850
1706605551,128188,0.050278,0.004788,-9.504981,-0.014655,0.019185,-0.022916
1706605551,128203,0.047884,-0.021548,-9.459491,-0.011458,0.015455,-0.023715
1706605551,128218,0.067038,0.021548,-9.519346,-0.011991,0.018386,-0.019185
1706605551,128233,0.050278,-0.043096,-9.459491,-0.014655,0.018652,-0.021317
1706605551,128250,0.138864,-0.038307,-9.452309,-0.012524,0.015455,-0.021583
1706605551,128265,0.033519,-0.011971,-9.579201,-0.012790,0.019985,-0.022116
1706605551,128280,0.110133,-0.031125,-9.483433,-0.013590,0.021317,-0.018919
1706605551,128294,0.088585,0.028730,-9.435549,-0.015188,0.018919,-0.019452
1706605551,128309,0.119710,-0.023942,-9.483433,-0.013590,0.019452,-0.019185
1706605551,128324,0.114922,-0.035913,-9.481039,-0.010925,0.018919,-0.021051
1706605551,128339,0.165200,-0.052672,-9.430760,-0.016787,0.014389,-0.018652
1706605551,128356,0.059855,-0.038307,-9.409213,-0.013057,0.016787,-0.018386
1706605551,128371,0.107739,-0.026336,-9.454702,-0.013323,0.018919,-0.019985
1706605551,128386,0.090980,-0.004788,-9.390059,-0.012257,0.018386,-0.019185
1706605551,128401,0.129287,-0.028730,-9.516952,-0.013057,0.017853,-0.023182
1706605551,128416,0.112527,-0.028730,-9.409213,-0.014655,0.017320,-0.019185
1706605551,128430,0.124498,-0.040701,-9.521740,-0.012257,0.018386,-0.020251
1706605551,128445,0.134075,-0.011971,-9.457097,-0.012524,0.018119,-0.021051
1706605551,128462,0.045490,-0.007183,-9.538500,-0.014389,0.018386,-0.021850
1706605551,128477,0.100556,-0.035913,-9.507375,-0.011991,0.018119,-0.024781
1706605551,128492,0.052672,0.000000,-9.473856,-0.013590,0.016787,-0.024248
1706605551,128507,0.105345,-0.002394,-9.521740,-0.013590,0.015988,-0.022649
1706605551,128522,0.095768,0.011971,-9.469068,-0.013323,0.017587,-0.020784
1706605551,128537,0.050278,-0.004788,-9.545682,-0.013856,0.019185,-0.017320
1706605551,128552,0.105345,-0.016759,-9.512163,-0.013323,0.013590,-0.022383
1706605551,128569,0.119710,-0.033519,-9.564836,-0.013057,0.015721,-0.021583
1706605551,128584,0.090980,-0.026336,-9.509769,-0.013323,0.017054,-0.022383
1706605551,128598,0.023942,-0.033519,-9.378088,-0.014123,0.018119,-0.016787
1706605551,128613,0.095768,-0.023942,-9.490616,-0.013323,0.019718,-0.021583
1706605551,128628,0.136469,0.002394,-9.464279,-0.015988,0.017320,-0.023449
1706605551,128643,0.100556,0.021548,-9.519346,-0.015455,0.019185,-0.021583
1706605551,128660,0.031125,-0.040701,-9.543288,-0.014123,0.018119,-0.019718
1706605551,128675,0.126893,-0.016759,-9.404425,-0.014389,0.016787,-0.023715
1706605551,128690,0.098162,0.002394,-9.531317,-0.013323,0.018652,-0.023182
1706605551,128705,0.131681,-0.002394,-9.519346,-0.014389,0.018386,-0.021850
1706605551,128720,0.057461,-0.019154,-9.536105,-0.014655,0.018119,-0.019718
1706605551,128734,0.064643,0.045490,-9.447520,-0.012257,0.016787,-0.020251
1706605551,128749,0.064643,-0.023942,-9.528923,-0.011191,0.019185,-0.021317
1706605551,128766,0.038307,0.004788,-9.504981,-0.013590,0.015455,-0.020518
1706605551,128781,0.100556,0.000000,-9.528923,-0.012790,0.017320,-0.019185
1706605551,128796,0.093374,0.007183,-9.548077,-0.011991,0.018652,-0.018652
1706605551,128811,0.102951,-0.050278,-9.519346,-0.012524,0.018919,-0.019452
1706605551,128826,0.079009,0.026336,-9.512163,-0.014123,0.016787,-0.020518
1706605551,128841,0.081403,0.004788,-9.483433,-0.014655,0.018652,-0.019985
1706605551,128855,0.119710,0.093374,-9.466674,-0.014655,0.014123,-0.021051
1706605551,128873,0.129287,-0.014365,-9.543288,-0.013856,0.015721,-0.020784
1706605551,128887,0.150835,-0.040701,-9.425972,-0.012790,0.018119,-0.024781
1706605551,128902,0.110133,0.050278,-9.481039,-0.013057,0.018386,-0.021051
1706605551,128917,0.050278,-0.007183,-9.459491,-0.013856,0.017853,-0.022649
1706605551,128932,0.095768,0.043096,-9.512163,-0.014922,0.019718,-0.021583
1706605551,128947,0.114922,-0.047884,-9.473856,-0.013323,0.018386,-0.019985
1706605551,128961,0.117316,-0.019154,-9.435549,-0.010925,0.017587,-0.021317
1706605551,128979,0.134075,-0.002394,-9.516952,-0.015188,0.016521,-0.019985
1706605552,128994,0.110133,0.009577,-9.552865,-0.013323,0.013323,-0.018652
1706605552,129009,0.076614,-0.026336,-9.425972,-0.010925,0.017054,-0.023715
1706605552,129024,0.064643,0.002394,-9.437943,-0.014389,0.017320,-0.022383
1706605552,129039,0.102951,-0.014365,-9.493010,-0.013323,0.019985,-0.019452
1706605552,129054,0.122104,-0.004788,-9.555259,-0.012790,0.017054,-0.021051
1706605552,129071,0.062249,-0.033519,-9.545682,-0.011991,0.018652,-0.020518
1706605552,129087,0.129287,-0.047884,-9.457097,-0.013856,0.021051,-0.021850
1706605552,129102,0.124498,-0.043096,-9.349358,-0.013590,0.015188,-0.019452
1706605552,129117,0.124498,-0.031125,-9.469068,-0.011991,0.016254,-0.021051
1706605552,129132,0.088585,-0.062249,-9.528923,-0.014655,0.016521,-0.024248
1706605552,129147,0.129287,-0.004788,-9.466674,-0.011991,0.021051,-0.021051
1706605552,129162,0.081403,0.023942,-9.442732,-0.012257,0.018119,-0.022383
1706605552,129180,0.167594,0.016759,-9.516952,-0.010925,0.017054,-0.018386
1706605552,129195,0.081403,-0.023942,-9.464279,-0.012524,0.018119,-0.020784
1706605552,129210,0.100556,0.026336,-9.469068,-0.014655,0.015188,-0.020784
1706605552,129225,0.136469,0.004788,-9.512163,-0.013323,0.019718,-0.021051
1706605552,129240,0.074220,-0.038307,-9.469068,-0.013856,0.017054,-0.018386
1706605552,129255,0.059855,-0.002394,-9.536105,-0.010658,0.021317,-0.020518
1706605552,129271,0.088585,0.011971,-9.485827,-0.011991,0.020518,-0.024248
1706605552,129288,0.150835,-0.028730,-9.466674,-0.013856,0.016254,-0.021850
1706605552,129303,0.071826,-0.035913,-9.481039,-0.011458,0.015188,-0.020784
1706605552,129319,0.102951,0.047884,-9.536105,-0.012790,0.020518,-0.020518
1706605552,129334,0.081403,0.047884,-9.562442,-0.012524,0.016787,-0.019452
1706605552,129349,0.141258,-0.031125,-9.579201,-0.013856,0.014123,-0.020784
1706605552,129364,0.083797,0.007183,-9.548077,-0.014123,0.021051,-0.020784
1706605552,129379,0.122104,0.019154,-9.461885,-0.011458,0.017054,-0.021051
1706605552,129397,0.100556,-0.009577,-9.605537,-0.013323,0.017054,-0.019985
1706605552,129412,0.019154,-0.009577,-9.552865,-0.015988,0.018386,-0.021583
1706605552,129427,0.069432,0.004788,-9.490616,-0.014389,0.012790,-0.025047
1706605552,129442,0.086191,0.035913,-9.442732,-0.015721,0.014389,-0.017587
1706605552,129457,0.126893,0.021548,-9.502586,-0.015188,0.017587,-0.020784
1706605552,129472,0.148441,-0.002394,-9.639056,-0.014123,0.019985,-0.020251
1706605552,129488,0.047884,-0.007183,-9.442732,-0.012790,0.021051,-0.020784
1706605552,129505,0.093374,-0.019154,-9.481039,-0.012790,0.016521,-0.021317
1706605552,129520,0.040701,-0.021548,-9.514558,-0.012524,0.016787,-0.022383
1706605552,129536,0.090980,-0.069432,-9.536105,-0.011724,0.018119,-0.023449
1706605552,129551,0.019154,-0.004788,-9.514558,-0.014922,0.017320,-0.020784
1706605552,129566,0.055067,0.074220,-9.473856,-0.011991,0.018119,-0.021317
1706605552,129581,0.110133,-0.019154,-9.500193,-0.014655,0.015455,-0.021850
1706605552,129599,0.067038,-0.028730,-9.512163,-0.014123,0.018119,-0.022383
1706605552,129614,0.052672,-0.004788,-9.442732,-0.013057,0.017853,-0.018652
1706605552,129629,0.031125,-0.011971,-9.509769,-0.014123,0.014655,-0.020518
1706605552,129644,0.079009,0.016759,-9.490616,-0.012257,0.015455,-0.022383
1706605552,129659,0.146046,-0.062249,-9.402030,-0.010658,0.017320,-0.026113
1706605552,129674,0.126893,0.002394,-9.437943,-0.013323,0.017587,-0.018386
1706605552,129689,0.158017,-0.052672,-9.440337,-0.011991,0.017054,-0.020251
1706605552,129707,0.119710,0.021548,-9.473856,-0.013590,0.016521,-0.021051
1706605552,129722,0.167594,-0.016759,-9.471462,-0.015721,0.017320,-0.018652
1706605552,129737,0.047884,-0.067038,-9.507375,-0.010126,0.017320,-0.021850
1706605552,129752,0.069432,-0.011971,-9.550470,-0.012790,0.016787,-0.017853
1706605552,129767,0.114922,-0.031125,-9.493010,-0.013590,0.015988,-0.023982
1706605552,129782,0.117316,0.009577,-9.636662,-0.012790,0.019452,-0.021850
1706605552,129797,0.112527,0.004788,-9.507375,-0.014922,0.016787,-0.022916
1706605552,129822,0.093374,0.007183,-9.493010,-0.013856,0.016787,-0.022116
1706605552,129838,0.059855,-0.040701,-9.516952,-0.013057,0.018119,-0.020518
1706605552,129853,0.059855,0.009577,-9.569624,-0.013323,0.019185,-0.020784
1706605552,129868,0.086191,-0.007183,-9.428367,-0.014123,0.015455,-0.019985
1706605552,129883,0.126893,-0.040701,-9.493010,-0.014389,0.015988,-0.019718
1706605552,129897,0.107739,0.026336,-9.579201,-0.013323,0.017587,-0.025847
1706605552,129912,0.050278,-0.040701,-9.512163,-0.014922,0.017054,-0.022649
1706605552,129929,0.148441,0.019154,-9.528923,-0.012524,0.018119,-0.018652
1706605552,129944,0.071826,-0.026336,-9.560047,-0.013057,0.018119,-0.023982
1706605552,129959,0.031125,0.031125,-9.483433,-0.011724,0.018119,-0.021051
1706605552,129974,0.083797,0.007183,-9.569624,-0.012524,0.019985,-0.021583
1706605553,129989,0.105345,-0.059855,-9.514558,-0.013057,0.017587,-0.023982
1706605553,130003,0.076614,0.014365,-9.416395,-0.014123,0.023182,-0.022916
1706605553,130021,0.081403,0.023942,-9.449914,-0.011991,0.016787,-0.017853
1706605553,130035,0.129287,0.028730,-9.466674,-0.012790,0.017054,-0.022116
1706605553,130050,0.093374,0.016759,-9.459491,-0.010925,0.018119,-0.022116
1706605553,130065,0.076614,-0.079009,-9.471462,-0.011991,0.015455,-0.022916
1706605553,130080,0.167594,-0.040701,-9.562442,-0.013590,0.014655,-0.022383
1706605553,130095,0.038307,-0.014365,-9.409213,-0.014922,0.021317,-0.019985
1706605553,130110,0.122104,0.002394,-9.548077,-0.011991,0.015721,-0.021850
1706605553,130127,0.098162,-0.019154,-9.536105,-0.010658,0.017853,-0.020784
1706605553,130142,0.079009,-0.067038,-9.516952,-0.013323,0.017587,-0.019718
1706605553,130157,0.083797,0.043096,-9.430760,-0.011991,0.016521,-0.018652
1706605553,130171,0.090980,-0.028730,-9.552865,-0.013856,0.018919,-0.023182
1706605553,130186,0.100556,-0.021548,-9.557653,-0.013057,0.018386,-0.024781
1706605553,130201,0.079009,-0.002394,-9.437943,-0.013057,0.018919,-0.021317
1706605553,130216,0.052672,-0.031125,-9.493010,-0.010925,0.015188,-0.022916
1706605553,130233,0.114922,-0.028730,-9.454702,-0.012790,0.015721,-0.023449
1706605553,130248,0.088585,-0.028730,-9.512163,-0.011724,0.017587,-0.020518
1706605553,130263,0.083797,-0.002394,-9.478644,-0.013590,0.017320,-0.020251
1706605553,130278,0.102951,0.057461,-9.373300,-0.014123,0.016787,-0.018652
1706605553,130293,0.079009,0.055067,-9.476251,-0.013323,0.019452,-0.022383
1706605553,130308,0.143652,0.009577,-9.428367,-0.011458,0.018919,-0.025047
1706605553,130322,0.071826,0.043096,-9.490616,-0.015188,0.020251,-0.020518
1706605553,130340,0.059855,-0.038307,-9.519346,-0.011724,0.017054,-0.016521
1706605553,130354,0.059855,0.045490,-9.490616,-0.014123,0.014655,-0.022116
1706605553,130369,0.110133,0.031125,-9.488221,-0.012257,0.015721,-0.021583
1706605553,130384,0.090980,-0.016759,-9.437943,-0.015455,0.018919,-0.022116
1706605553,130399,0.129287,-0.011971,-9.435549,-0.015455,0.015721,-0.019452
1706605553,130414,0.031125,-0.007183,-9.466674,-0.015455,0.019452,-0.021051
1706605553,130429,0.088585,-0.038307,-9.485827,-0.011191,0.019452,-0.021051
1706605553,130446,0.035913,0.009577,-9.411607,-0.015988,0.019185,-0.018119
1706605553,130461,0.136469,0.028730,-9.545682,-0.014655,0.020784,-0.019185
1706605553,130476,0.102951,-0.004788,-9.516952,-0.015188,0.018386,-0.019185
1706605553,130491,0.107739,0.002394,-9.495404,-0.014123,0.018652,-0.021850
1706605553,130506,0.155623,0.009577,-9.418790,-0.014123,0.022116,-0.021850
1706605553,130521,0.131681,-0.033519,-9.428367,-0.011191,0.019985,-0.021317
1706605553,130538,0.098162,0.014365,-9.512163,-0.014123,0.017320,-0.022383
1706605553,130553,0.050278,0.023942,-9.469068,-0.014389,0.019718,-0.021051
1706605553,130567,0.052672,-0.004788,-9.528923,-0.015188,0.016254,-0.019452
1706605553,130582,0.083797,-0.052672,-9.442732,-0.012790,0.017054,-0.019985
1706605553,130597,0.146046,-0.028730,-9.504981,-0.011191,0.018386,-0.021317
1706605553,130612,0.114922,-0.014365,-9.464279,-0.016787,0.017587,-0.023982
1706605553,130627,0.064643,-0.004788,-9.476251,-0.014655,0.015721,-0.023449
1706605553,130644,0.107739,0.019154,-9.600749,-0.011724,0.018386,-0.018919
1706605553,130659,0.126893,-0.009577,-9.454702,-0.013590,0.017853,-0.019452
1706605553,130674,0.093374,0.016759,-9.488221,-0.014389,0.018652,-0.019985
1706605553,130689,0.095768,0.016759,-9.495404,-0.011724,0.015188,-0.022116
1706605553,130704,0.112527,0.023942,-9.497798,-0.015455,0.019185,-0.020784
1706605553,130719,0.055067,-0.043096,-9.531317,-0.016787,0.019185,-0.021317
1706605553,130734,0.100556,-0.007183,-9.433155,-0.013856,0.020518,-0.023182
1706605553,130752,0.114922,-0.028730,-9.610326,-0.010126,0.017853,-0.021850
1706605553,130767,0.014365,0.007183,-9.493010,-0.010126,0.018119,-0.021583
1706605553,130782,0.114922,0.021548,-9.493010,-0.017054,0.019452,-0.021051
1706605553,130797,0.112527,0.009577,-9.572019,-0.015188,0.022116,-0.022116
1706605553,130813,0.083797,0.009577,-9.540894,-0.015188,0.021583,-0.019718
1706605553,130828,0.107739,-0.011971,-9.478644,-0.013323,0.018119,-0.020784
1706605553,130843,0.129287,0.014365,-9.493010,-0.011991,0.014922,-0.021583
1706605553,130871,0.057461,0.050278,-9.514558,-0.015188,0.015988,-0.019185
1706605553,130886,0.114922,-0.083797,-9.495404,-0.011724,0.016254,-0.023715
1706605553,130901,0.064643,-0.023942,-9.478644,-0.014655,0.019185,-0.025847
1706605553,130916,0.035913,-0.014365,-9.536105,-0.013590,0.017587,-0.022116
1706605553,130932,0.119710,-0.002394,-9.536105,-0.014389,0.018652,-0.022116
1706605553,130947,0.055067,0.002394,-9.504981,-0.015721,0.020251,-0.021051
1706605553,130964,0.081403,0.007183,-9.543288,-0.014922,0.017587,-0.018652
1706605553,130979,0.090980,0.011971,-9.495404,-0.013856,0.020251,-0.021317
1706605554,130994,0.079009,-0.009577,-9.428367,-0.011724,0.019718,-0.017320
1706605554,131010,0.090980,0.045490,-9.545682,-0.014123,0.016787,-0.023182
1706605554,131025,0.148441,-0.093374,-9.490616,-0.014123,0.018652,-0.019718
1706605554,131040,0.064643,-0.021548,-9.478644,-0.013590,0.019452,-0.019718
1706605554,131055,0.079009,-0.002394,-9.526528,-0.011458,0.018386,-0.018919
1706605554,131073,0.124498,-0.002394,-9.481039,-0.014389,0.019185,-0.021317
1706605554,131088,0.107739,-0.033519,-9.418790,-0.013590,0.017054,-0.018386
1706605554,131103,0.095768,0.007183,-9.437943,-0.011724,0.017853,-0.020251
1706605554,131118,0.160412,0.002394,-9.478644,-0.010658,0.014922,-0.020518
1706605554,131133,0.122104,-0.004788,-9.447520,-0.015188,0.019985,-0.022116
1706605554,131148,0.126893,-0.026336,-9.495404,-0.013323,0.019452,-0.017853
1706605554,131163,0.023942,-0.002394,-9.502586,-0.011191,0.015721,-0.021583
1706605554,131181,0.122104,-0.019154,-9.454702,-0.012257,0.014655,-0.020518
1706605554,131196,0.055067,0.031125,-9.459491,-0.010658,0.017587,-0.019185
1706605554,131211,0.124498,-0.064643,-9.430760,-0.012257,0.017853,-0.020784
1706605554,131226,0.119710,-0.050278,-9.466674,-0.012790,0.016254,-0.018652
1706605554,131241,0.062249,0.019154,-9.416395,-0.014922,0.016254,-0.022116
1706605554,131257,0.038307,0.000000,-9.483433,-0.014655,0.016254,-0.020518
1706605554,131272,0.165200,-0.023942,-9.473856,-0.013856,0.015988,-0.022916
1706605554,131289,0.062249,-0.004788,-9.521740,-0.014655,0.015455,-0.019985
1706605554,131304,0.081403,0.055067,-9.555259,-0.012790,0.018386,-0.022916
1706605554,131320,0.126893,0.002394,-9.478644,-0.013856,0.021317,-0.018919
1706605554,131335,0.076614,-0.057461,-9.425972,-0.015721,0.016787,-0.020518
1706605554,131350,0.098162,-0.023942,-9.490616,-0.013323,0.019985,-0.022383
1706605554,131365,0.069432,0.031125,-9.425972,-0.009593,0.015188,-0.023715
1706605554,131380,0.098162,-0.038307,-9.507375,-0.011458,0.014655,-0.021317
1706605554,131398,0.141258,0.016759,-9.478644,-0.015188,0.016787,-0.021317
1706605554,131413,0.098162,-0.011971,-9.536105,-0.014123,0.016254,-0.021850
1706605554,131428,0.033519,-0.040701,-9.469068,-0.013057,0.018386,-0.020518
1706605554,131443,0.014365,-0.011971,-9.495404,-0.012257,0.017587,-0.022649
1706605554,131458,0.069432,-0.062249,-9.452309,-0.014123,0.019718,-0.023182
1706605554,131473,0.067038,-0.004788,-9.493010,-0.012524,0.019985,-0.021583
1706605554,131498,0.088585,0.045490,-9.504981,-0.013057,0.016254,-0.021850
1706605554,131514,0.138864,0.062249,-9.500193,-0.013057,0.018652,-0.021583
1706605554,131529,0.081403,-0.019154,-9.435549,-0.013590,0.018919,-0.019718
1706605554,131544,0.021548,0.026336,-9.466674,-0.013057,0.018386,-0.021051
1706605554,131559,0.088585,0.035913,-9.418790,-0.014922,0.018386,-0.021583
1706605554,131573,0.110133,-0.045490,-9.437943,-0.014389,0.018386,-0.021583
1706605554,131588,0.069432,-0.055067,-9.497798,-0.017853,0.018652,-0.021583
1706605554,131605,0.043096,0.002394,-9.473856,-0.014389,0.019452,-0.023715
1706605554,131620,0.114922,0.031125,-9.519346,-0.014655,0.018919,-0.019185
1706605554,131635,0.071826,0.000000,-9.521740,-0.013057,0.019452,-0.020251
1706605554,131650,0.057461,-0.014365,-9.464279,-0.013057,0.019985,-0.020251
1706605554,131665,0.122104,-0.019154,-9.512163,-0.013323,0.016787,-0.022649
1706605554,131679,0.141258,0.011971,-9.490616,-0.012257,0.017320,-0.019718
1706605554,131694,0.069432,-0.014365,-9.502586,-0.011724,0.018119,-0.020784
1706605554,131711,0.050278,0.050278,-9.516952,-0.013057,0.017054,-0.021317
1706605554,131726,0.052672,-0.069432,-9.528923,-0.013856,0.019452,-0.018119
1706605554,131741,0.047884,-0.009577,-9.533711,-0.014922,0.016787,-0.019718
1706605554,131756,0.134075,0.021548,-9.533711,-0.012524,0.017587,-0.020784
1706605554,131771,0.114922,0.019154,-9.550470,-0.014922,0.017054,-0.020784
1706605554,131786,0.136469,-0.016759,-9.390059,-0.012524,0.019718,-0.022116
1706605554,131801,0.031125,-0.004788,-9.459491,-0.014655,0.019985,-0.021583
1706605554,131818,0.076614,-0.047884,-9.416395,-0.015721,0.017054,-0.020518
1706605554,131833,0.105345,0.019154,-9.504981,-0.012257,0.020518,-0.022916
1706605554,131847,0.105345,0.021548,-9.512163,-0.014123,0.017587,-0.022116
1706605554,131862,0.045490,0.004788,-9.519346,-0.014655,0.016254,-0.021850
1706605554,131877,0.090980,-0.047884,-9.536105,-0.013856,0.016787,-0.015721
1706605554,131892,0.079009,-0.014365,-9.469068,-0.012790,0.016254,-0.018919
1706605554,131909,0.095768,-0.023942,-9.485827,-0.012790,0.020518,-0.021850
1706605554,131924,0.090980,-0.016759,-9.495404,-0.015455,0.017320,-0.020251
1706605554,131939,0.064643,-0.043096,-9.550470,-0.013590,0.017320,-0.022649
1706605554,131954,0.079009,0.026336,-9.581595,-0.009593,0.015721,-0.020784
1706605554,131969,0.110133,-0.021548,-9.509769,-0.011191,0.021317,-0.022116
1706605555,131983,0.107739,0.004788,-9.497798,-0.010925,0.018652,-0.018919
1706605555,131998,0.052672,-0.014365,-9.543288,-0.013057,0.015988,-0.021850
1706605555,132015,0.067038,0.002394,-9.416395,-0.013323,0.018919,-0.022383
1706605555,132030,0.102951,-0.088585,-9.550470,-0.013323,0.019452,-0.021051
1706605555,132045,0.055067,-0.059855,-9.504981,-0.011991,0.018919,-0.020251
1706605555,132060,0.093374,0.007183,-9.528923,-0.014922,0.015721,-0.022116
1706605555,132075,0.064643,0.016759,-9.550470,-0.013590,0.017320,-0.019718
1706605555,132090,0.081403,0.014365,-9.588778,-0.012257,0.020251,-0.017853
1706605555,132105,0.090980,-0.011971,-9.476251,-0.012790,0.018652,-0.022383
1706605555,132122,0.124498,-0.016759,-9.459491,-0.013590,0.020784,-0.022916
1706605555,132137,0.105345,0.019154,-9.402030,-0.011724,0.019985,-0.024248
1706605555,132152,0.079009,-0.086191,-9.404425,-0.015188,0.017853,-0.023715
1706605555,132166,0.107739,0.033519,-9.464279,-0.013590,0.013856,-0.019985
1706605555,132181,0.069432,-0.038307,-9.454702,-0.013057,0.017054,-0.018386
1706605555,132196,0.107739,0.002394,-9.514558,-0.013323,0.017054,-0.019718
1706605555,132211,0.057461,-0.038307,-9.526528,-0.012790,0.016521,-0.022916
1706605555,132228,0.107739,0.007183,-9.521740,-0.014655,0.016787,-0.021051
1706605555,132243,0.143652,-0.009577,-9.509769,-0.013590,0.018919,-0.022383
1706605555,132258,0.107739,-0.045490,-9.481039,-0.015188,0.017853,-0.020518
1706605555,132272,0.124498,-0.011971,-9.548077,-0.010658,0.018119,-0.021051
1706605555,132287,0.016759,0.000000,-9.464279,-0.012790,0.019718,-0.023715
1706605555,132302,0.095768,-0.035913,-9.411607,-0.012524,0.020784,-0.023182
1706605555,132317,0.102951,-0.047884,-9.607931,-0.014123,0.018919,-0.020518
1706605555,132331,0.086191,-0.067038,-9.509769,-0.011724,0.015721,-0.020784
1706605555,132346,0.076614,-0.040701,-9.437943,-0.014123,0.018652,-0.020251
1706605555,132361,0.093374,0.014365,-9.574412,-0.012790,0.018119,-0.021051
1706605555,132376,0.067038,0.021548,-9.536105,-0.014922,0.019185,-0.023715
1706605555,132391,0.110133,0.007183,-9.497798,-0.011458,0.020518,-0.026646
1706605555,132406,0.055067,0.000000,-9.394848,-0.013856,0.016521,-0.023449
1706605555,132424,0.095768,-0.026336,-9.459491,-0.010658,0.014389,-0.021583
1706605555,132439,0.100556,-0.040701,-9.514558,-0.015988,0.017054,-0.024248
1706605555,132454,0.004788,-0.083797,-9.504981,-0.014655,0.015721,-0.023449
1706605555,132469,0.069432,0.050278,-9.382876,-0.013057,0.018119,-0.022916
1706605555,132484,0.124498,0.043096,-9.502586,-0.015188,0.013856,-0.021317
1706605555,132499,0.052672,-0.002394,-9.598354,-0.011991,0.019718,-0.021317
1706605555,132514,0.090980,0.014365,-9.495404,-0.012524,0.017054,-0.022116
1706605555,132532,0.105345,0.002394,-9.595961,-0.014389,0.018919,-0.018119
1706605555,132547,0.150835,0.031125,-9.500193,-0.011724,0.015188,-0.019185
1706605555,132562,0.083797,0.059855,-9.497798,-0.014922,0.016787,-0.019718
1706605555,132577,0.150835,-0.047884,-9.545682,-0.011724,0.020251,-0.024248
1706605555,132593,0.126893,-0.038307,-9.514558,-0.016787,0.018119,-0.021583
1706605555,132608,0.031125,0.038307,-9.495404,-0.015455,0.019452,-0.023182
1706605555,132623,0.076614,-0.019154,-9.521740,-0.013590,0.017054,-0.020518
1706605555,132640,0.057461,-0.057461,-9.461885,-0.013323,0.019452,-0.023982
1706605555,132656,0.093374,-0.033519,-9.471462,-0.011191,0.015455,-0.019452
1706605555,132671,0.093374,0.031125,-9.466674,-0.012790,0.019718,-0.019985
1706605555,132686,0.098162,0.000000,-9.521740,-0.014655,0.015721,-0.019985
1706605555,132701,0.105345,0.031125,-9.504981,-0.014655,0.015721,-0.019718
1706605555,132716,0.086191,-0.004788,-9.447520,-0.013856,0.019718,-0.020518
1706605555,132731,0.160412,-0.052672,-9.512163,-0.015188,0.021850,-0.018919
1706605555,132749,0.124498,-0.023942,-9.469068,-0.013323,0.015455,-0.021850
1706605555,132764,0.100556,-0.059855,-9.469068,-0.013323,0.017853,-0.023449
1706605555,132779,0.088585,-0.011971,-9.461885,-0.011458,0.020784,-0.022383
1706605555,132794,0.086191,0.021548,-9.464279,-0.010925,0.016254,-0.019985
1706605555,132809,0.059855,0.071826,-9.526528,-0.014922,0.014123,-0.018652
1706605555,132825,0.050278,-0.033519,-9.423578,-0.013856,0.018119,-0.022649
1706605555,132842,0.074220,-0.067038,-9.612720,-0.010126,0.021583,-0.020784
1706605555,132857,0.057461,0.009577,-9.526528,-0.011991,0.018386,-0.019985
1706605555,132872,0.086191,-0.023942,-9.521740,-0.013323,0.016787,-0.021051
1706605555,132887,0.021548,-0.038307,-9.466674,-0.012257,0.015455,-0.021850
1706605555,132903,0.021548,-0.043096,-9.421184,-0.012790,0.015455,-0.020518
1706605555,132918,0.083797,0.023942,-9.579201,-0.013590,0.015721,-0.020784
1706605555,132933,0.107739,-0.023942,-9.619903,-0.014389,0.020784,-0.019985
1706605555,132951,0.114922,0.009577,-9.488221,-0.012524,0.017320,-0.021051
1706605555,132966,0.062249,-0.040701,-9.502586,-0.013323,0.017587,-0.019452
1706605556,132981,0.074220,-0.031125,-9.612720,-0.013057,0.018652,-0.021051
1706605556,132996,0.083797,-0.040701,-9.516952,-0.013590,0.018386,-0.019185
1706605556,133011,0.110133,-0.050278,-9.454702,-0.015188,0.018652,-0.021583
1706605556,133026,0.088585,0.004788,-9.488221,-0.014123,0.016254,-0.021850
1706605556,133041,0.050278,-0.019154,-9.485827,-0.013057,0.016254,-0.020518
1706605556,133059,0.102951,-0.043096,-9.435549,-0.012524,0.017054,-0.018119
1706605556,133074,0.105345,-0.040701,-9.495404,-0.012257,0.016787,-0.023715
1706605556,133089,0.076614,-0.026336,-9.516952,-0.013856,0.016787,-0.021317
1706605556,133104,0.093374,-0.050278,-9.548077,-0.012790,0.019718,-0.025047
1706605556,133119,0.112527,-0.045490,-9.500193,-0.013323,0.017853,-0.020251
1706605556,133134,0.083797,-0.023942,-9.445126,-0.014123,0.016787,-0.022916
1706605556,133150,0.093374,0.052672,-9.521740,-0.013856,0.016521,-0.020518
1706605556,133175,0.105345,0.000000,-9.521740,-0.013057,0.020251,-0.021850
1706605556,133191,0.100556,-0.004788,-9.560047,-0.015188,0.016254,-0.023982
1706605556,133205,0.088585,0.014365,-9.454702,-0.013856,0.018119,-0.020518
1706605556,133220,0.038307,-0.023942,-9.528923,-0.015988,0.015455,-0.024248
1706605556,133235,0.110133,-0.009577,-9.466674,-0.012524,0.014123,-0.020784
1706605556,133250,0.035913,-0.045490,-9.469068,-0.010925,0.019985,-0.018386
1706605556,133267,0.086191,-0.076614,-9.428367,-0.014389,0.019185,-0.021850
1706605556,133282,0.090980,0.026336,-9.500193,-0.013323,0.019452,-0.020251
1706605556,133297,0.119710,-0.026336,-9.483433,-0.015988,0.015188,-0.021317
1706605556,133312,0.069432,0.002394,-9.442732,-0.012790,0.019985,-0.023182
1706605556,133326,0.090980,-0.021548,-9.528923,-0.014123,0.019185,-0.020784
1706605556,133341,0.119710,0.004788,-9.536105,-0.013057,0.018652,-0.021051
1706605556,133356,0.117316,-0.038307,-9.483433,-0.013323,0.020251,-0.019985
1706605556,133373,0.131681,-0.004788,-9.471462,-0.013057,0.017587,-0.018919
1706605556,133388,0.050278,-0.028730,-9.504981,-0.011458,0.013856,-0.020518
1706605556,133403,0.083797,0.031125,-9.581595,-0.014123,0.018652,-0.022116
1706605556,133418,0.153229,0.014365,-9.550470,-0.014389,0.015721,-0.021583
1706605556,133433,0.093374,-0.059855,-9.473856,-0.012790,0.017054,-0.019985
1706605556,133448,0.095768,0.050278,-9.526528,-0.015188,0.015988,-0.023182
1706605556,133463,0.095768,-0.016759,-9.469068,-0.014389,0.017054,-0.018919
1706605556,133480,0.129287,-0.028730,-9.519346,-0.012524,0.019185,-0.021850
1706605556,133495,0.138864,0.000000,-9.471462,-0.011458,0.017853,-0.021317
1706605556,133510,0.100556,0.014365,-9.473856,-0.013590,0.018386,-0.020518
1706605556,133525,0.107739,0.038307,-9.540894,-0.013323,0.015721,-0.019185
1706605556,133540,0.067038,-0.083797,-9.478644,-0.013057,0.016254,-0.020251
1706605556,133554,0.098162,-0.047884,-9.490616,-0.014123,0.016254,-0.023449
1706605556,133569,0.086191,-0.019154,-9.428367,-0.011191,0.017587,-0.022383
1706605556,133586,0.081403,0.004788,-9.526528,-0.011991,0.020251,-0.021317
1706605556,133601,0.023942,-0.067038,-9.418790,-0.011458,0.018386,-0.021850
1706605556,133616,0.138864,0.014365,-9.478644,-0.013590,0.015721,-0.019985
1706605556,133631,0.093374,-0.033519,-9.524135,-0.014123,0.015455,-0.018919
1706605556,133646,0.146046,-0.026336,-9.536105,-0.012257,0.021850,-0.022116
1706605556,133661,0.107739,-0.040701,-9.507375,-0.014123,0.018652,-0.020518
1706605556,133675,0.088585,-0.002394,-9.457097,-0.010126,0.022116,-0.021317
1706605556,133693,0.119710,-0.031125,-9.437943,-0.012790,0.017320,-0.022116
1706605556,133707,0.124498,-0.019154,-9.545682,-0.011191,0.015721,-0.021317
1706605556,133722,0.090980,-0.026336,-9.504981,-0.014655,0.019452,-0.023449
1706605556,133737,0.179565,0.023942,-9.526528,-0.012524,0.016787,-0.019985
1706605556,133752,0.117316,0.011971,-9.533711,-0.014389,0.016254,-0.023982
1706605556,133767,0.026336,-0.031125,-9.411607,-0.012524,0.021051,-0.019718
1706605556,133784,0.076614,-0.043096,-9.457097,-0.013057,0.019452,-0.022916
1706605556,133799,0.079009,0.011971,-9.533711,-0.011458,0.015988,-0.021051
1706605556,133814,0.110133,-0.004788,-9.538500,-0.013323,0.016787,-0.022649
1706605556,133829,0.122104,-0.009577,-9.457097,-0.014655,0.019985,-0.019452
1706605556,133843,0.076614,-0.007183,-9.452309,-0.013057,0.017054,-0.022116
1706605556,133858,0.090980,-0.043096,-9.430760,-0.011458,0.021317,-0.018386
1706605556,133873,0.035913,-0.014365,-9.531317,-0.014922,0.017320,-0.021850
1706605556,133890,0.057461,0.019154,-9.586384,-0.013323,0.016521,-0.021317
1706605556,133905,0.131681,-0.019154,-9.550470,-0.012790,0.017587,-0.021051
1706605556,133920,0.067038,0.062249,-9.469068,-0.011991,0.015188,-0.023449
1706605556,133935,0.079009,-0.021548,-9.524135,-0.010658,0.018652,-0.022116
1706605556,133949,0.126893,0.045490,-9.478644,-0.015721,0.017054,-0.023449
1706605556,133964,0.117316,-0.016759,-9.521740,-0.010658,0.015455,-0.018386
1706605556,133979,0.083797,0.047884,-9.533711,-0.011991,0.021317,-0.022383
1706605557,133996,0.090980,0.021548,-9.382876,-0.013057,0.017587,-0.021051
1706605557,134011,0.160412,0.004788,-9.452309,-0.014123,0.018652,-0.019718
1706605557,134026,0.083797,-0.062249,-9.351752,-0.013057,0.016787,-0.022649
1706605557,134041,0.074220,-0.007183,-9.497798,-0.015188,0.015188,-0.023715
1706605557,134056,0.040701,-0.016759,-9.560047,-0.013057,0.017853,-0.018652
1706605557,134071,0.079009,-0.064643,-9.524135,-0.012790,0.017320,-0.020518
1706605557,134087,0.098162,0.031125,-9.430760,-0.014389,0.015188,-0.022649
1706605557,134104,0.088585,-0.040701,-9.531317,-0.011991,0.019185,-0.020251
1706605557,134119,0.105345,0.076614,-9.493010,-0.012790,0.017054,-0.021051
1706605557,134134,0.122104,-0.016759,-9.495404,-0.012257,0.018386,-0.019452
1706605557,134149,0.095768,0.004788,-9.502586,-0.013057,0.016787,-0.020251
1706605557,134165,0.076614,-0.028730,-9.516952,-0.012257,0.018652,-0.023182
1706605557,134180,0.088585,0.009577,-9.507375,-0.013856,0.021317,-0.023182
1706605557,134197,0.086191,-0.019154,-9.380483,-0.012524,0.019185,-0.019185
1706605557,134212,0.064643,-0.026336,-9.481039,-0.014123,0.014123,-0.022916
1706605557,134228,0.146046,-0.014365,-9.497798,-0.013057,0.014389,-0.019185
1706605557,134243,0.129287,-0.050278,-9.447520,-0.013856,0.014922,-0.018919
1706605557,134258,0.117316,-0.064643,-9.543288,-0.011191,0.014922,-0.020784
1706605557,134273,0.105345,0.021548,-9.521740,-0.012790,0.020784,-0.018919
1706605557,134288,0.067038,0.033519,-9.459491,-0.012790,0.020518,-0.021583
1706605557,134306,0.119710,0.007183,-9.493010,-0.015188,0.014123,-0.021850
1706605557,134321,0.083797,0.014365,-9.519346,-0.012790,0.017587,-0.019985
1706605557,134336,0.088585,0.023942,-9.483433,-0.011991,0.017587,-0.023982
1706605557,134351,0.112527,-0.033519,-9.404425,-0.013590,0.013057,-0.023449
1706605557,134366,0.122104,-0.002394,-9.430760,-0.012524,0.016254,-0.020518
1706605557,134382,0.083797,-0.023942,-9.516952,-0.015988,0.016787,-0.021317
1706605557,134397,0.129287,-0.009577,-9.538500,-0.011991,0.018386,-0.021850
1706605557,134414,0.107739,-0.064643,-9.490616,-0.014389,0.019985,-0.020251
1706605557,134430,0.076614,-0.047884,-9.485827,-0.015988,0.017587,-0.024248
1706605557,134445,0.052672,-0.019154,-9.495404,-0.013323,0.018386,-0.019985
1706605557,134460,0.100556,0.023942,-9.440337,-0.014389,0.015988,-0.025580
1706605557,134475,0.114922,-0.004788,-9.488221,-0.015455,0.019985,-0.021850
1706605557,134490,0.112527,-0.064643,-9.466674,-0.013590,0.016254,-0.021583
1706605557,134505,0.088585,-0.033519,-9.550470,-0.014123,0.016521,-0.022916
1706605557,134523,0.110133,-0.035913,-9.538500,-0.014922,0.015988,-0.023715
1706605557,134538,0.090980,0.007183,-9.497798,-0.014389,0.014389,-0.020784
1706605557,134553,0.043096,-0.026336,-9.442732,-0.012257,0.014655,-0.021051
1706605557,134568,0.110133,-0.045490,-9.528923,-0.014123,0.013856,-0.020251
1706605557,134583,0.129287,-0.009577,-9.485827,-0.014922,0.016254,-0.022649
1706605557,134599,0.122104,-0.002394,-9.461885,-0.013856,0.018119,-0.022116
1706605557,134616,0.110133,0.035913,-9.562442,-0.011991,0.016787,-0.019185
1706605557,134631,0.131681,-0.033519,-9.502586,-0.012257,0.014389,-0.023182
1706605557,134646,0.074220,0.043096,-9.433155,-0.013057,0.017320,-0.022649
1706605557,134662,0.059855,-0.095768,-9.488221,-0.011991,0.017320,-0.023715
1706605557,134677,0.136469,-0.011971,-9.493010,-0.013856,0.015721,-0.018652
1706605557,134692,0.102951,0.014365,-9.548077,-0.011191,0.017320,-0.020518
1706605557,134707,0.052672,-0.009577,-9.454702,-0.013590,0.018652,-0.020518
1706605557,134725,0.122104,0.011971,-9.612720,-0.011458,0.019452,-0.019452
1706605557,134740,0.043096,-0.011971,-9.524135,-0.013856,0.019185,-0.021051
1706605557,134755,0.083797,0.009577,-9.524135,-0.011724,0.017054,-0.020251
1706605557,134770,0.095768,-0.033519,-9.493010,-0.014389,0.017853,-0.020251
1706605557,134785,0.079009,0.002394,-9.490616,-0.011991,0.016787,-0.021850
1706605557,134800,0.040701,-0.052672,-9.533711,-0.013323,0.020784,-0.021850
1706605557,134815,0.124498,0.021548,-9.543288,-0.013057,0.016521,-0.022383
1706605557,134840,0.088585,0.011971,-9.466674,-0.013323,0.017054,-0.023715
1706605557,134856,0.074220,0.023942,-9.452309,-0.011991,0.015988,-0.019985
1706605557,134871,0.131681,-0.067038,-9.500193,-0.011724,0.018386,-0.021850
1706605557,134885,0.067038,0.007183,-9.478644,-0.013323,0.018919,-0.020251
1706605557,134900,0.052672,-0.062249,-9.481039,-0.015988,0.015988,-0.018386
1706605557,134915,0.126893,0.016759,-9.586384,-0.014123,0.022649,-0.019718
1706605557,134930,0.126893,-0.040701,-9.545682,-0.011991,0.017054,-0.023449
1706605557,134947,0.088585,0.000000,-9.478644,-0.011724,0.017587,-0.018386
1706605557,134962,0.090980,-0.035913,-9.390059,-0.013057,0.015721,-0.021317
1706605557,134977,0.107739,-0.019154,-9.500193,-0.012790,0.019718,-0.019452
1706605558,134991,0.107739,-0.057461,-9.533711,-0.012790,0.018652,-0.021317
1706605558,135006,0.138864,-0.031125,-9.514558,-0.012524,0.016787,-0.021583
1706605558,135021,0.117316,0.000000,-9.509769,-0.011724,0.017853,-0.023449
1706605558,135036,0.107739,-0.004788,-9.495404,-0.012790,0.014655,-0.022916
1706605558,135053,0.129287,-0.007183,-9.538500,-0.013057,0.018119,-0.021583
1706605558,135068,0.083797,0.011971,-9.490616,-0.012257,0.015188,-0.022116
1706605558,135083,0.136469,-0.026336,-9.452309,-0.012257,0.018386,-0.020518
1706605558,135098,0.052672,-0.052672,-9.397242,-0.014389,0.015721,-0.020251
1706605558,135112,0.079009,-0.064643,-9.454702,-0.015188,0.018386,-0.022116
1706605558,135127,0.143652,-0.026336,-9.562442,-0.014123,0.015988,-0.016521
1706605558,135144,0.134075,-0.016759,-9.416395,-0.011724,0.018119,-0.020784
1706605558,135159,0.081403,-0.026336,-9.461885,-0.015455,0.014655,-0.019452
1706605558,135174,0.081403,-0.009577,-9.512163,-0.012524,0.019985,-0.023982
1706605558,135189,0.107739,0.004788,-9.495404,-0.014123,0.021051,-0.020784
1706605558,135204,0.086191,-0.011971,-9.548077,-0.012790,0.016521,-0.019985
1706605558,135219,0.129287,-0.081403,-9.445126,-0.014123,0.021850,-0.023182
1706605558,135234,0.110133,-0.007183,-9.500193,-0.014123,0.015455,-0.021583
1706605558,135251,0.107739,-0.004788,-9.485827,-0.013323,0.017587,-0.020251
1706605558,135266,0.086191,-0.011971,-9.466674,-0.014922,0.017587,-0.023182
1706605558,135280,0.083797,0.004788,-9.514558,-0.011724,0.017320,-0.022916
1706605558,135295,0.062249,0.011971,-9.428367,-0.016254,0.017853,-0.025047
1706605558,135310,0.081403,-0.019154,-9.516952,-0.013057,0.018386,-0.019452
1706605558,135325,0.081403,-0.038307,-9.411607,-0.014922,0.018919,-0.021583
1706605558,135340,0.050278,-0.047884,-9.531317,-0.014389,0.016787,-0.022116
1706605558,135357,0.110133,-0.023942,-9.356541,-0.012524,0.014922,-0.020784
1706605558,135372,0.114922,-0.011971,-9.550470,-0.012790,0.017587,-0.022916
1706605558,135387,0.134075,-0.026336,-9.490616,-0.013590,0.018386,-0.024781
1706605558,135402,0.028730,0.043096,-9.583989,-0.013590,0.020251,-0.023715
1706605558,135416,0.090980,0.002394,-9.540894,-0.013856,0.017853,-0.022116
1706605558,135431,0.129287,-0.026336,-9.550470,-0.011458,0.016787,-0.021051
1706605558,135446,0.067038,-0.057461,-9.447520,-0.013856,0.016521,-0.021850
1706605558,135463,0.098162,-0.007183,-9.507375,-0.014123,0.017587,-0.018386
1706605558,135478,0.119710,0.023942,-9.516952,-0.016521,0.019185,-0.021583
1706605558,135493,0.079009,0.023942,-9.562442,-0.011191,0.018119,-0.020784
1706605558,135508,0.174777,0.007183,-9.459491,-0.010658,0.015188,-0.022649
1706605558,135523,0.076614,0.031125,-9.500193,-0.012524,0.013590,-0.023715
1706605558,135538,0.110133,-0.067038,-9.488221,-0.012257,0.018119,-0.021317
1706605558,135555,0.110133,0.031125,-9.507375,-0.014655,0.018119,-0.021317
1706605558,135569,0.158017,-0.045490,-9.521740,-0.016521,0.018919,-0.019185
1706605558,135584,0.141258,0.064643,-9.466674,-0.014922,0.021051,-0.025314
1706605558,135599,0.071826,-0.026336,-9.490616,-0.013057,0.015988,-0.021583
1706605558,135614,0.086191,0.002394,-9.418790,-0.012524,0.017320,-0.020784
1706605558,135628,0.083797,-0.035913,-9.500193,-0.013057,0.016521,-0.022116
1706605558,135643,0.074220,0.038307,-9.528923,-0.014922,0.015988,-0.022383
1706605558,135661,0.098162,0.007183,-9.557653,-0.012257,0.016787,-0.022383
1706605558,135676,0.102951,-0.026336,-9.481039,-0.011991,0.016254,-0.024248
1706605558,135691,0.059855,-0.069432,-9.540894,-0.013856,0.019452,-0.020784
1706605558,135706,0.119710,-0.009577,-9.538500,-0.013590,0.018652,-0.018652
1706605558,135721,0.083797,0.016759,-9.447520,-0.011458,0.017054,-0.024515
1706605558,135736,0.052672,0.050278,-9.452309,-0.012524,0.019185,-0.022916
1706605558,135751,0.045490,-0.009577,-9.543288,-0.011724,0.018919,-0.023182
1706605558,135769,0.031125,-0.067038,-9.445126,-0.015188,0.016787,-0.022916
1706605558,135784,0.028730,-0.019154,-9.495404,-0.013856,0.017853,-0.023449
1706605558,135799,0.110133,-0.002394,-9.418790,-0.012257,0.017320,-0.021051
1706605558,135814,0.119710,-0.004788,-9.473856,-0.014922,0.017054,-0.021583
1706605558,135829,0.122104,0.016759,-9.490616,-0.015188,0.015188,-0.020251
1706605558,135844,0.052672,-0.016759,-9.437943,-0.010925,0.015455,-0.022383
1706605558,135860,0.090980,-0.033519,-9.500193,-0.012790,0.015188,-0.022649
1706605558,135877,0.062249,-0.028730,-9.437943,-0.014123,0.017054,-0.021850
1706605558,135892,0.043096,0.083797,-9.447520,-0.013856,0.019452,-0.022916
1706605558,135908,0.126893,-0.064643,-9.488221,-0.013590,0.018119,-0.019185
1706605558,135923,0.110133,-0.004788,-9.562442,-0.012257,0.017853,-0.020518
1706605558,135938,0.117316,-0.040701,-9.500193,-0.013590,0.018119,-0.020251
1706605558,135953,0.129287,0.002394,-9.454702,-0.011724,0.019185,-0.018652
1706605558,135971,0.153229,0.000000,-9.524135,-0.014922,0.019718,-0.021850
1706605559,135986,0.074220,-0.062249,-9.485827,-0.012257,0.018919,-0.022649
1706605559,136001,0.146046,-0.026336,-9.457097,-0.011991,0.013590,-0.022916
1706605559,136016,0.148441,-0.019154,-9.485827,-0.012790,0.017320,-0.022649
1706605559,136031,0.105345,-0.007183,-9.548077,-0.014655,0.017587,-0.022649
1706605559,136046,0.119710,-0.035913,-9.421184,-0.009593,0.015455,-0.020518
1706605559,136062,0.110133,-0.004788,-9.485827,-0.015455,0.021850,-0.021317
1706605559,136079,0.023942,0.081403,-9.440337,-0.016521,0.016254,-0.020518
1706605559,136094,0.134075,-0.007183,-9.490616,-0.012790,0.017587,-0.021317
1706605559,136110,0.129287,-0.004788,-9.524135,-0.014655,0.013057,-0.020251
1706605559,136125,0.110133,0.019154,-9.502586,-0.012790,0.019185,-0.022383
1706605559,136140,0.088585,0.028730,-9.435549,-0.013590,0.018652,-0.025314
1706605559,136155,0.090980,-0.011971,-9.536105,-0.009593,0.016787,-0.022649
1706605559,136170,0.079009,-0.043096,-9.574412,-0.012524,0.020518,-0.022649
1706605559,136188,0.062249,0.026336,-9.545682,-0.011991,0.015721,-0.022649
1706605559,136203,0.110133,-0.071826,-9.569624,-0.011991,0.017587,-0.021317
1706605559,136218,0.074220,0.028730,-9.514558,-0.013323,0.019185,-0.019452
1706605559,136233,0.117316,-0.031125,-9.493010,-0.011991,0.022383,-0.022916
1706605559,136248,0.081403,-0.055067,-9.581595,-0.013590,0.018919,-0.021317
1706605559,136263,0.102951,0.004788,-9.440337,-0.014922,0.017587,-0.018386
1706605559,136278,0.069432,-0.007183,-9.507375,-0.014922,0.018652,-0.021317
1706605559,136296,0.105345,0.007183,-9.583989,-0.010126,0.015988,-0.019452
1706605559,136311,0.047884,-0.028730,-9.471462,-0.013856,0.017320,-0.020784
1706605559,136327,0.153229,-0.002394,-9.497798,-0.012257,0.017054,-0.019185
1706605559,136342,0.107739,-0.009577,-9.631873,-0.014123,0.016787,-0.020518
1706605559,136357,0.067038,-0.002394,-9.533711,-0.013323,0.015188,-0.023449
1706605559,136372,0.045490,-0.074220,-9.461885,-0.011458,0.018652,-0.022916
1706605559,136389,0.110133,-0.009577,-9.526528,-0.014389,0.018119,-0.019185
1706605559,136405,0.057461,-0.014365,-9.598354,-0.012524,0.018119,-0.022649
1706605559,136420,0.141258,0.016759,-9.473856,-0.010126,0.017054,-0.019185
1706605559,136435,0.165200,0.031125,-9.562442,-0.012524,0.015721,-0.022916
1706605559,136450,0.095768,0.014365,-9.471462,-0.011724,0.017320,-0.020251
1706605559,136465,0.076614,0.033519,-9.469068,-0.013057,0.018652,-0.021051
1706605559,136480,0.050278,0.000000,-9.572019,-0.014123,0.013057,-0.022116
1706605559,136505,0.047884,0.011971,-9.461885,-0.016787,0.014655,-0.017587
1706605559,136521,0.057461,-0.019154,-9.478644,-0.013057,0.013590,-0.023449
1706605559,136536,0.124498,0.019154,-9.430760,-0.012524,0.017054,-0.021317
1706605559,136551,0.158017,0.011971,-9.495404,-0.012257,0.015188,-0.018386
1706605559,136565,-0.009577,0.016759,-9.425972,-0.011724,0.015988,-0.023182
1706605559,136580,0.165200,-0.002394,-9.435549,-0.014123,0.021583,-0.019985
1706605559,136595,0.086191,0.023942,-9.461885,-0.012524,0.017054,-0.020784
1706605559,136612,0.057461,-0.026336,-9.509769,-0.010925,0.016787,-0.022116
1706605559,136627,0.141258,-0.043096,-9.461885,-0.014389,0.017320,-0.020518
1706605559,136642,0.079009,-0.057461,-9.509769,-0.013590,0.018652,-0.021850
1706605559,136657,0.076614,-0.004788,-9.464279,-0.010658,0.017853,-0.020518
1706605559,136671,0.026336,0.021548,-9.557653,-0.010925,0.019452,-0.020784
1706605559,136686,0.095768,0.004788,-9.471462,-0.011191,0.019452,-0.019985
1706605559,136701,0.069432,0.000000,-9.406818,-0.014922,0.020251,-0.021317
1706605559,136718,0.105345,-0.009577,-9.485827,-0.009859,0.015455,-0.022649
1706605559,136733,0.038307,0.002394,-9.512163,-0.013590,0.019185,-0.017587
1706605559,136748,0.098162,0.043096,-9.567230,-0.013856,0.018386,-0.021583
1706605559,136763,0.131681,-0.014365,-9.442732,-0.013323,0.015988,-0.021583
1706605559,136778,0.086191,0.028730,-9.500193,-0.015455,0.018652,-0.020784
1706605559,136792,0.136469,0.014365,-9.562442,-0.011458,0.017587,-0.020784
1706605559,136807,0.064643,0.045490,-9.440337,-0.012257,0.017853,-0.019985
1706605559,136824,0.083797,-0.007183,-9.459491,-0.014655,0.017587,-0.023715
1706605559,136839,0.110133,-0.019154,-9.454702,-0.012257,0.018386,-0.021317
1706605559,136854,0.119710,-0.074220,-9.445126,-0.012524,0.017587,-0.020518
1706605559,136869,0.090980,-0.007183,-9.536105,-0.015721,0.016254,-0.018919
1706605559,136884,0.040701,0.016759,-9.471462,-0.014123,0.017587,-0.018652
1706605559,136899,0.069432,-0.011971,-9.514558,-0.012524,0.014922,-0.022116
1706605559,136916,0.129287,-0.031125,-9.387665,-0.015188,0.018386,-0.021051
1706605559,136931,0.074220,-0.004788,-9.435549,-0.014655,0.017587,-0.022916
1706605559,136946,0.150835,-0.016759,-9.457097,-0.015721,0.019452,-0.020784
1706605559,136960,0.088585,-0.062249,-9.519346,-0.013856,0.015988,-0.019718
1706605559,136975,0.095768,-0.011971,-9.502586,-0.011991,0.016254,-0.023182
1706605560,136990,0.074220,0.009577,-9.521740,-0.012790,0.015188,-0.023982
1706605560,137005,0.134075,-0.031125,-9.447520,-0.015721,0.016254,-0.023182
1706605560,137022,0.126893,0.000000,-9.507375,-0.013590,0.017587,-0.018652
1706605560,137037,0.090980,0.083797,-9.418790,-0.014655,0.022116,-0.019452
1706605560,137052,0.158017,-0.076614,-9.447520,-0.015455,0.017054,-0.024781
1706605560,137067,0.117316,-0.062249,-9.514558,-0.013590,0.018652,-0.021850
1706605560,137082,0.136469,0.035913,-9.598354,-0.013323,0.018119,-0.024781
1706605560,137096,0.088585,-0.004788,-9.430760,-0.012257,0.015988,-0.019452
1706605560,137111,0.076614,-0.043096,-9.579201,-0.012790,0.018652,-0.019452
1706605560,137128,0.038307,-0.026336,-9.509769,-0.015988,0.018119,-0.021583
1706605560,137143,0.117316,-0.019154,-9.521740,-0.011458,0.018386,-0.018919
1706605560,137158,0.129287,-0.057461,-9.509769,-0.014123,0.019185,-0.023449
1706605560,137173,0.098162,0.007183,-9.540894,-0.013856,0.014922,-0.020784
1706605560,137188,0.067038,0.059855,-9.524135,-0.014123,0.016521,-0.020251
1706605560,137203,0.059855,-0.004788,-9.548077,-0.012524,0.021317,-0.019718
1706605560,137217,0.059855,0.002394,-9.382876,-0.014389,0.017587,-0.020251
1706605560,137235,0.098162,-0.050278,-9.423578,-0.012790,0.015455,-0.021850
1706605560,137249,0.143652,-0.028730,-9.464279,-0.013323,0.017587,-0.020251
1706605560,137264,0.093374,-0.014365,-9.552865,-0.011191,0.018652,-0.021850
1706605560,137279,0.074220,-0.055067,-9.624691,-0.016787,0.018652,-0.021317
1706605560,137294,0.035913,-0.002394,-9.562442,-0.015188,0.019985,-0.021850
1706605560,137308,0.023942,-0.019154,-9.528923,-0.011458,0.020251,-0.018919
1706605560,137326,0.122104,-0.079009,-9.471462,-0.009593,0.017054,-0.021051
1706605560,137341,0.119710,0.016759,-9.449914,-0.014655,0.019452,-0.023715
1706605560,137356,0.069432,-0.019154,-9.512163,-0.010925,0.018119,-0.018119
1706605560,137371,0.076614,0.000000,-9.478644,-0.012524,0.016787,-0.023982
1706605560,137386,0.076614,0.007183,-9.516952,-0.012257,0.015988,-0.018386
1706605560,137401,0.119710,-0.026336,-9.605537,-0.014123,0.016521,-0.022116
1706605560,137416,0.079009,-0.014365,-9.447520,-0.013057,0.015721,-0.022916
1706605560,137434,0.090980,-0.011971,-9.447520,-0.014123,0.017853,-0.021051
1706605560,137449,0.086191,0.038307,-9.473856,-0.013323,0.018919,-0.021850
1706605560,137464,0.107739,-0.081403,-9.533711,-0.014389,0.014389,-0.021583
1706605560,137479,0.069432,-0.009577,-9.509769,-0.014922,0.019985,-0.021051
1706605560,137494,0.067038,0.002394,-9.588778,-0.012790,0.013856,-0.021051
1706605560,137509,0.102951,-0.033519,-9.476251,-0.014389,0.015988,-0.022116
1706605560,137524,0.071826,0.004788,-9.454702,-0.011724,0.018386,-0.022116
1706605560,137542,0.100556,0.002394,-9.430760,-0.013590,0.018119,-0.022116
1706605560,137557,0.069432,-0.031125,-9.516952,-0.010925,0.018386,-0.021051
1706605560,137572,0.134075,-0.011971,-9.500193,-0.014922,0.021317,-0.019185
1706605560,137587,0.177171,-0.047884,-9.531317,-0.010658,0.014123,-0.023715
1706605560,137603,0.093374,-0.026336,-9.411607,-0.013856,0.018919,-0.019718
1706605560,137618,0.038307,-0.009577,-9.483433,-0.010658,0.018119,-0.021051
1706605560,137633,0.134075,-0.067038,-9.579201,-0.016254,0.017853,-0.020518
1706605560,137650,0.074220,0.004788,-9.459491,-0.011458,0.016787,-0.021850
1706605560,137666,0.122104,-0.083797,-9.459491,-0.017054,0.018386,-0.021850
1706605560,137681,0.069432,-0.004788,-9.497798,-0.012524,0.019185,-0.021317
1706605560,137696,0.050278,-0.023942,-9.485827,-0.012257,0.018652,-0.021850
1706605560,137711,0.076614,-0.033519,-9.495404,-0.010658,0.017054,-0.018919
1706605560,137726,0.033519,0.000000,-9.459491,-0.014655,0.015455,-0.020251
1706605560,137741,0.016759,-0.011971,-9.538500,-0.010392,0.017853,-0.021317
1706605560,137759,0.110133,-0.026336,-9.528923,-0.015988,0.017320,-0.022383
1706605560,137774,0.102951,-0.043096,-9.435549,-0.015188,0.019185,-0.023449
1706605560,137789,0.057461,0.009577,-9.488221,-0.011724,0.015721,-0.022116
1706605560,137804,0.090980,0.040701,-9.490616,-0.013057,0.014655,-0.020784
1706605560,137819,0.102951,-0.023942,-9.600749,-0.013323,0.016254,-0.020518
1706605560,137835,0.102951,0.000000,-9.521740,-0.015455,0.019718,-0.020518
1706605560,137852,0.107739,-0.009577,-9.416395,-0.009593,0.020251,-0.023182
1706605560,137867,0.071826,-0.014365,-9.543288,-0.012790,0.019185,-0.021051
1706605560,137882,0.119710,-0.021548,-9.552865,-0.014123,0.016254,-0.023449
1706605560,137898,0.083797,-0.035913,-9.543288,-0.014123,0.020518,-0.021317
1706605560,137913,0.040701,-0.033519,-9.545682,-0.010925,0.014655,-0.022383
1706605560,137928,0.023942,-0.031125,-9.493010,-0.011724,0.017853,-0.021583
1706605560,137943,0.028730,0.004788,-9.524135,-0.013856,0.016254,-0.023449
1706605560,137961,0.122104,0.026336,-9.447520,-0.012524,0.019452,-0.021583
1706605560,137976,0.088585,0.016759,-9.469068,-0.015455,0.014922,-0.022116
1706605561,137991,0.059855,0.004788,-9.478644,-0.011724,0.014389,-0.017853
1706605561,138006,0.083797,-0.040701,-9.423578,-0.011724,0.017320,-0.022116
1706605561,138021,0.112527,0.014365,-9.473856,-0.014389,0.019985,-0.024515
1706605561,138036,0.102951,-0.009577,-9.504981,-0.014123,0.018652,-0.021317
1706605561,138051,0.057461,0.000000,-9.418790,-0.014922,0.016787,-0.019185
1706605561,138069,0.088585,-0.014365,-9.476251,-0.010126,0.021317,-0.019985
1706605561,138084,0.131681,-0.062249,-9.471462,-0.015721,0.016787,-0.021583
1706605561,138099,0.148441,-0.028730,-9.516952,-0.009593,0.017054,-0.023982
1706605561,138114,0.088585,-0.035913,-9.507375,-0.012257,0.017853,-0.021051
1706605561,138129,0.069432,-0.009577,-9.459491,-0.013323,0.021317,-0.020251
1706605561,138144,0.088585,-0.047884,-9.538500,-0.014389,0.015455,-0.020251
1706605561,138159,0.146046,-0.011971,-9.442732,-0.009593,0.020251,-0.022649
1706605561,138184,0.083797,-0.021548,-9.437943,-0.014389,0.015188,-0.021583
1706605561,138200,0.114922,-0.014365,-9.454702,-0.014655,0.020518,-0.020518
1706605561,138215,0.050278,0.035913,-9.524135,-0.016521,0.016787,-0.020518
1706605561,138230,0.028730,-0.011971,-9.423578,-0.011991,0.019185,-0.021051
1706605561,138245,0.102951,0.023942,-9.461885,-0.011991,0.022916,-0.024781
1706605561,138259,0.083797,-0.021548,-9.538500,-0.010126,0.018386,-0.022383
1706605561,138276,0.088585,-0.004788,-9.380483,-0.012524,0.017853,-0.025580
1706605561,138291,0.059855,-0.047884,-9.528923,-0.014922,0.015988,-0.021051
1706605561,138306,0.167594,-0.009577,-9.524135,-0.012524,0.020518,-0.023182
1706605561,138321,0.126893,0.059855,-9.495404,-0.014123,0.018652,-0.018386
1706605561,138336,0.071826,0.000000,-9.562442,-0.012257,0.016787,-0.023182
1706605561,138351,0.090980,-0.028730,-9.500193,-0.012524,0.016787,-0.019452
1706605561,138366,0.071826,0.028730,-9.495404,-0.012257,0.018652,-0.022916
1706605561,138383,0.083797,-0.028730,-9.485827,-0.013590,0.016787,-0.026380
1706605561,138398,0.083797,-0.007183,-9.509769,-0.016787,0.017587,-0.024248
1706605561,138413,0.155623,-0.023942,-9.478644,-0.010658,0.017054,-0.021583
1706605561,138428,0.090980,-0.009577,-9.473856,-0.013323,0.019718,-0.019185
1706605561,138443,0.086191,-0.083797,-9.459491,-0.014389,0.019452,-0.020784
1706605561,138458,0.112527,0.021548,-9.540894,-0.014922,0.017853,-0.022116
1706605561,138472,0.110133,-0.011971,-9.521740,-0.018119,0.016787,-0.022116
1706605561,138490,0.110133,-0.038307,-9.428367,-0.014123,0.018652,-0.022649
1706605561,138505,0.062249,-0.009577,-9.416395,-0.011724,0.017054,-0.022116
1706605561,138519,0.107739,0.026336,-9.437943,-0.012257,0.018652,-0.021850
1706605561,138534,0.124498,0.023942,-9.447520,-0.012790,0.017853,-0.021317
1706605561,138549,0.079009,-0.009577,-9.435549,-0.013323,0.018119,-0.024515
1706605561,138564,0.131681,-0.052672,-9.557653,-0.012790,0.018919,-0.021850
1706605561,138579,0.076614,-0.033519,-9.421184,-0.014922,0.017587,-0.022383
1706605561,138596,0.114922,-0.007183,-9.548077,-0.015188,0.018652,-0.021583
1706605561,138611,0.102951,-0.064643,-9.528923,-0.014922,0.019452,-0.020518
1706605561,138626,0.093374,-0.050278,-9.378088,-0.010392,0.017587,-0.020518
1706605561,138641,0.110133,-0.033519,-9.507375,-0.015721,0.017587,-0.019718
1706605561,138656,0.155623,0.000000,-9.469068,-0.013323,0.016254,-0.021583
1706605561,138670,0.057461,0.035913,-9.485827,-0.014123,0.018386,-0.021051
1706605561,138688,0.150835,-0.040701,-9.533711,-0.016254,0.015721,-0.022649
1706605561,138703,0.105345,-0.028730,-9.509769,-0.011458,0.018919,-0.021051
1706605561,138717,0.095768,0.033519,-9.404425,-0.013057,0.019718,-0.020518
1706605561,138743,0.129287,0.004788,-9.598354,-0.013323,0.014655,-0.021317
1706605561,138758,0.114922,-0.033519,-9.521740,-0.012790,0.021583,-0.021850
1706605561,138773,0.119710,-0.011971,-9.533711,-0.013590,0.018119,-0.020251
1706605561,138787,0.040701,-0.031125,-9.514558,-0.015188,0.017587,-0.021051
1706605561,138804,0.143652,0.026336,-9.509769,-0.014922,0.017320,-0.018652
1706605561,138819,0.057461,0.009577,-9.502586,-0.010392,0.014655,-0.023715
1706605561,138834,0.114922,0.014365,-9.516952,-0.012524,0.018119,-0.021850
1706605561,138849,0.102951,-0.011971,-9.464279,-0.014389,0.018386,-0.022916
1706605561,138864,0.083797,-0.002394,-9.418790,-0.013590,0.015455,-0.019985
1706605561,138879,0.100556,0.002394,-9.500193,-0.014655,0.020518,-0.022116
1706605561,138893,0.043096,-0.004788,-9.459491,-0.012257,0.014389,-0.021583
1706605561,138910,0.069432,-0.002394,-9.531317,-0.014389,0.017587,-0.018119
1706605561,138925,0.031125,0.004788,-9.414001,-0.013856,0.017853,-0.021583
1706605561,138940,0.071826,-0.026336,-9.504981,-0.013590,0.020251,-0.022649
1706605561,138955,0.105345,0.031125,-9.502586,-0.013323,0.017853,-0.022916
1706605561,138970,0.146046,-0.057461,-9.516952,-0.013856,0.017853,-0.023982
1706605562,138984,0.112527,0.069432,-9.382876,-0.013590,0.016521,-0.021850
1706605562,138999,0.105345,0.055067,-9.557653,-0.010925,0.018386,-0.019452
1706605562,139016,0.090980,0.011971,-9.543288,-0.013057,0.018386,-0.022116
1706605562,139031,0.083797,-0.074220,-9.564836,-0.012257,0.016521,-0.019185
1706605562,139046,0.138864,-0.040701,-9.536105,-0.011724,0.019718,-0.023182
1706605562,139062,0.052672,0.021548,-9.519346,-0.011724,0.017853,-0.020251
1706605562,139077,0.023942,0.004788,-9.504981,-0.016521,0.014922,-0.021850
1706605562,139092,0.105345,0.007183,-9.454702,-0.013856,0.018919,-0.022649
1706605562,139107,0.067038,-0.050278,-9.509769,-0.011991,0.019985,-0.020784
1706605562,139124,0.086191,-0.055067,-9.464279,-0.013057,0.018919,-0.020518
1706605562,139139,0.148441,-0.045490,-9.493010,-0.016254,0.016521,-0.019718
1706605562,139155,0.095768,0.021548,-9.435549,-0.013057,0.017054,-0.021317
1706605562,139170,0.122104,0.004788,-9.485827,-0.010925,0.017320,-0.023449
1706605562,139185,0.158017,-0.016759,-9.488221,-0.010126,0.016254,-0.021051
1706605562,139200,0.090980,-0.009577,-9.464279,-0.014922,0.017054,-0.023182
1706605562,139218,0.088585,-0.026336,-9.519346,-0.013323,0.015721,-0.021317
1706605562,139233,0.119710,-0.002394,-9.574412,-0.013057,0.016521,-0.018386
1706605562,139248,0.090980,-0.021548,-9.433155,-0.013856,0.017853,-0.021051
1706605562,139263,0.122104,0.002394,-9.406818,-0.009859,0.019452,-0.021583
1706605562,139278,0.105345,-0.035913,-9.514558,-0.013856,0.017320,-0.023182
1706605562,139293,0.119710,-0.011971,-9.493010,-0.011458,0.019718,-0.019185
1706605562,139308,0.059855,-0.026336,-9.488221,-0.013590,0.016521,-0.020251
1706605562,139326,0.098162,-0.009577,-9.435549,-0.013856,0.014389,-0.020784
1706605562,139341,0.062249,-0.026336,-9.464279,-0.015188,0.019985,-0.022383
1706605562,139356,0.033519,0.004788,-9.385271,-0.013856,0.015188,-0.022649
1706605562,139371,0.067038,0.000000,-9.430760,-0.014655,0.015988,-0.022916
1706605562,139386,0.134075,-0.033519,-9.504981,-0.013323,0.019185,-0.020784
1706605562,139402,0.047884,0.045490,-9.538500,-0.014123,0.018119,-0.020784
1706605562,139417,0.093374,-0.011971,-9.519346,-0.012524,0.018386,-0.022116
1706605562,139435,0.069432,-0.052672,-9.469068,-0.013590,0.016521,-0.021583
1706605562,139450,0.002394,0.016759,-9.483433,-0.015988,0.021051,-0.021583
1706605562,139465,0.143652,-0.023942,-9.591172,-0.014655,0.019452,-0.017853
1706605562,139480,0.081403,0.016759,-9.481039,-0.012524,0.015721,-0.021051
1706605562,139495,0.055067,0.057461,-9.524135,-0.010925,0.018652,-0.019718
1706605562,139510,0.150835,-0.035913,-9.469068,-0.014389,0.014922,-0.022116
1706605562,139525,0.160412,-0.052672,-9.509769,-0.015721,0.017853,-0.021317
1706605562,139543,0.110133,-0.100556,-9.562442,-0.013323,0.018386,-0.017853
1706605562,139558,0.134075,-0.019154,-9.583989,-0.013057,0.017587,-0.023182
1706605562,139573,0.110133,-0.014365,-9.591172,-0.011724,0.018119,-0.019452
1706605562,139588,0.064643,0.028730,-9.483433,-0.014389,0.011991,-0.025047
1706605562,139603,0.102951,-0.019154,-9.502586,-0.013856,0.017320,-0.018652
1706605562,139619,0.062249,-0.002394,-9.469068,-0.014123,0.018919,-0.021850
1706605562,139636,0.050278,-0.011971,-9.454702,-0.013590,0.015455,-0.022649
1706605562,139651,0.086191,-0.067038,-9.485827,-0.011458,0.020251,-0.020518
1706605562,139666,0.119710,-0.011971,-9.524135,-0.014123,0.018386,-0.019452
1706605562,139682,0.136469,-0.052672,-9.540894,-0.013856,0.015721,-0.022116
1706605562,139697,0.129287,0.014365,-9.572019,-0.013590,0.019185,-0.019718
1706605562,139712,0.138864,-0.026336,-9.421184,-0.013057,0.015455,-0.017320
1706605562,139727,0.052672,0.021548,-9.504981,-0.017054,0.016521,-0.019452
1706605562,139744,0.165200,-0.009577,-9.557653,-0.014123,0.017320,-0.020251
1706605562,139760,0.014365,-0.038307,-9.531317,-0.013856,0.016787,-0.020518
1706605562,139775,0.146046,-0.055067,-9.437943,-0.010925,0.019185,-0.019718
1706605562,139790,0.107739,-0.002394,-9.442732,-0.014389,0.018652,-0.020251
1706605562,139805,0.031125,-0.050278,-9.473856,-0.016521,0.017587,-0.021583
1706605562,139820,0.122104,-0.009577,-9.459491,-0.014123,0.020518,-0.020251
1706605562,139835,0.090980,-0.011971,-9.557653,-0.014655,0.020518,-0.019185
1706605562,139860,0.021548,-0.021548,-9.411607,-0.011991,0.013590,-0.025047
1706605562,139876,0.083797,0.021548,-9.481039,-0.016254,0.015188,-0.022916
1706605562,139891,0.079009,0.031125,-9.469068,-0.015455,0.019985,-0.022116
1706605562,139905,0.069432,0.021548,-9.461885,-0.010925,0.017853,-0.021317
1706605562,139920,0.148441,-0.009577,-9.466674,-0.009326,0.017320,-0.023715
1706605562,139935,0.083797,-0.057461,-9.476251,-0.010925,0.015455,-0.021317
1706605562,139950,0.119710,-0.035913,-9.476251,-0.013057,0.017320,-0.024515
1706605562,139967,0.079009,-0.023942,-9.514558,-0.011991,0.016787,-0.023982
1706605563,139982,0.069432,-0.090980,-9.531317,-0.011458,0.020518,-0.020518
1706605563,139997,0.038307,-0.021548,-9.504981,-0.015455,0.017320,-0.022383
1706605563,140011,0.064643,-0.004788,-9.485827,-0.014655,0.017320,-0.021850
1706605563,140026,0.055067,-0.043096,-9.457097,-0.015455,0.018386,-0.022383
1706605563,140041,0.093374,0.033519,-9.478644,-0.012257,0.016787,-0.023182
1706605563,140058,0.095768,-0.031125,-9.488221,-0.014389,0.016254,-0.022383
1706605563,140073,0.100556,0.031125,-9.552865,-0.013323,0.019718,-0.020784
1706605563,140088,0.112527,0.002394,-9.469068,-0.012257,0.018119,-0.020251
1706605563,140103,0.011971,0.026336,-9.481039,-0.012524,0.017853,-0.020251
1706605563,140118,0.112527,-0.007183,-9.495404,-0.010925,0.016521,-0.017853
1706605563,140133,0.086191,-0.028730,-9.464279,-0.010925,0.022649,-0.019985
1706605563,140147,0.083797,-0.019154,-9.430760,-0.014123,0.021051,-0.021850
1706605563,140165,0.093374,0.045490,-9.485827,-0.011991,0.015988,-0.020518
1706605563,140179,0.143652,0.002394,-9.533711,-0.014123,0.018919,-0.023182
1706605563,140194,0.098162,-0.043096,-9.430760,-0.012524,0.019718,-0.022383
1706605563,140209,0.083797,-0.007183,-9.404425,-0.015455,0.015988,-0.018386
1706605563,140224,0.081403,-0.004788,-9.519346,-0.015988,0.018919,-0.021850
1706605563,140239,0.112527,-0.002394,-9.425972,-0.011991,0.017853,-0.022116
1706605563,140254,0.150835,0.028730,-9.466674,-0.014123,0.018919,-0.016787
1706605563,140271,0.153229,0.002394,-9.442732,-0.011191,0.014389,-0.024248
1706605563,140286,0.150835,-0.016759,-9.528923,-0.011991,0.019452,-0.020251
1706605563,140300,0.045490,-0.004788,-9.562442,-0.013323,0.018119,-0.022383
1706605563,140315,0.136469,0.038307,-9.519346,-0.012524,0.020251,-0.024515
1706605563,140330,0.107739,-0.009577,-9.476251,-0.014655,0.018652,-0.018919
1706605563,140345,0.047884,-0.026336,-9.473856,-0.011458,0.018919,-0.022116
1706605563,140360,0.122104,0.004788,-9.521740,-0.011191,0.015188,-0.024248
1706605563,140377,0.105345,-0.040701,-9.394848,-0.013590,0.020784,-0.020251
1706605563,140392,0.081403,0.014365,-9.514558,-0.009593,0.014922,-0.020784
1706605563,140407,0.122104,0.002394,-9.572019,-0.013590,0.020251,-0.021850
1706605563,140422,0.074220,0.009577,-9.459491,-0.014389,0.019452,-0.022116
1706605563,140437,0.045490,-0.052672,-9.495404,-0.013856,0.021051,-0.019718
1706605563,140452,0.131681,0.057461,-9.493010,-0.012790,0.017320,-0.023449
1706605563,140469,0.105345,0.035913,-9.557653,-0.011458,0.018652,-0.023182
1706605563,140484,0.055067,0.009577,-9.493010,-0.014123,0.016521,-0.021583
1706605563,140498,0.081403,0.014365,-9.543288,-0.012790,0.019452,-0.023449
1706605563,140513,0.114922,-0.043096,-9.631873,-0.013590,0.016787,-0.022649
1706605563,140528,0.067038,0.011971,-9.471462,-0.011991,0.020784,-0.021583
1706605563,140543,0.009577,-0.035913,-9.605537,-0.013856,0.013856,-0.022916
1706605563,140558,0.126893,0.059855,-9.449914,-0.013590,0.020251,-0.019718
1706605563,140575,0.122104,-0.019154,-9.485827,-0.014123,0.015988,-0.019185
1706605563,140590,0.090980,0.011971,-9.521740,-0.015988,0.015988,-0.020251
1706605563,140604,0.028730,0.000000,-9.478644,-0.014123,0.017320,-0.014922
1706605563,140619,0.114922,-0.004788,-9.495404,-0.015188,0.018119,-0.022916
1706605563,140634,0.129287,-0.014365,-9.519346,-0.013590,0.017853,-0.022649
1706605563,140649,0.095768,-0.014365,-9.466674,-0.013590,0.019985,-0.019985
1706605563,140664,0.040701,0.009577,-9.540894,-0.013856,0.017853,-0.022383
1706605563,140681,0.126893,-0.033519,-9.323022,-0.010126,0.019718,-0.021317
1706605563,140696,0.114922,-0.028730,-9.493010,-0.012257,0.020784,-0.020784
1706605563,140711,0.059855,-0.033519,-9.572019,-0.011458,0.018652,-0.019452
1706605563,140726,0.083797,-0.069432,-9.521740,-0.014655,0.018119,-0.021850
1706605563,140741,0.071826,-0.071826,-9.514558,-0.014389,0.019985,-0.020251
1706605563,140756,0.052672,-0.052672,-9.528923,-0.015188,0.019452,-0.018919
1706605563,140771,0.098162,-0.038307,-9.514558,-0.014389,0.016254,-0.021051
1706605563,140789,0.126893,-0.014365,-9.406818,-0.013057,0.021051,-0.018119
1706605563,140804,0.045490,0.028730,-9.543288,-0.012524,0.020518,-0.021850
1706605563,140819,0.153229,0.004788,-9.457097,-0.013590,0.017320,-0.021583
1706605563,140834,0.131681,0.014365,-9.516952,-0.013057,0.019185,-0.022383
1706605563,140849,0.079009,0.004788,-9.504981,-0.010925,0.018919,-0.021850
1706605563,140864,0.055067,0.009577,-9.593566,-0.014123,0.018386,-0.025314
1706605563,140880,0.067038,-0.062249,-9.437943,-0.013856,0.016254,-0.024515
1706605563,140897,0.035913,-0.047884,-9.430760,-0.015988,0.018652,-0.022916
1706605563,140912,0.155623,0.016759,-9.433155,-0.015188,0.019985,-0.019718
1706605563,140928,0.129287,-0.011971,-9.464279,-0.014123,0.020251,-0.019718
1706605563,140943,0.052672,-0.062249,-9.519346,-0.012257,0.018652,-0.023182
1706605563,140958,0.081403,-0.031125,-9.495404,-0.013856,0.018386,-0.019185
1706605563,140973,0.153229,-0.033519,-9.478644,-0.013590,0.017853,-0.020251
