timestamp,millis,AccX.AccY,AccZ,GyroX,GyroY,GyroZ
1704886773,1128068,0.016759,-0.007183,-9.397242,-0.014922,0.020251,-0.020784
1704886773,1128089,0.086191,0.059855,-9.368511,-0.015188,0.016254,-0.022383
1704886773,1128109,0.086191,0.026336,-9.495404,-0.013856,0.021051,-0.021850
1704886773,1128130,-0.007183,0.026336,-9.485827,-0.011458,0.020251,-0.018919
1704886773,1128153,0.074220,0.019154,-9.437943,-0.014655,0.019985,-0.021850
1704886773,1128174,0.079009,-0.062249,-9.445126,-0.013057,0.018119,-0.022916
1704886773,1128194,0.081403,0.016759,-9.445126,-0.015455,0.020784,-0.022116
1704886773,1128215,0.047884,-0.050278,-9.469068,-0.011458,0.019718,-0.021051
1704886773,1128236,-0.004788,-0.016759,-9.512163,-0.012257,0.018652,-0.026913
1704886773,1128256,0.067038,-0.033519,-9.500193,-0.011991,0.016521,-0.020784
1704886773,1128277,0.069432,0.043096,-9.428367,-0.010658,0.015721,-0.019718
1704886773,1128300,0.019154,0.014365,-9.399636,-0.012790,0.015188,-0.023982
1704886773,1128321,0.064643,0.009577,-9.399636,-0.013590,0.018119,-0.021850
1704886773,1128341,0.031125,-0.026336,-9.358934,-0.013856,0.017853,-0.021051
1704886773,1128362,0.038307,-0.059855,-9.521740,-0.011191,0.017320,-0.021850
1704886773,1128382,0.076614,0.057461,-9.452309,-0.013323,0.014655,-0.021317
1704886773,1128403,0.050278,0.021548,-9.423578,-0.015721,0.018119,-0.019718
1704886773,1128426,0.023942,-0.035913,-9.394848,-0.013856,0.015721,-0.022383
1704886773,1128447,0.064643,0.026336,-9.493010,-0.013856,0.014922,-0.025047
1704886773,1128467,0.011971,0.043096,-9.495404,-0.013323,0.020784,-0.022116
1704886773,1128488,0.007183,0.016759,-9.481039,-0.012524,0.019185,-0.025047
1704886773,1128509,0.090980,-0.007183,-9.509769,-0.013856,0.019452,-0.022649
1704886773,1128529,0.033519,-0.009577,-9.471462,-0.013590,0.019985,-0.021850
1704886773,1128550,0.090980,0.021548,-9.490616,-0.013323,0.019452,-0.021850
1704886773,1128573,0.050278,-0.035913,-9.423578,-0.011991,0.018386,-0.020518
1704886773,1128593,0.016759,-0.031125,-9.552865,-0.012790,0.017587,-0.021317
1704886773,1128614,0.045490,-0.014365,-9.497798,-0.012524,0.017054,-0.023982
1704886773,1128635,0.040701,-0.023942,-9.378088,-0.011191,0.018119,-0.023982
1704886773,1128655,0.033519,-0.038307,-9.370906,-0.014389,0.019185,-0.020518
1704886773,1128676,0.069432,-0.026336,-9.540894,-0.014123,0.014922,-0.023449
1704886773,1128696,0.028730,0.021548,-9.445126,-0.013590,0.017054,-0.020518
1704886773,1128727,0.023942,-0.011971,-9.502586,-0.013590,0.017587,-0.022916
1704886773,1128748,0.004788,-0.014365,-9.433155,-0.016254,0.014655,-0.018386
1704886773,1128769,0.028730,-0.004788,-9.457097,-0.013057,0.018919,-0.023449
1704886773,1128789,0.021548,0.050278,-9.428367,-0.011458,0.019985,-0.023449
1704886773,1128809,0.086191,-0.026336,-9.459491,-0.014655,0.017320,-0.023182
1704886773,1128830,0.043096,0.009577,-9.425972,-0.014922,0.017587,-0.023182
1704886773,1128852,0.069432,0.014365,-9.406818,-0.013856,0.017054,-0.021317
1704886773,1128873,0.009577,0.033519,-9.502586,-0.009326,0.017054,-0.022916
1704886773,1128893,0.045490,0.050278,-9.531317,-0.013323,0.018652,-0.022649
1704886773,1128913,0.016759,-0.035913,-9.509769,-0.015455,0.021317,-0.024248
1704886773,1128934,0.016759,0.086191,-9.531317,-0.014655,0.018919,-0.021317
1704886773,1128954,0.059855,0.028730,-9.373300,-0.012790,0.017587,-0.022649
1704886773,1128974,0.014365,0.059855,-9.481039,-0.014389,0.015188,-0.022916
1704886773,1128997,0.081403,0.004788,-9.545682,-0.011191,0.019452,-0.019185
1704886773,1129017,0.079009,0.023942,-9.464279,-0.014389,0.016787,-0.023182
1704886774,1129038,-0.014365,0.011971,-9.488221,-0.011191,0.015988,-0.023449
1704886774,1129058,0.011971,-0.040701,-9.509769,-0.014655,0.018919,-0.019452
1704886774,1129079,0.031125,-0.004788,-9.461885,-0.016254,0.016254,-0.020251
1704886774,1129099,0.057461,0.079009,-9.469068,-0.013590,0.016521,-0.023982
1704886774,1129119,0.074220,0.043096,-9.545682,-0.013057,0.019718,-0.021850
1704886774,1129142,0.064643,0.021548,-9.464279,-0.011724,0.018919,-0.021051
1704886774,1129162,0.050278,-0.009577,-9.363723,-0.013057,0.017853,-0.022383
1704886774,1129183,0.031125,0.004788,-9.392453,-0.013323,0.014123,-0.023182
1704886774,1129203,0.069432,0.064643,-9.440337,-0.014123,0.016521,-0.019718
1704886774,1129223,0.000000,-0.050278,-9.473856,-0.015988,0.016787,-0.019985
1704886774,1129244,0.038307,0.052672,-9.414001,-0.014655,0.018652,-0.020251
1704886774,1129264,0.067038,-0.026336,-9.469068,-0.011724,0.014655,-0.020518
1704886774,1129287,0.031125,0.014365,-9.437943,-0.013057,0.021583,-0.022116
1704886774,1129307,0.079009,-0.004788,-9.454702,-0.011991,0.018386,-0.022649
1704886774,1129328,0.055067,0.035913,-9.464279,-0.014655,0.017320,-0.021317
1704886774,1129348,0.076614,-0.057461,-9.552865,-0.011724,0.020251,-0.022383
1704886774,1129368,0.074220,0.047884,-9.469068,-0.013856,0.017054,-0.022383
1704886774,1129388,0.031125,0.035913,-9.380483,-0.012790,0.017320,-0.022916
1704886774,1129411,0.062249,-0.004788,-9.457097,-0.012257,0.017587,-0.021850
1704886774,1129432,0.050278,0.011971,-9.442732,-0.015455,0.019452,-0.022649
1704886774,1129452,0.093374,0.009577,-9.437943,-0.013590,0.014655,-0.021850
1704886774,1129472,0.050278,-0.011971,-9.464279,-0.010925,0.016254,-0.021317
1704886774,1129493,0.074220,-0.009577,-9.416395,-0.010925,0.014389,-0.021051
1704886774,1129513,0.067038,0.019154,-9.435549,-0.013323,0.016254,-0.021583
1704886774,1129533,0.057461,0.064643,-9.464279,-0.014655,0.019985,-0.022649
1704886774,1129556,0.045490,0.033519,-9.404425,-0.014123,0.017320,-0.022916
1704886774,1129576,0.047884,-0.019154,-9.394848,-0.013856,0.018919,-0.021583
1704886774,1129597,0.098162,0.067038,-9.414001,-0.012257,0.017320,-0.022116
1704886774,1129617,0.019154,0.081403,-9.425972,-0.014389,0.014922,-0.022383
1704886774,1129637,0.067038,-0.002394,-9.521740,-0.014123,0.016254,-0.019185
1704886774,1129658,0.064643,-0.067038,-9.469068,-0.014922,0.016521,-0.019718
1704886774,1129678,0.047884,0.014365,-9.469068,-0.013590,0.017587,-0.023449
1704886774,1129701,0.031125,0.004788,-9.437943,-0.015721,0.020784,-0.024781
1704886774,1129721,0.021548,-0.011971,-9.351752,-0.013057,0.019452,-0.023182
1704886774,1129741,0.057461,-0.019154,-9.399636,-0.011991,0.017320,-0.019985
1704886774,1129761,0.067038,0.057461,-9.457097,-0.013856,0.016787,-0.019985
1704886774,1129782,0.038307,-0.014365,-9.521740,-0.013856,0.014655,-0.020784
1704886774,1129802,0.059855,0.023942,-9.483433,-0.013057,0.020518,-0.019718
1704886774,1129825,0.009577,-0.033519,-9.394848,-0.013590,0.019185,-0.021850
1704886774,1129845,0.009577,0.043096,-9.452309,-0.010126,0.018386,-0.021317
1704886774,1129866,0.059855,0.033519,-9.457097,-0.014123,0.018652,-0.018919
1704886774,1129886,0.083797,0.045490,-9.437943,-0.013323,0.016254,-0.025314
1704886774,1129907,0.057461,-0.021548,-9.478644,-0.013057,0.014389,-0.021583
1704886774,1129927,0.009577,-0.007183,-9.366117,-0.013590,0.017320,-0.021850
1704886774,1129948,0.023942,0.038307,-9.471462,-0.012790,0.019185,-0.019718
1704886774,1129971,0.038307,-0.038307,-9.490616,-0.014655,0.017054,-0.019185
1704886774,1129992,0.122104,-0.014365,-9.502586,-0.014922,0.016787,-0.019985
1704886774,1130012,0.052672,0.038307,-9.466674,-0.014922,0.017320,-0.019185
1704886774,1130033,0.059855,-0.002394,-9.502586,-0.012790,0.022116,-0.024781
1704886775,1130054,0.057461,-0.019154,-9.461885,-0.013323,0.018119,-0.023982
1704886775,1130074,0.064643,-0.038307,-9.409213,-0.013057,0.015988,-0.020784
1704886775,1130095,0.014365,0.004788,-9.387665,-0.014389,0.018119,-0.021317
1704886775,1130118,0.026336,-0.028730,-9.433155,-0.016254,0.017853,-0.020784
1704886775,1130138,0.045490,-0.004788,-9.538500,-0.015188,0.018919,-0.024515
1704886775,1130159,0.086191,0.035913,-9.447520,-0.014922,0.020251,-0.024515
1704886775,1130180,0.110133,0.009577,-9.509769,-0.013590,0.016521,-0.022383
1704886775,1130200,0.062249,0.014365,-9.493010,-0.014123,0.015455,-0.024248
1704886775,1130221,0.047884,0.047884,-9.516952,-0.013590,0.020518,-0.023715
1704886775,1130244,-0.026336,-0.021548,-9.440337,-0.014655,0.019185,-0.023449
1704886775,1130265,0.102951,0.057461,-9.421184,-0.013856,0.017320,-0.019452
1704886775,1130285,0.050278,0.011971,-9.447520,-0.014922,0.016254,-0.022116
1704886775,1130306,0.102951,-0.026336,-9.442732,-0.013323,0.015188,-0.020784
1704886775,1130327,-0.002394,0.043096,-9.402030,-0.012790,0.016787,-0.022649
1704886775,1130347,0.023942,-0.002394,-9.493010,-0.015188,0.016521,-0.022916
1704886775,1130368,0.004788,0.038307,-9.490616,-0.010925,0.013323,-0.018919
1704886775,1130391,0.023942,-0.021548,-9.457097,-0.012524,0.019185,-0.023182
1704886775,1130412,0.023942,0.004788,-9.485827,-0.016254,0.015188,-0.022383
1704886775,1130432,0.102951,-0.035913,-9.485827,-0.012524,0.017320,-0.022649
1704886775,1130453,0.052672,0.038307,-9.411607,-0.013590,0.018119,-0.022383
1704886775,1130474,0.095768,0.045490,-9.519346,-0.013590,0.017320,-0.021317
1704886775,1130494,0.083797,-0.002394,-9.356541,-0.012257,0.016521,-0.022916
1704886775,1130515,0.045490,0.028730,-9.409213,-0.014655,0.019985,-0.022649
1704886775,1130538,0.043096,-0.007183,-9.425972,-0.012524,0.018652,-0.022649
1704886775,1130558,0.071826,-0.043096,-9.531317,-0.011458,0.019718,-0.021317
1704886775,1130579,0.076614,0.019154,-9.418790,-0.012257,0.018386,-0.021583
1704886775,1130600,0.074220,0.031125,-9.425972,-0.016521,0.018652,-0.023182
1704886775,1130620,0.062249,0.007183,-9.449914,-0.017054,0.017320,-0.024515
1704886775,1130641,0.028730,0.035913,-9.437943,-0.013856,0.017853,-0.019718
1704886775,1130662,0.043096,-0.009577,-9.433155,-0.013323,0.018119,-0.021850
1704886775,1130685,0.067038,-0.050278,-9.449914,-0.011991,0.019985,-0.023982
1704886775,1130705,0.002394,0.002394,-9.452309,-0.011991,0.018919,-0.021317
1704886775,1130726,0.031125,0.019154,-9.445126,-0.011724,0.014922,-0.023715
1704886775,1130747,0.098162,0.011971,-9.500193,-0.010925,0.015455,-0.023715
1704886775,1130767,0.100556,0.009577,-9.445126,-0.013590,0.018919,-0.022116
1704886775,1130788,0.090980,-0.016759,-9.375694,-0.015988,0.020251,-0.022916
1704886775,1130811,0.071826,-0.019154,-9.531317,-0.012790,0.019452,-0.022116
1704886775,1130831,0.150835,-0.009577,-9.447520,-0.013323,0.016521,-0.023715
1704886775,1130852,0.052672,-0.004788,-9.488221,-0.014922,0.022116,-0.021583
1704886775,1130873,0.000000,0.004788,-9.454702,-0.015455,0.018652,-0.023182
1704886775,1130893,0.011971,-0.021548,-9.545682,-0.015188,0.015188,-0.020251
1704886775,1130914,0.062249,0.043096,-9.485827,-0.012790,0.016254,-0.024781
1704886775,1130934,0.040701,-0.040701,-9.433155,-0.017054,0.015455,-0.024781
1704886775,1130965,0.076614,0.007183,-9.370906,-0.014389,0.017320,-0.021317
1704886775,1130986,0.146046,-0.059855,-9.430760,-0.015188,0.014389,-0.022916
1704886775,1131006,0.016759,-0.047884,-9.397242,-0.012524,0.016787,-0.021850
1704886775,1131027,0.038307,-0.023942,-9.466674,-0.011191,0.018386,-0.021850
1704886776,1131047,-0.033519,0.033519,-9.440337,-0.014123,0.016254,-0.021850
1704886776,1131067,0.047884,-0.011971,-9.433155,-0.011458,0.017054,-0.022116
1704886776,1131087,0.074220,0.028730,-9.538500,-0.011724,0.020518,-0.020784
1704886776,1131110,0.002394,0.007183,-9.476251,-0.010126,0.017587,-0.021051
1704886776,1131130,0.064643,0.019154,-9.476251,-0.014655,0.021051,-0.019452
1704886776,1131151,0.069432,-0.009577,-9.442732,-0.012257,0.017054,-0.022116
1704886776,1131171,0.100556,-0.031125,-9.378088,-0.012257,0.019185,-0.022649
1704886776,1131191,0.014365,-0.007183,-9.449914,-0.015988,0.017853,-0.027446
1704886776,1131212,0.028730,-0.016759,-9.433155,-0.011991,0.019985,-0.023982
1704886776,1131234,0.045490,0.002394,-9.447520,-0.013057,0.019185,-0.020784
1704886776,1131255,0.031125,0.093374,-9.502586,-0.011991,0.015988,-0.022649
1704886776,1131275,0.019154,-0.002394,-9.437943,-0.010925,0.018119,-0.022649
1704886776,1131295,0.081403,0.004788,-9.430760,-0.011458,0.013590,-0.021850
1704886776,1131316,0.028730,0.002394,-9.536105,-0.013856,0.016521,-0.023182
1704886776,1131336,-0.007183,-0.007183,-9.514558,-0.014655,0.018386,-0.023182
1704886776,1131356,0.110133,-0.011971,-9.445126,-0.015721,0.015455,-0.023715
1704886776,1131379,-0.009577,-0.028730,-9.363723,-0.013057,0.016787,-0.025314
1704886776,1131399,0.064643,-0.009577,-9.488221,-0.013323,0.018919,-0.020251
1704886776,1131420,0.124498,0.007183,-9.488221,-0.013856,0.019185,-0.021850
1704886776,1131440,0.014365,-0.043096,-9.428367,-0.013057,0.015455,-0.019452
1704886776,1131460,0.052672,-0.019154,-9.469068,-0.012524,0.015988,-0.018652
1704886776,1131481,0.074220,0.038307,-9.442732,-0.012257,0.019452,-0.022116
1704886776,1131501,0.050278,-0.007183,-9.483433,-0.011991,0.018119,-0.023182
1704886776,1131524,0.028730,0.011971,-9.507375,-0.015721,0.015455,-0.020251
1704886776,1131544,0.079009,-0.016759,-9.488221,-0.013323,0.021051,-0.022383
1704886776,1131564,0.038307,-0.009577,-9.521740,-0.013856,0.021051,-0.019718
1704886776,1131585,0.052672,0.033519,-9.452309,-0.014389,0.016787,-0.023715
1704886776,1131605,0.057461,0.000000,-9.574412,-0.013323,0.017587,-0.022649
1704886776,1131625,0.143652,0.000000,-9.452309,-0.014922,0.013856,-0.021051
1704886776,1131648,0.002394,-0.050278,-9.493010,-0.013323,0.018119,-0.023182
1704886776,1131668,0.004788,0.021548,-9.493010,-0.015721,0.018386,-0.022916
1704886776,1131689,0.064643,-0.002394,-9.485827,-0.011458,0.019452,-0.023449
1704886776,1131709,0.043096,0.059855,-9.538500,-0.013590,0.016521,-0.023182
1704886776,1131729,0.045490,-0.009577,-9.339781,-0.015721,0.018919,-0.020251
1704886776,1131750,0.083797,-0.019154,-9.543288,-0.013057,0.014123,-0.022916
1704886776,1131770,0.059855,0.014365,-9.562442,-0.014655,0.018919,-0.019985
1704886776,1131793,0.062249,0.026336,-9.557653,-0.013590,0.015988,-0.021583
1704886776,1131813,0.000000,-0.011971,-9.428367,-0.013590,0.015455,-0.020518
1704886776,1131833,0.031125,0.033519,-9.509769,-0.010658,0.016787,-0.019452
1704886776,1131854,-0.009577,0.014365,-9.454702,-0.013590,0.017587,-0.023182
1704886776,1131874,0.021548,-0.033519,-9.531317,-0.014655,0.015721,-0.022116
1704886776,1131894,0.090980,0.009577,-9.423578,-0.013323,0.018386,-0.023182
1704886776,1131915,0.062249,-0.002394,-9.495404,-0.012790,0.015455,-0.022383
1704886776,1131937,0.095768,-0.028730,-9.521740,-0.015188,0.016521,-0.021583
1704886776,1131958,0.067038,-0.045490,-9.495404,-0.011191,0.014389,-0.022116
1704886776,1131978,-0.007183,-0.011971,-9.495404,-0.013856,0.015721,-0.025580
1704886776,1131998,0.033519,-0.045490,-9.361329,-0.011991,0.015455,-0.022916
1704886776,1132018,0.098162,0.031125,-9.397242,-0.015455,0.017853,-0.019985
1704886777,1132039,0.000000,-0.002394,-9.543288,-0.013057,0.017054,-0.023182
1704886777,1132061,0.045490,0.004788,-9.375694,-0.013057,0.015988,-0.023182
1704886777,1132082,0.071826,0.002394,-9.464279,-0.014922,0.020251,-0.024781
1704886777,1132103,0.045490,0.023942,-9.459491,-0.013323,0.015721,-0.021850
1704886777,1132123,0.086191,0.004788,-9.569624,-0.014655,0.020251,-0.023182
1704886777,1132144,0.114922,0.028730,-9.536105,-0.013590,0.019452,-0.023982
1704886777,1132164,0.074220,-0.019154,-9.421184,-0.009593,0.019185,-0.024248
1704886777,1132185,0.119710,-0.026336,-9.469068,-0.014655,0.014922,-0.021583
1704886777,1132208,0.045490,0.009577,-9.442732,-0.012790,0.018119,-0.021583
1704886777,1132229,0.026336,0.028730,-9.416395,-0.013590,0.013323,-0.022383
1704886777,1132249,0.079009,-0.019154,-9.308656,-0.013323,0.019185,-0.022116
1704886777,1132270,0.055067,-0.071826,-9.488221,-0.012790,0.018919,-0.022649
1704886777,1132290,0.035913,-0.007183,-9.445126,-0.014123,0.020251,-0.023182
1704886777,1132311,0.047884,0.016759,-9.222465,-0.014922,0.012790,-0.022383
1704886777,1132332,0.069432,0.064643,-9.394848,-0.013856,0.017054,-0.018919
1704886777,1132355,0.059855,-0.009577,-9.382876,-0.014389,0.016521,-0.022383
1704886777,1132376,-0.014365,0.052672,-9.471462,-0.014123,0.016787,-0.025047
1704886777,1132396,-0.009577,-0.033519,-9.404425,-0.012257,0.018652,-0.022116
1704886777,1132417,0.016759,-0.019154,-9.481039,-0.015721,0.018119,-0.025047
1704886777,1132438,0.059855,0.071826,-9.346964,-0.013856,0.018119,-0.023982
1704886777,1132458,0.076614,-0.026336,-9.390059,-0.015721,0.019185,-0.024781
1704886777,1132481,0.033519,-0.002394,-9.464279,-0.013590,0.016521,-0.023182
1704886777,1132502,-0.033519,-0.047884,-9.495404,-0.015188,0.021051,-0.021317
1704886777,1132523,0.040701,-0.069432,-9.473856,-0.015188,0.015455,-0.024515
1704886777,1132543,0.062249,-0.004788,-9.452309,-0.013856,0.015721,-0.021051
1704886777,1132564,0.124498,0.002394,-9.478644,-0.013856,0.016254,-0.023715
1704886777,1132585,0.047884,-0.045490,-9.433155,-0.012524,0.014123,-0.025047
1704886777,1132605,0.076614,-0.026336,-9.454702,-0.017054,0.014655,-0.025047
1704886777,1132628,0.062249,-0.033519,-9.476251,-0.013590,0.018119,-0.024248
1704886777,1132649,0.083797,-0.055067,-9.567230,-0.013057,0.019985,-0.025047
1704886777,1132670,0.090980,0.004788,-9.327810,-0.014123,0.013856,-0.021051
1704886777,1132690,0.040701,-0.007183,-9.330204,-0.013856,0.018386,-0.021051
1704886777,1132711,0.007183,-0.004788,-9.454702,-0.013057,0.020784,-0.023715
1704886777,1132732,0.033519,0.031125,-9.385271,-0.014655,0.020784,-0.022916
1704886777,1132752,0.011971,0.000000,-9.452309,-0.013590,0.018652,-0.019718
1704886777,1132775,0.090980,0.000000,-9.495404,-0.010925,0.016787,-0.023182
1704886777,1132796,0.045490,-0.016759,-9.476251,-0.014123,0.018386,-0.022916
1704886777,1132817,0.067038,0.043096,-9.519346,-0.011724,0.014389,-0.019452
1704886777,1132837,0.028730,0.014365,-9.425972,-0.016521,0.015721,-0.021583
1704886777,1132858,0.019154,-0.019154,-9.447520,-0.011191,0.015988,-0.022116
1704886777,1132879,0.112527,-0.019154,-9.421184,-0.012524,0.014389,-0.022649
1704886777,1132902,0.009577,-0.031125,-9.464279,-0.012257,0.018652,-0.022116
1704886777,1132922,0.055067,-0.100556,-9.425972,-0.015188,0.017320,-0.021583
1704886777,1132943,0.033519,0.000000,-9.483433,-0.013323,0.018119,-0.023182
1704886777,1132963,0.052672,0.009577,-9.394848,-0.013057,0.017587,-0.023449
1704886777,1132984,0.059855,0.021548,-9.428367,-0.014123,0.015455,-0.023182
1704886777,1133005,0.064643,0.002394,-9.454702,-0.014123,0.018119,-0.022383
1704886777,1133025,0.028730,0.047884,-9.531317,-0.012524,0.017320,-0.022116
1704886778,1133048,0.021548,0.014365,-9.363723,-0.008527,0.019452,-0.022383
1704886778,1133069,0.016759,0.026336,-9.488221,-0.013057,0.016787,-0.022649
1704886778,1133089,0.086191,-0.026336,-9.409213,-0.016787,0.017587,-0.022649
1704886778,1133110,-0.007183,-0.004788,-9.464279,-0.013323,0.017320,-0.021317
1704886778,1133131,0.088585,0.019154,-9.404425,-0.014922,0.018652,-0.021583
1704886778,1133151,0.079009,-0.057461,-9.469068,-0.013057,0.019452,-0.023449
1704886778,1133172,0.011971,-0.011971,-9.502586,-0.013590,0.020784,-0.023715
1704886778,1133202,0.023942,-0.002394,-9.418790,-0.010925,0.019452,-0.023715
1704886778,1133224,0.028730,0.047884,-9.607931,-0.015455,0.017587,-0.023449
1704886778,1133244,0.069432,-0.019154,-9.495404,-0.015455,0.020784,-0.022916
1704886778,1133264,0.033519,0.026336,-9.469068,-0.012257,0.017587,-0.020251
1704886778,1133284,0.055067,-0.002394,-9.490616,-0.014389,0.018386,-0.021317
1704886778,1133305,0.055067,0.011971,-9.591172,-0.014922,0.018119,-0.023182
1704886778,1133325,0.028730,0.000000,-9.504981,-0.010392,0.015188,-0.026380
1704886778,1133344,0.043096,0.000000,-9.533711,-0.014123,0.018119,-0.022383
1704886778,1133364,0.102951,-0.038307,-9.442732,-0.011458,0.012524,-0.023182
1704886778,1133385,0.043096,0.016759,-9.370906,-0.012524,0.017587,-0.022649
1704886778,1133405,0.086191,0.011971,-9.447520,-0.013856,0.018919,-0.021051
1704886778,1133426,0.038307,0.033519,-9.478644,-0.013057,0.017054,-0.022649
1704886778,1133446,0.028730,-0.047884,-9.378088,-0.011191,0.016787,-0.020784
1704886778,1133469,-0.009577,0.031125,-9.516952,-0.014655,0.017587,-0.022116
1704886778,1133489,0.045490,-0.026336,-9.461885,-0.013057,0.019452,-0.022383
1704886778,1133509,0.045490,0.007183,-9.440337,-0.013856,0.017587,-0.022116
1704886778,1133530,0.086191,0.009577,-9.469068,-0.012790,0.017587,-0.021850
1704886778,1133550,0.064643,-0.055067,-9.540894,-0.013590,0.015988,-0.020251
1704886778,1133570,0.028730,-0.043096,-9.569624,-0.016521,0.014922,-0.021051
1704886778,1133591,0.081403,-0.004788,-9.483433,-0.010392,0.016787,-0.020518
1704886778,1133613,0.028730,-0.002394,-9.579201,-0.012524,0.018386,-0.023715
1704886778,1133634,0.031125,0.007183,-9.442732,-0.012524,0.015455,-0.022116
1704886778,1133654,0.028730,0.031125,-9.430760,-0.013057,0.015988,-0.021583
1704886778,1133674,0.069432,0.009577,-9.478644,-0.013323,0.015721,-0.023982
1704886778,1133695,0.083797,-0.057461,-9.536105,-0.013856,0.015721,-0.023449
1704886778,1133715,0.019154,0.004788,-9.519346,-0.014922,0.019452,-0.021051
1704886778,1133735,0.023942,0.019154,-9.497798,-0.013856,0.021850,-0.022916
1704886778,1133758,0.064643,0.002394,-9.504981,-0.016254,0.021051,-0.019985
1704886778,1133778,0.052672,-0.019154,-9.488221,-0.015455,0.016787,-0.022116
1704886778,1133799,0.086191,0.011971,-9.490616,-0.013590,0.017853,-0.020251
1704886778,1133819,0.009577,-0.031125,-9.411607,-0.015988,0.016787,-0.023982
1704886778,1133839,0.035913,0.007183,-9.550470,-0.016254,0.021051,-0.018919
1704886778,1133860,0.019154,-0.014365,-9.536105,-0.013590,0.014922,-0.023449
1704886778,1133882,-0.007183,-0.016759,-9.339781,-0.013323,0.016521,-0.019452
1704886778,1133903,0.052672,0.026336,-9.399636,-0.012257,0.018119,-0.024515
1704886778,1133923,0.019154,0.007183,-9.469068,-0.013323,0.015455,-0.023449
1704886778,1133943,0.083797,-0.031125,-9.524135,-0.013590,0.019185,-0.022916
1704886778,1133964,0.095768,0.043096,-9.459491,-0.012790,0.017853,-0.022116
1704886778,1133984,0.007183,-0.023942,-9.406818,-0.013057,0.018652,-0.019985
1704886778,1134004,0.057461,0.007183,-9.423578,-0.013856,0.019185,-0.021317
1704886778,1134027,0.026336,0.007183,-9.495404,-0.013856,0.016787,-0.023449
1704886779,1134047,0.079009,-0.014365,-9.437943,-0.015188,0.015988,-0.021583
1704886779,1134068,0.057461,0.023942,-9.440337,-0.013856,0.019718,-0.023449
1704886779,1134088,0.076614,-0.047884,-9.540894,-0.016254,0.017320,-0.022116
1704886779,1134108,0.088585,0.043096,-9.452309,-0.014389,0.016521,-0.026380
1704886779,1134129,0.019154,0.011971,-9.476251,-0.011991,0.018652,-0.018919
1704886779,1134149,-0.016759,0.045490,-9.366117,-0.014123,0.017054,-0.023449
1704886779,1134172,0.011971,0.004788,-9.502586,-0.017853,0.015188,-0.023982
1704886779,1134192,0.045490,0.038307,-9.473856,-0.010925,0.015188,-0.024248
1704886779,1134212,0.002394,-0.011971,-9.447520,-0.012790,0.018386,-0.021583
1704886779,1134232,0.067038,-0.023942,-9.536105,-0.015455,0.018386,-0.021317
1704886779,1134253,0.038307,-0.023942,-9.442732,-0.013856,0.014655,-0.024248
1704886779,1134273,0.026336,0.009577,-9.469068,-0.009326,0.017320,-0.021850
1704886779,1134296,0.050278,-0.004788,-9.418790,-0.012790,0.015455,-0.022383
1704886779,1134316,-0.019154,0.016759,-9.493010,-0.012790,0.015188,-0.019185
1704886779,1134337,0.081403,-0.007183,-9.507375,-0.014123,0.017853,-0.026113
1704886779,1134357,0.000000,0.026336,-9.531317,-0.015988,0.019452,-0.023182
1704886779,1134378,0.067038,0.057461,-9.445126,-0.011191,0.019985,-0.020251
1704886779,1134398,0.081403,0.038307,-9.404425,-0.015455,0.019985,-0.022649
1704886779,1134419,0.088585,0.014365,-9.442732,-0.015455,0.018652,-0.021583
1704886779,1134442,0.105345,0.023942,-9.437943,-0.011191,0.019718,-0.025047
1704886779,1134463,0.028730,0.055067,-9.521740,-0.014123,0.022383,-0.019452
1704886779,1134483,0.011971,-0.016759,-9.378088,-0.014655,0.018919,-0.021583
1704886779,1134504,0.047884,0.009577,-9.428367,-0.015455,0.019452,-0.023182
1704886779,1134525,0.067038,-0.016759,-9.358934,-0.013057,0.015188,-0.021850
1704886779,1134545,0.088585,-0.002394,-9.445126,-0.011991,0.016787,-0.022116
1704886779,1134566,0.079009,-0.019154,-9.490616,-0.012790,0.014922,-0.023182
1704886779,1134589,0.038307,0.038307,-9.406818,-0.010925,0.020251,-0.020518
1704886779,1134610,0.045490,0.016759,-9.459491,-0.013590,0.020518,-0.020784
1704886779,1134630,0.023942,-0.019154,-9.512163,-0.015455,0.018919,-0.022383
1704886779,1134651,0.019154,0.023942,-9.447520,-0.013323,0.017320,-0.019985
1704886779,1134672,0.045490,0.014365,-9.473856,-0.014123,0.018119,-0.022383
1704886779,1134692,0.000000,0.050278,-9.507375,-0.014389,0.019718,-0.022649
1704886779,1134715,0.114922,0.031125,-9.483433,-0.014655,0.018119,-0.023449
1704886779,1134736,0.047884,-0.031125,-9.433155,-0.011458,0.018119,-0.018652
1704886779,1134757,0.040701,-0.002394,-9.418790,-0.013323,0.017587,-0.021051
1704886779,1134777,0.040701,-0.011971,-9.356541,-0.012790,0.018386,-0.020251
1704886779,1134798,0.062249,-0.002394,-9.380483,-0.015721,0.018652,-0.024781
1704886779,1134818,0.052672,-0.043096,-9.500193,-0.015721,0.017320,-0.025047
1704886779,1134839,0.062249,-0.002394,-9.512163,-0.013856,0.020251,-0.023715
1704886779,1134862,-0.007183,0.021548,-9.497798,-0.014922,0.016787,-0.024515
1704886779,1134883,0.040701,0.052672,-9.512163,-0.014389,0.015721,-0.020784
1704886779,1134903,0.129287,-0.016759,-9.495404,-0.014389,0.018919,-0.022383
1704886779,1134924,0.016759,-0.016759,-9.433155,-0.015188,0.017054,-0.021051
1704886779,1134945,0.095768,-0.016759,-9.461885,-0.012790,0.015455,-0.022649
1704886779,1134965,0.098162,0.050278,-9.476251,-0.011724,0.015721,-0.020518
1704886779,1134986,0.090980,-0.009577,-9.507375,-0.011991,0.018919,-0.022916
1704886779,1135009,0.062249,0.004788,-9.366117,-0.014922,0.017853,-0.023715
1704886779,1135030,0.067038,0.014365,-9.454702,-0.012790,0.018386,-0.022383
1704886780,1135050,0.064643,0.038307,-9.430760,-0.013323,0.017587,-0.023182
1704886780,1135071,0.069432,-0.014365,-9.440337,-0.013856,0.017853,-0.021317
1704886780,1135091,0.047884,0.014365,-9.454702,-0.012790,0.016787,-0.017853
1704886780,1135112,0.050278,-0.011971,-9.459491,-0.014389,0.017054,-0.023182
1704886780,1135133,0.031125,-0.014365,-9.428367,-0.012257,0.014655,-0.019185
1704886780,1135156,-0.002394,-0.014365,-9.536105,-0.011991,0.017054,-0.024781
1704886780,1135176,0.059855,-0.031125,-9.528923,-0.012524,0.020518,-0.021583
1704886780,1135197,0.062249,0.045490,-9.447520,-0.010658,0.021317,-0.024248
1704886780,1135218,0.021548,0.002394,-9.502586,-0.009593,0.014123,-0.021583
1704886780,1135238,0.040701,-0.021548,-9.572019,-0.015455,0.017853,-0.021850
1704886780,1135259,0.071826,-0.055067,-9.406818,-0.013856,0.018386,-0.021583
1704886780,1135282,0.028730,-0.021548,-9.488221,-0.010658,0.017587,-0.021850
1704886780,1135302,-0.007183,0.052672,-9.488221,-0.015988,0.016254,-0.021317
1704886780,1135323,0.057461,-0.026336,-9.433155,-0.017054,0.018386,-0.021850
1704886780,1135344,-0.014365,-0.086191,-9.461885,-0.015988,0.014389,-0.019985
1704886780,1135364,0.069432,0.000000,-9.497798,-0.013057,0.022116,-0.021051
1704886780,1135385,0.059855,-0.004788,-9.476251,-0.016521,0.018386,-0.019452
1704886780,1135405,0.076614,0.011971,-9.447520,-0.012524,0.015988,-0.021317
1704886780,1135436,0.047884,-0.009577,-9.433155,-0.012524,0.019185,-0.022116
1704886780,1135457,0.057461,-0.007183,-9.531317,-0.012790,0.023182,-0.023982
1704886780,1135478,0.088585,-0.004788,-9.488221,-0.014389,0.018386,-0.022916
1704886780,1135498,0.011971,0.007183,-9.548077,-0.014389,0.019985,-0.025580
1704886780,1135518,-0.016759,0.002394,-9.497798,-0.014389,0.016254,-0.021583
1704886780,1135539,0.057461,-0.045490,-9.428367,-0.011991,0.017853,-0.022116
1704886780,1135559,0.033519,0.026336,-9.459491,-0.011191,0.018919,-0.025314
1704886780,1135578,-0.004788,0.035913,-9.464279,-0.014655,0.023449,-0.021583
1704886780,1135598,0.055067,-0.026336,-9.368511,-0.015455,0.019452,-0.019718
1704886780,1135619,0.016759,0.031125,-9.366117,-0.012790,0.018386,-0.023715
1704886780,1135639,0.057461,0.004788,-9.481039,-0.013856,0.019985,-0.022383
1704886780,1135659,0.047884,0.047884,-9.461885,-0.013323,0.021850,-0.021317
1704886780,1135680,0.074220,-0.026336,-9.399636,-0.014123,0.016521,-0.020518
1704886780,1135702,0.062249,0.014365,-9.533711,-0.014123,0.015188,-0.023982
1704886780,1135723,0.062249,0.004788,-9.428367,-0.012257,0.020784,-0.021583
1704886780,1135743,0.016759,0.038307,-9.404425,-0.011458,0.017853,-0.023182
1704886780,1135763,0.055067,0.016759,-9.397242,-0.014123,0.018119,-0.022649
1704886780,1135784,-0.031125,-0.052672,-9.536105,-0.012790,0.018652,-0.024248
1704886780,1135804,0.059855,-0.052672,-9.404425,-0.011991,0.018119,-0.023982
1704886780,1135824,0.004788,0.009577,-9.447520,-0.013856,0.018386,-0.022383
1704886780,1135847,0.062249,0.019154,-9.445126,-0.013856,0.019985,-0.021317
1704886780,1135867,0.062249,-0.002394,-9.366117,-0.014389,0.021317,-0.021317
1704886780,1135888,0.062249,0.026336,-9.466674,-0.015721,0.020518,-0.019718
1704886780,1135908,0.074220,0.033519,-9.488221,-0.014123,0.018919,-0.024515
1704886780,1135929,0.019154,-0.021548,-9.469068,-0.015188,0.018386,-0.022649
1704886780,1135949,0.016759,0.000000,-9.437943,-0.013057,0.016254,-0.019718
1704886780,1135969,0.124498,-0.004788,-9.414001,-0.011991,0.017054,-0.021583
1704886780,1135992,0.043096,-0.016759,-9.466674,-0.013057,0.020251,-0.022383
1704886780,1136012,0.047884,0.019154,-9.493010,-0.015988,0.023715,-0.020251
1704886780,1136033,0.083797,0.019154,-9.552865,-0.014655,0.018386,-0.021583
1704886781,1136053,0.112527,0.016759,-9.418790,-0.011191,0.017587,-0.018386
1704886781,1136073,0.055067,-0.016759,-9.449914,-0.014123,0.014922,-0.022649
1704886781,1136094,0.047884,0.000000,-9.452309,-0.015455,0.018919,-0.022116
1704886781,1136116,0.069432,0.014365,-9.555259,-0.014655,0.015988,-0.021583
1704886781,1136137,-0.004788,-0.040701,-9.416395,-0.015188,0.015721,-0.021583
1704886781,1136157,0.043096,-0.009577,-9.493010,-0.010392,0.017054,-0.021317
1704886781,1136178,0.102951,0.023942,-9.466674,-0.013856,0.018386,-0.021051
1704886781,1136198,0.031125,0.004788,-9.490616,-0.012790,0.015721,-0.022383
1704886781,1136218,0.033519,0.007183,-9.483433,-0.012257,0.014922,-0.023982
1704886781,1136239,0.067038,-0.002394,-9.416395,-0.014123,0.017853,-0.023449
1704886781,1136261,0.071826,0.028730,-9.519346,-0.014922,0.017587,-0.022916
1704886781,1136282,0.057461,-0.035913,-9.440337,-0.011458,0.017853,-0.023182
1704886781,1136302,0.038307,-0.043096,-9.418790,-0.012257,0.016787,-0.022649
1704886781,1136322,0.040701,0.021548,-9.423578,-0.013323,0.019985,-0.021051
1704886781,1136354,0.031125,0.009577,-9.483433,-0.011458,0.017320,-0.023715
1704886781,1136374,0.009577,-0.033519,-9.512163,-0.012790,0.018919,-0.021850
1704886781,1136394,0.016759,0.019154,-9.435549,-0.012790,0.015188,-0.020518
1704886781,1136417,0.002394,0.007183,-9.430760,-0.011458,0.020251,-0.022649
1704886781,1136437,-0.007183,-0.026336,-9.409213,-0.012257,0.017587,-0.024248
1704886781,1136457,0.023942,0.035913,-9.425972,-0.016521,0.020784,-0.019185
1704886781,1136477,0.043096,0.016759,-9.378088,-0.013856,0.018919,-0.023449
1704886781,1136498,0.002394,-0.055067,-9.469068,-0.013323,0.014922,-0.022649
1704886781,1136518,0.011971,0.002394,-9.478644,-0.012257,0.018652,-0.022116
1704886781,1136541,0.055067,-0.002394,-9.406818,-0.014123,0.016787,-0.023982
1704886781,1136561,0.093374,-0.052672,-9.433155,-0.013856,0.018386,-0.021583
1704886781,1136582,0.086191,-0.023942,-9.521740,-0.015988,0.014655,-0.019718
1704886781,1136602,0.093374,-0.007183,-9.449914,-0.014655,0.013323,-0.022383
1704886781,1136623,0.081403,-0.033519,-9.466674,-0.013323,0.017054,-0.022383
1704886781,1136643,0.047884,0.026336,-9.437943,-0.013057,0.018386,-0.023982
1704886781,1136664,0.016759,-0.043096,-9.404425,-0.014123,0.016521,-0.020251
1704886781,1136687,0.019154,-0.059855,-9.440337,-0.014123,0.018119,-0.023182
1704886781,1136708,0.038307,0.067038,-9.557653,-0.012790,0.017054,-0.023449
1704886781,1136728,0.086191,0.021548,-9.504981,-0.011458,0.021317,-0.019452
1704886781,1136749,0.038307,0.026336,-9.402030,-0.011991,0.019718,-0.023715
1704886781,1136770,0.045490,-0.016759,-9.516952,-0.011458,0.020784,-0.022649
1704886781,1136790,-0.021548,0.000000,-9.449914,-0.013323,0.015455,-0.023715
1704886781,1136811,0.035913,-0.023942,-9.397242,-0.013856,0.018919,-0.022383
1704886781,1136834,0.050278,-0.055067,-9.428367,-0.013856,0.018919,-0.023715
1704886781,1136855,0.052672,-0.014365,-9.406818,-0.014922,0.018386,-0.026913
1704886781,1136875,0.050278,-0.002394,-9.423578,-0.014123,0.016254,-0.021317
1704886781,1136896,0.067038,0.011971,-9.504981,-0.015455,0.017320,-0.021051
1704886781,1136916,0.031125,0.088585,-9.373300,-0.012524,0.017054,-0.022116
1704886781,1136937,0.079009,0.007183,-9.287108,-0.011724,0.016521,-0.018652
1704886781,1136960,0.074220,0.019154,-9.402030,-0.014655,0.016787,-0.022116
1704886781,1136981,0.043096,-0.011971,-9.555259,-0.011191,0.013856,-0.024515
1704886781,1137001,0.062249,-0.021548,-9.469068,-0.015721,0.015455,-0.023182
1704886781,1137022,0.095768,0.021548,-9.430760,-0.012790,0.021583,-0.021051
1704886782,1137043,0.076614,-0.009577,-9.404425,-0.011458,0.014655,-0.023982
1704886782,1137063,0.052672,0.055067,-9.548077,-0.011191,0.017587,-0.023182
1704886782,1137084,0.050278,-0.047884,-9.485827,-0.014655,0.019985,-0.026380
1704886782,1137107,0.009577,-0.038307,-9.464279,-0.010925,0.019985,-0.020784
1704886782,1137128,0.055067,0.019154,-9.464279,-0.013856,0.019452,-0.020518
1704886782,1137148,0.081403,0.040701,-9.490616,-0.013323,0.015721,-0.022649
1704886782,1137169,0.057461,-0.033519,-9.469068,-0.015188,0.017853,-0.020251
1704886782,1137189,0.007183,0.031125,-9.418790,-0.013057,0.015988,-0.021583
1704886782,1137210,0.069432,-0.031125,-9.476251,-0.015721,0.014123,-0.020518
1704886782,1137231,0.086191,-0.011971,-9.433155,-0.014123,0.016787,-0.023715
1704886782,1137254,0.031125,-0.031125,-9.416395,-0.014123,0.020251,-0.025314
1704886782,1137274,0.062249,-0.062249,-9.524135,-0.014123,0.018652,-0.021583
1704886782,1137295,0.045490,-0.016759,-9.421184,-0.011991,0.014123,-0.023449
1704886782,1137316,0.081403,-0.086191,-9.435549,-0.014922,0.014389,-0.020784
1704886782,1137336,0.064643,-0.002394,-9.550470,-0.015188,0.020251,-0.022383
1704886782,1137357,0.064643,-0.019154,-9.464279,-0.017853,0.017320,-0.022383
1704886782,1137380,-0.016759,0.028730,-9.490616,-0.015188,0.018119,-0.023982
1704886782,1137401,0.023942,-0.031125,-9.428367,-0.012790,0.017853,-0.021051
1704886782,1137421,0.055067,-0.007183,-9.512163,-0.012524,0.014655,-0.023449
1704886782,1137442,0.038307,0.023942,-9.454702,-0.011991,0.018919,-0.022649
1704886782,1137463,0.014365,0.033519,-9.428367,-0.012790,0.016787,-0.020784
1704886782,1137483,0.038307,-0.009577,-9.488221,-0.014123,0.016521,-0.022116
1704886782,1137504,0.045490,0.019154,-9.509769,-0.011458,0.018652,-0.021317
1704886782,1137527,-0.016759,-0.028730,-9.526528,-0.012790,0.014655,-0.021583
1704886782,1137548,-0.002394,0.000000,-9.457097,-0.013590,0.013856,-0.021850
1704886782,1137568,0.052672,-0.019154,-9.402030,-0.009859,0.015721,-0.021317
1704886782,1137589,0.019154,0.045490,-9.469068,-0.015455,0.018386,-0.021850
1704886782,1137609,0.062249,0.007183,-9.516952,-0.015455,0.015988,-0.017587
1704886782,1137630,-0.002394,0.031125,-9.490616,-0.013323,0.015188,-0.019718
1704886782,1137650,0.043096,-0.002394,-9.493010,-0.013057,0.017054,-0.020784
1704886782,1137681,-0.009577,-0.016759,-9.469068,-0.014922,0.018652,-0.022649
1704886782,1137702,0.040701,-0.016759,-9.469068,-0.013856,0.014922,-0.022916
1704886782,1137723,0.069432,-0.028730,-9.445126,-0.014655,0.017320,-0.023449
1704886782,1137743,0.057461,0.009577,-9.440337,-0.014922,0.018919,-0.020784
1704886782,1137763,0.110133,0.043096,-9.454702,-0.013590,0.015721,-0.023982
1704886782,1137783,0.040701,-0.038307,-9.481039,-0.014123,0.021583,-0.020518
1704886782,1137806,0.062249,0.033519,-9.416395,-0.013057,0.016787,-0.017587
1704886782,1137826,0.016759,0.000000,-9.411607,-0.012524,0.015455,-0.021583
1704886782,1137847,0.045490,-0.035913,-9.469068,-0.017853,0.016254,-0.020784
1704886782,1137867,-0.014365,0.009577,-9.449914,-0.014655,0.015455,-0.022649
1704886782,1137887,0.083797,0.043096,-9.588778,-0.013590,0.020518,-0.022383
1704886782,1137908,0.057461,0.052672,-9.437943,-0.014389,0.019985,-0.023715
1704886782,1137928,0.043096,0.019154,-9.504981,-0.014655,0.019185,-0.024781
1704886782,1137951,0.035913,0.035913,-9.411607,-0.013323,0.014655,-0.021051
1704886782,1137971,0.076614,-0.064643,-9.476251,-0.013590,0.016787,-0.023715
1704886782,1137991,0.047884,-0.043096,-9.538500,-0.009859,0.014655,-0.026113
1704886782,1138012,0.090980,0.028730,-9.504981,-0.012790,0.019718,-0.021317
1704886782,1138032,0.057461,-0.011971,-9.459491,-0.013856,0.020784,-0.021850
1704886783,1138052,0.093374,-0.009577,-9.531317,-0.016521,0.018652,-0.024781
1704886783,1138073,0.040701,0.002394,-9.493010,-0.011191,0.016521,-0.022916
1704886783,1138095,0.028730,-0.033519,-9.507375,-0.011191,0.019718,-0.019452
1704886783,1138116,0.122104,-0.011971,-9.454702,-0.015988,0.019718,-0.025580
1704886783,1138136,0.031125,-0.014365,-9.437943,-0.011458,0.019185,-0.025047
1704886783,1138156,0.007183,-0.019154,-9.612720,-0.014655,0.017853,-0.025580
1704886783,1138177,0.055067,0.040701,-9.418790,-0.017320,0.019452,-0.022916
1704886783,1138197,0.059855,0.014365,-9.588778,-0.011191,0.016521,-0.021583
1704886783,1138217,0.031125,-0.040701,-9.425972,-0.012790,0.019185,-0.021583
1704886783,1138240,0.038307,-0.016759,-9.437943,-0.015455,0.021317,-0.023715
1704886783,1138260,0.083797,0.045490,-9.497798,-0.011724,0.021051,-0.023715
1704886783,1138281,0.114922,-0.009577,-9.327810,-0.014389,0.021051,-0.023982
1704886783,1138301,0.079009,-0.009577,-9.569624,-0.012257,0.015721,-0.021850
1704886783,1138321,0.088585,-0.021548,-9.428367,-0.014389,0.017587,-0.022649
1704886783,1138342,0.112527,-0.016759,-9.418790,-0.014389,0.017587,-0.023182
1704886783,1138364,0.067038,-0.007183,-9.378088,-0.015721,0.014389,-0.019718
1704886783,1138385,0.045490,-0.016759,-9.428367,-0.015188,0.015988,-0.021051
1704886783,1138405,0.031125,0.009577,-9.464279,-0.013057,0.018652,-0.021850
1704886783,1138426,0.110133,0.045490,-9.481039,-0.015188,0.018119,-0.021051
1704886783,1138446,0.076614,-0.031125,-9.507375,-0.014389,0.015988,-0.019718
1704886783,1138466,0.064643,-0.035913,-9.385271,-0.015455,0.018386,-0.022116
1704886783,1138487,0.019154,-0.011971,-9.473856,-0.013057,0.017320,-0.018919
1704886783,1138509,0.102951,0.000000,-9.528923,-0.011724,0.015188,-0.021583
1704886783,1138530,0.028730,-0.002394,-9.552865,-0.012524,0.016787,-0.019985
1704886783,1138550,0.086191,-0.055067,-9.461885,-0.014655,0.019452,-0.021317
1704886783,1138570,0.047884,0.035913,-9.406818,-0.013323,0.018652,-0.024781
1704886783,1138591,0.035913,-0.014365,-9.464279,-0.013323,0.017320,-0.021051
1704886783,1138611,0.126893,0.009577,-9.509769,-0.011991,0.017587,-0.023182
1704886783,1138631,0.035913,-0.011971,-9.442732,-0.013323,0.015721,-0.024248
1704886783,1138654,0.026336,-0.028730,-9.452309,-0.013323,0.021583,-0.019985
1704886783,1138674,0.021548,0.011971,-9.459491,-0.011458,0.016787,-0.022649
1704886783,1138694,0.019154,0.007183,-9.425972,-0.014655,0.019185,-0.020518
1704886783,1138715,0.050278,0.000000,-9.500193,-0.015455,0.013856,-0.023449
1704886783,1138735,0.045490,-0.026336,-9.495404,-0.013323,0.019718,-0.021583
1704886783,1138755,0.014365,0.033519,-9.502586,-0.014123,0.015455,-0.023449
1704886783,1138778,0.019154,0.000000,-9.593566,-0.013590,0.014123,-0.022649
1704886783,1138798,0.031125,0.043096,-9.397242,-0.012790,0.021583,-0.022649
1704886783,1138819,0.079009,0.002394,-9.449914,-0.013323,0.019452,-0.021583
1704886783,1138840,0.074220,-0.047884,-9.409213,-0.014922,0.015721,-0.019985
1704886783,1138860,0.105345,-0.047884,-9.459491,-0.010925,0.018919,-0.021583
1704886783,1138881,0.035913,0.004788,-9.449914,-0.016254,0.015455,-0.023715
1704886783,1138901,0.052672,-0.035913,-9.433155,-0.013323,0.017853,-0.023182
1704886783,1138924,0.083797,0.002394,-9.440337,-0.014123,0.016787,-0.021317
1704886783,1138945,0.038307,-0.052672,-9.500193,-0.013590,0.015455,-0.023449
1704886783,1138965,0.028730,-0.007183,-9.631873,-0.010925,0.019718,-0.025580
1704886783,1138986,0.045490,0.038307,-9.528923,-0.014655,0.017587,-0.023715
1704886783,1139007,0.079009,-0.028730,-9.481039,-0.015721,0.019718,-0.022916
1704886783,1139027,0.110133,-0.007183,-9.500193,-0.014123,0.017320,-0.022916
1704886784,1139048,0.033519,-0.004788,-9.481039,-0.013057,0.013590,-0.021583
1704886784,1139071,0.028730,0.062249,-9.414001,-0.010392,0.017587,-0.022916
1704886784,1139092,0.009577,0.019154,-9.481039,-0.012790,0.017320,-0.022916
1704886784,1139112,0.031125,-0.004788,-9.543288,-0.013590,0.014123,-0.022116
1704886784,1139133,0.047884,-0.033519,-9.466674,-0.012257,0.017320,-0.022649
1704886784,1139154,0.035913,-0.062249,-9.500193,-0.010925,0.019185,-0.024248
1704886784,1139174,0.074220,0.050278,-9.366117,-0.012790,0.014655,-0.020251
1704886784,1139197,0.076614,-0.014365,-9.490616,-0.013323,0.014922,-0.021850
1704886784,1139218,0.114922,0.045490,-9.445126,-0.014123,0.018386,-0.023449
1704886784,1139239,0.009577,-0.040701,-9.471462,-0.012524,0.018386,-0.025047
1704886784,1139259,-0.023942,-0.069432,-9.402030,-0.012257,0.019185,-0.023182
1704886784,1139280,0.045490,-0.045490,-9.476251,-0.015188,0.016254,-0.018652
1704886784,1139300,0.069432,-0.021548,-9.437943,-0.012524,0.015188,-0.020518
1704886784,1139321,0.033519,-0.019154,-9.442732,-0.013057,0.014389,-0.023449
1704886784,1139344,0.079009,-0.040701,-9.490616,-0.013323,0.019718,-0.021583
1704886784,1139365,0.093374,0.004788,-9.493010,-0.011458,0.019452,-0.020784
1704886784,1139385,0.055067,-0.040701,-9.545682,-0.013057,0.019452,-0.022116
1704886784,1139406,0.023942,0.031125,-9.449914,-0.013590,0.018386,-0.021317
1704886784,1139427,0.083797,0.009577,-9.435549,-0.015455,0.019452,-0.024781
1704886784,1139447,0.047884,0.045490,-9.493010,-0.013323,0.017320,-0.019185
1704886784,1139468,0.050278,-0.019154,-9.481039,-0.015188,0.020518,-0.022383
1704886784,1139491,0.021548,-0.033519,-9.507375,-0.014389,0.015188,-0.020251
1704886784,1139512,0.007183,-0.004788,-9.464279,-0.012524,0.015188,-0.021583
1704886784,1139533,0.000000,-0.021548,-9.375694,-0.012524,0.015988,-0.023182
1704886784,1139553,0.076614,-0.016759,-9.500193,-0.013057,0.019452,-0.020784
1704886784,1139574,0.074220,-0.023942,-9.485827,-0.015721,0.018119,-0.024515
1704886784,1139595,0.102951,0.019154,-9.550470,-0.012790,0.019452,-0.021317
1704886784,1139618,0.040701,0.023942,-9.457097,-0.011991,0.018652,-0.023449
1704886784,1139638,0.031125,-0.026336,-9.493010,-0.013323,0.019718,-0.023449
1704886784,1139659,0.045490,0.009577,-9.421184,-0.012257,0.015721,-0.024781
1704886784,1139680,0.016759,0.019154,-9.414001,-0.010658,0.017587,-0.023715
1704886784,1139700,0.021548,0.040701,-9.464279,-0.013856,0.018919,-0.022649
1704886784,1139721,0.083797,0.007183,-9.385271,-0.011991,0.018652,-0.021850
1704886784,1139742,0.038307,0.007183,-9.437943,-0.013856,0.017320,-0.022649
1704886784,1139765,0.050278,-0.040701,-9.524135,-0.012790,0.019718,-0.021051
1704886784,1139785,-0.019154,0.016759,-9.394848,-0.014655,0.018386,-0.020251
1704886784,1139806,0.028730,0.014365,-9.557653,-0.015188,0.019985,-0.024515
1704886784,1139826,0.040701,0.023942,-9.435549,-0.015188,0.020251,-0.023182
1704886784,1139847,0.047884,0.014365,-9.531317,-0.016254,0.016521,-0.021317
1704886784,1139867,0.069432,0.011971,-9.473856,-0.011191,0.014655,-0.021583
1704886784,1139888,0.050278,-0.007183,-9.425972,-0.014655,0.015455,-0.019718
1704886784,1139919,0.021548,-0.040701,-9.454702,-0.014123,0.014655,-0.022649
1704886784,1139940,0.033519,0.023942,-9.423578,-0.013856,0.018652,-0.021317
1704886784,1139960,0.052672,0.047884,-9.476251,-0.013590,0.017853,-0.023182
1704886784,1139981,0.016759,0.033519,-9.471462,-0.011991,0.018652,-0.023182
1704886784,1140001,0.031125,-0.028730,-9.622296,-0.015455,0.019718,-0.019985
1704886784,1140021,0.086191,-0.035913,-9.423578,-0.012257,0.019718,-0.023182
1704886785,1140044,0.045490,0.019154,-9.442732,-0.014389,0.020518,-0.023715
1704886785,1140064,0.021548,-0.004788,-9.425972,-0.014123,0.021051,-0.022916
1704886785,1140084,0.076614,0.026336,-9.397242,-0.013323,0.019985,-0.023449
1704886785,1140105,-0.007183,0.035913,-9.493010,-0.013856,0.017320,-0.019985
1704886785,1140125,0.021548,-0.007183,-9.483433,-0.014922,0.015988,-0.022116
1704886785,1140145,0.040701,0.016759,-9.454702,-0.015721,0.015455,-0.019718
1704886785,1140166,0.062249,-0.021548,-9.464279,-0.010392,0.017853,-0.020784
1704886785,1140188,0.043096,-0.019154,-9.509769,-0.011191,0.015455,-0.020784
1704886785,1140209,0.067038,0.004788,-9.437943,-0.015455,0.018652,-0.022116
1704886785,1140229,0.002394,-0.004788,-9.502586,-0.015455,0.017320,-0.022649
1704886785,1140249,0.086191,0.033519,-9.545682,-0.013590,0.021051,-0.021850
1704886785,1140270,0.021548,-0.019154,-9.454702,-0.014123,0.018119,-0.024781
1704886785,1140290,0.031125,0.009577,-9.430760,-0.014123,0.016787,-0.021051
1704886785,1140310,-0.004788,-0.009577,-9.409213,-0.013590,0.017054,-0.021317
1704886785,1140333,0.033519,0.014365,-9.418790,-0.012524,0.015988,-0.021317
1704886785,1140353,0.038307,0.019154,-9.433155,-0.012257,0.017320,-0.021850
1704886785,1140374,0.095768,0.040701,-9.325416,-0.014922,0.016521,-0.023449
1704886785,1140394,0.107739,0.007183,-9.416395,-0.012790,0.018119,-0.020784
1704886785,1140415,0.057461,-0.023942,-9.320627,-0.011458,0.018919,-0.020518
1704886785,1140435,0.083797,0.002394,-9.509769,-0.014389,0.020518,-0.019985
1704886785,1140455,0.019154,0.031125,-9.459491,-0.014389,0.017587,-0.021317
1704886785,1140478,-0.026336,-0.023942,-9.452309,-0.014389,0.017587,-0.021051
1704886785,1140498,0.105345,0.000000,-9.387665,-0.014922,0.017054,-0.021317
1704886785,1140519,0.069432,-0.028730,-9.526528,-0.013590,0.021051,-0.020251
1704886785,1140539,-0.002394,0.011971,-9.485827,-0.013590,0.021051,-0.021051
1704886785,1140559,0.035913,0.026336,-9.464279,-0.010126,0.017054,-0.024248
1704886785,1140580,0.088585,-0.033519,-9.502586,-0.015721,0.021317,-0.022916
1704886785,1140602,0.052672,0.002394,-9.483433,-0.015455,0.015988,-0.022383
1704886785,1140623,0.043096,0.014365,-9.473856,-0.014655,0.018652,-0.023182
1704886785,1140643,0.086191,-0.004788,-9.521740,-0.013057,0.016521,-0.017587
1704886785,1140663,0.069432,0.023942,-9.387665,-0.013057,0.017054,-0.024515
1704886785,1140684,0.055067,0.004788,-9.514558,-0.013856,0.018386,-0.021583
1704886785,1140704,0.088585,0.050278,-9.421184,-0.013590,0.019452,-0.023715
1704886785,1140724,0.079009,0.011971,-9.454702,-0.017054,0.015188,-0.023182
1704886785,1140747,0.074220,0.040701,-9.528923,-0.014123,0.017587,-0.022649
1704886785,1140767,0.095768,-0.050278,-9.454702,-0.014389,0.019185,-0.022383
1704886785,1140788,0.086191,0.043096,-9.469068,-0.012790,0.018919,-0.021850
1704886785,1140808,0.057461,0.000000,-9.459491,-0.012257,0.019452,-0.025580
1704886785,1140828,0.028730,0.045490,-9.452309,-0.013057,0.016254,-0.023715
1704886785,1140849,0.002394,-0.059855,-9.437943,-0.013590,0.015988,-0.021583
1704886785,1140869,0.040701,-0.019154,-9.433155,-0.012524,0.016787,-0.021850
1704886785,1140892,0.076614,-0.009577,-9.399636,-0.011191,0.016521,-0.023449
1704886785,1140912,0.081403,-0.007183,-9.346964,-0.013856,0.017853,-0.021317
1704886785,1140932,0.031125,0.023942,-9.449914,-0.012790,0.016254,-0.019452
1704886785,1140952,0.086191,0.011971,-9.423578,-0.011458,0.015455,-0.022649
1704886785,1140973,0.045490,0.035913,-9.478644,-0.016521,0.018919,-0.021583
1704886785,1140993,0.057461,0.026336,-9.437943,-0.013590,0.021317,-0.019985
1704886785,1141016,0.095768,0.062249,-9.543288,-0.011458,0.017320,-0.022916
1704886786,1141036,0.083797,-0.016759,-9.416395,-0.013323,0.017320,-0.022916
1704886786,1141057,0.090980,0.016759,-9.414001,-0.015188,0.014123,-0.023982
1704886786,1141077,-0.009577,-0.081403,-9.567230,-0.012790,0.022383,-0.021317
1704886786,1141098,0.088585,0.019154,-9.473856,-0.013856,0.015188,-0.021317
1704886786,1141118,0.019154,0.050278,-9.560047,-0.014389,0.020251,-0.023449
1704886786,1141139,0.019154,-0.014365,-9.490616,-0.014123,0.023982,-0.022116
1704886786,1141162,0.071826,0.007183,-9.447520,-0.012790,0.015721,-0.023182
1704886786,1141183,0.057461,-0.023942,-9.469068,-0.013856,0.017054,-0.022916
1704886786,1141203,0.131681,0.000000,-9.540894,-0.014922,0.016787,-0.022649
1704886786,1141224,-0.011971,0.011971,-9.552865,-0.014922,0.017587,-0.020518
1704886786,1141244,0.059855,0.026336,-9.516952,-0.011191,0.016787,-0.022116
1704886786,1141265,0.016759,0.045490,-9.540894,-0.010126,0.015455,-0.021317
1704886786,1141286,0.031125,-0.021548,-9.488221,-0.012790,0.014922,-0.021583
1704886786,1141309,0.040701,-0.019154,-9.440337,-0.013590,0.015988,-0.022116
1704886786,1141329,0.011971,-0.026336,-9.416395,-0.014922,0.020784,-0.019718
1704886786,1141350,-0.004788,0.009577,-9.490616,-0.009859,0.018119,-0.026380
1704886786,1141371,0.043096,-0.028730,-9.464279,-0.016254,0.014922,-0.020784
1704886786,1141391,0.088585,0.028730,-9.442732,-0.014123,0.016254,-0.021583
1704886786,1141412,0.083797,-0.019154,-9.452309,-0.014655,0.015988,-0.020784
1704886786,1141435,0.021548,-0.023942,-9.485827,-0.013323,0.018652,-0.019452
1704886786,1141456,0.067038,0.067038,-9.430760,-0.012524,0.018652,-0.021850
1704886786,1141477,-0.031125,-0.040701,-9.509769,-0.016787,0.017054,-0.020518
1704886786,1141497,0.050278,0.028730,-9.471462,-0.014922,0.019718,-0.022383
1704886786,1141518,0.050278,0.023942,-9.423578,-0.011991,0.020251,-0.022116
1704886786,1141538,0.081403,-0.016759,-9.387665,-0.013057,0.018652,-0.023982
1704886786,1141559,0.019154,0.052672,-9.473856,-0.014655,0.018652,-0.018652
1704886786,1141582,0.090980,-0.028730,-9.488221,-0.014655,0.019452,-0.022383
1704886786,1141603,0.064643,0.028730,-9.469068,-0.013323,0.014389,-0.023715
1704886786,1141623,0.055067,0.031125,-9.397242,-0.012524,0.017587,-0.022383
1704886786,1141644,0.023942,-0.009577,-9.447520,-0.012524,0.017587,-0.018652
1704886786,1141665,0.023942,-0.074220,-9.478644,-0.014655,0.015188,-0.021850
1704886786,1141685,0.107739,-0.011971,-9.461885,-0.010658,0.016787,-0.023982
1704886786,1141706,0.009577,-0.009577,-9.402030,-0.011191,0.019185,-0.021317
1704886786,1141729,0.019154,-0.007183,-9.435549,-0.012524,0.020251,-0.021850
1704886786,1141750,0.040701,0.004788,-9.476251,-0.012790,0.015721,-0.022116
1704886786,1141770,0.009577,-0.047884,-9.485827,-0.013057,0.017320,-0.021583
1704886786,1141791,0.074220,0.021548,-9.382876,-0.012790,0.017853,-0.022383
1704886786,1141811,0.021548,0.009577,-9.442732,-0.015988,0.016521,-0.023715
1704886786,1141832,0.023942,-0.047884,-9.485827,-0.013057,0.020251,-0.021317
1704886786,1141855,0.019154,0.057461,-9.454702,-0.015988,0.016521,-0.022649
1704886786,1141876,0.071826,-0.004788,-9.454702,-0.011458,0.017587,-0.024248
1704886786,1141896,0.047884,-0.014365,-9.533711,-0.011724,0.015721,-0.023182
1704886786,1141917,0.019154,0.045490,-9.339781,-0.014389,0.018386,-0.021317
1704886786,1141938,0.004788,-0.038307,-9.504981,-0.013057,0.017054,-0.019718
1704886786,1141958,0.086191,0.062249,-9.442732,-0.016787,0.017054,-0.022916
1704886786,1141979,0.069432,0.014365,-9.524135,-0.013057,0.017853,-0.023715
1704886786,1142002,0.043096,0.011971,-9.507375,-0.012257,0.019185,-0.022649
1704886786,1142023,0.059855,-0.019154,-9.514558,-0.014389,0.015988,-0.025314
1704886787,1142043,0.088585,-0.062249,-9.473856,-0.013856,0.018119,-0.022383
1704886787,1142064,0.045490,-0.028730,-9.421184,-0.013590,0.018919,-0.022383
1704886787,1142084,0.055067,-0.023942,-9.392453,-0.015188,0.018119,-0.022383
1704886787,1142105,0.069432,0.007183,-9.519346,-0.012524,0.015188,-0.024781
1704886787,1142125,0.045490,0.000000,-9.461885,-0.013057,0.018386,-0.020518
1704886787,1142156,0.074220,-0.002394,-9.435549,-0.014922,0.017853,-0.022649
1704886787,1142177,0.055067,-0.009577,-9.342175,-0.011991,0.019185,-0.022116
1704886787,1142198,0.040701,-0.014365,-9.442732,-0.013323,0.016787,-0.021850
1704886787,1142218,0.117316,0.026336,-9.454702,-0.012257,0.020251,-0.020518
1704886787,1142238,0.023942,0.035913,-9.500193,-0.012524,0.018119,-0.022649
1704886787,1142258,0.105345,-0.040701,-9.526528,-0.013057,0.019185,-0.018652
1704886787,1142279,0.004788,-0.033519,-9.476251,-0.014389,0.017054,-0.023449
1704886787,1142301,0.088585,-0.014365,-9.423578,-0.009859,0.016521,-0.020518
1704886787,1142322,0.014365,-0.016759,-9.481039,-0.013057,0.016787,-0.024515
1704886787,1142342,0.031125,0.043096,-9.526528,-0.013057,0.016787,-0.022916
1704886787,1142362,0.045490,-0.047884,-9.380483,-0.014922,0.015721,-0.021850
1704886787,1142383,0.043096,-0.002394,-9.416395,-0.014655,0.018652,-0.023182
1704886787,1142403,0.059855,0.019154,-9.375694,-0.015455,0.014922,-0.020784
1704886787,1142426,0.047884,-0.031125,-9.454702,-0.012790,0.019185,-0.022116
1704886787,1142446,0.069432,0.026336,-9.476251,-0.012790,0.018119,-0.022916
1704886787,1142466,0.102951,0.004788,-9.507375,-0.014123,0.017853,-0.021317
1704886787,1142487,0.059855,0.064643,-9.528923,-0.013590,0.018652,-0.024248
1704886787,1142507,0.069432,0.004788,-9.440337,-0.012524,0.018386,-0.021317
1704886787,1142527,0.071826,0.011971,-9.394848,-0.014123,0.013057,-0.019185
1704886787,1142548,0.002394,0.009577,-9.469068,-0.014389,0.015988,-0.023449
1704886787,1142570,0.074220,0.026336,-9.473856,-0.011991,0.016254,-0.020518
1704886787,1142591,0.019154,-0.021548,-9.428367,-0.013057,0.017853,-0.021850
1704886787,1142611,0.038307,0.011971,-9.483433,-0.013590,0.016787,-0.022916
1704886787,1142631,0.079009,-0.019154,-9.483433,-0.014655,0.020518,-0.020251
1704886787,1142652,0.057461,-0.031125,-9.481039,-0.015721,0.019452,-0.019718
1704886787,1142672,0.007183,0.021548,-9.339781,-0.011724,0.012524,-0.021850
1704886787,1142692,-0.011971,0.021548,-9.459491,-0.012257,0.016521,-0.022116
1704886787,1142715,0.047884,0.026336,-9.459491,-0.013323,0.016787,-0.023449
1704886787,1142735,0.023942,0.004788,-9.497798,-0.009859,0.018652,-0.020518
1704886787,1142756,0.069432,-0.004788,-9.459491,-0.017054,0.015988,-0.021317
1704886787,1142776,0.074220,0.079009,-9.519346,-0.014922,0.019718,-0.022649
1704886787,1142797,0.064643,0.026336,-9.502586,-0.014922,0.018919,-0.020784
1704886787,1142817,0.074220,0.007183,-9.471462,-0.014123,0.016521,-0.020251
1704886787,1142840,0.069432,-0.026336,-9.449914,-0.015455,0.017587,-0.023182
1704886787,1142860,0.067038,0.035913,-9.402030,-0.015188,0.014922,-0.022116
1704886787,1142880,-0.016759,-0.021548,-9.495404,-0.012524,0.018919,-0.021850
1704886787,1142901,0.071826,0.062249,-9.502586,-0.014389,0.018652,-0.019985
1704886787,1142921,0.050278,-0.016759,-9.466674,-0.011458,0.018919,-0.022916
1704886787,1142941,0.119710,-0.004788,-9.433155,-0.013590,0.018119,-0.021583
1704886787,1142962,0.069432,0.019154,-9.495404,-0.014123,0.019985,-0.021051
1704886787,1142984,0.057461,0.002394,-9.493010,-0.013057,0.019185,-0.018919
1704886787,1143005,0.002394,0.033519,-9.528923,-0.011991,0.018119,-0.019718
1704886787,1143025,0.002394,0.000000,-9.457097,-0.011458,0.016787,-0.019452
1704886788,1143046,0.083797,0.035913,-9.512163,-0.014922,0.019985,-0.021850
1704886788,1143066,0.007183,-0.038307,-9.457097,-0.013856,0.015988,-0.022649
1704886788,1143086,0.098162,0.016759,-9.452309,-0.014389,0.015455,-0.020518
1704886788,1143107,0.067038,-0.009577,-9.543288,-0.016254,0.018119,-0.023982
1704886788,1143129,0.047884,0.019154,-9.425972,-0.013856,0.017587,-0.022916
1704886788,1143150,-0.031125,0.026336,-9.485827,-0.014655,0.018119,-0.023449
1704886788,1143170,0.050278,-0.011971,-9.442732,-0.012790,0.018386,-0.022916
1704886788,1143190,0.031125,0.023942,-9.342175,-0.015455,0.021850,-0.021051
1704886788,1143210,0.083797,0.019154,-9.457097,-0.013323,0.013590,-0.022116
1704886788,1143231,0.047884,-0.028730,-9.493010,-0.014655,0.015721,-0.023182
1704886788,1143254,0.050278,-0.009577,-9.497798,-0.011724,0.016254,-0.023182
1704886788,1143274,0.076614,-0.004788,-9.502586,-0.012524,0.017320,-0.022916
1704886788,1143295,0.040701,0.040701,-9.437943,-0.015721,0.017320,-0.021317
1704886788,1143315,0.114922,0.028730,-9.440337,-0.011724,0.016787,-0.023449
1704886788,1143336,0.026336,-0.014365,-9.445126,-0.013590,0.019185,-0.022649
1704886788,1143357,-0.026336,0.035913,-9.471462,-0.012524,0.018386,-0.026913
1704886788,1143377,0.045490,0.021548,-9.447520,-0.012790,0.016787,-0.023449
1704886788,1143400,0.093374,-0.002394,-9.572019,-0.014389,0.016521,-0.021051
1704886788,1143421,0.079009,-0.028730,-9.471462,-0.011724,0.019985,-0.021583
1704886788,1143442,0.067038,-0.016759,-9.385271,-0.014123,0.019452,-0.022383
1704886788,1143462,0.043096,0.004788,-9.433155,-0.012257,0.018119,-0.020251
1704886788,1143483,0.071826,-0.088585,-9.478644,-0.014123,0.016521,-0.022649
1704886788,1143504,0.086191,-0.004788,-9.430760,-0.015988,0.016787,-0.024781
1704886788,1143524,0.000000,-0.014365,-9.445126,-0.013856,0.018919,-0.020784
1704886788,1143547,0.021548,-0.035913,-9.392453,-0.015721,0.019985,-0.022916
1704886788,1143568,0.026336,0.019154,-9.459491,-0.014655,0.016521,-0.023715
1704886788,1143588,0.090980,-0.047884,-9.540894,-0.011191,0.022116,-0.019718
1704886788,1143609,0.033519,0.019154,-9.485827,-0.012790,0.018919,-0.023715
1704886788,1143630,0.062249,-0.007183,-9.416395,-0.011458,0.016254,-0.020784
1704886788,1143650,0.000000,0.026336,-9.461885,-0.016787,0.014389,-0.022116
1704886788,1143673,0.069432,-0.023942,-9.481039,-0.013057,0.017587,-0.020518
1704886788,1143694,0.026336,-0.002394,-9.447520,-0.011724,0.017853,-0.022383
1704886788,1143715,0.069432,0.014365,-9.519346,-0.015188,0.017853,-0.025580
1704886788,1143735,0.040701,0.014365,-9.461885,-0.015188,0.018119,-0.022116
1704886788,1143756,0.095768,0.028730,-9.442732,-0.013590,0.019985,-0.023182
1704886788,1143776,0.047884,-0.007183,-9.469068,-0.016521,0.018919,-0.023715
1704886788,1143797,0.074220,0.011971,-9.473856,-0.014123,0.018119,-0.019452
1704886788,1143820,0.093374,-0.002394,-9.421184,-0.013057,0.020251,-0.018386
1704886788,1143841,0.081403,0.004788,-9.457097,-0.012257,0.018919,-0.019718
1704886788,1143861,0.069432,-0.019154,-9.504981,-0.012257,0.017054,-0.020784
1704886788,1143882,0.064643,0.052672,-9.378088,-0.010658,0.015988,-0.023449
1704886788,1143903,0.040701,0.009577,-9.406818,-0.014655,0.017853,-0.022916
1704886788,1143923,0.069432,0.028730,-9.464279,-0.015721,0.018919,-0.022649
1704886788,1143944,0.059855,0.023942,-9.473856,-0.012790,0.016787,-0.021850
1704886788,1143967,0.057461,0.014365,-9.411607,-0.013057,0.020251,-0.023182
1704886788,1143988,0.014365,-0.011971,-9.447520,-0.012257,0.015455,-0.022916
1704886788,1144008,0.047884,0.033519,-9.495404,-0.016521,0.017320,-0.022383
1704886788,1144029,0.083797,0.007183,-9.435549,-0.012524,0.019452,-0.021317
1704886789,1144050,0.043096,0.002394,-9.425972,-0.011191,0.012257,-0.023449
1704886789,1144070,0.071826,0.009577,-9.495404,-0.014389,0.020784,-0.024781
1704886789,1144091,0.019154,0.014365,-9.354146,-0.016254,0.020251,-0.021317
1704886789,1144114,0.028730,0.009577,-9.442732,-0.013590,0.018386,-0.022916
1704886789,1144135,0.052672,0.095768,-9.435549,-0.013590,0.016787,-0.022116
1704886789,1144155,0.033519,-0.023942,-9.548077,-0.011724,0.018386,-0.022916
1704886789,1144176,0.074220,0.007183,-9.411607,-0.012524,0.018386,-0.021583
1704886789,1144196,0.064643,0.007183,-9.437943,-0.014922,0.016521,-0.020251
1704886789,1144217,0.038307,0.040701,-9.411607,-0.011991,0.019718,-0.024515
1704886789,1144240,0.028730,-0.035913,-9.512163,-0.014655,0.017320,-0.023715
1704886789,1144261,0.105345,-0.028730,-9.504981,-0.017320,0.017853,-0.019185
1704886789,1144281,0.031125,0.023942,-9.509769,-0.014123,0.017320,-0.022916
1704886789,1144302,0.019154,0.000000,-9.490616,-0.013856,0.017320,-0.021051
1704886789,1144322,0.064643,-0.004788,-9.445126,-0.011458,0.014922,-0.022116
1704886789,1144343,0.057461,0.038307,-9.516952,-0.012257,0.018919,-0.024248
1704886789,1144363,0.067038,-0.074220,-9.435549,-0.014389,0.017054,-0.022383
1704886789,1144394,-0.002394,-0.033519,-9.411607,-0.012524,0.017587,-0.020251
1704886789,1144416,0.038307,0.007183,-9.504981,-0.014389,0.016787,-0.021317
1704886789,1144436,0.067038,0.009577,-9.512163,-0.014922,0.017320,-0.021850
1704886789,1144456,0.059855,-0.016759,-9.404425,-0.014655,0.015455,-0.023182
1704886789,1144476,-0.026336,0.014365,-9.514558,-0.011724,0.017320,-0.023182
1704886789,1144497,0.033519,0.000000,-9.402030,-0.013057,0.019718,-0.020784
1704886789,1144517,0.043096,-0.004788,-9.471462,-0.014922,0.017587,-0.024515
1704886789,1144540,0.081403,-0.011971,-9.490616,-0.015188,0.019985,-0.021850
1704886789,1144560,0.124498,-0.014365,-9.447520,-0.012790,0.011991,-0.020518
1704886789,1144580,0.035913,0.000000,-9.478644,-0.012524,0.016787,-0.020784
1704886789,1144601,0.050278,0.074220,-9.390059,-0.013057,0.016787,-0.022116
1704886789,1144621,0.074220,0.052672,-9.533711,-0.014389,0.016787,-0.023715
1704886789,1144641,0.000000,0.002394,-9.516952,-0.014389,0.017587,-0.021850
1704886789,1144664,0.031125,0.004788,-9.459491,-0.012257,0.019985,-0.021051
1704886789,1144684,0.023942,0.050278,-9.466674,-0.011991,0.015455,-0.021850
1704886789,1144705,0.086191,0.045490,-9.504981,-0.012790,0.017853,-0.021317
1704886789,1144725,0.011971,-0.007183,-9.473856,-0.016254,0.017853,-0.022383
1704886789,1144745,0.031125,-0.038307,-9.471462,-0.012257,0.017320,-0.024515
1704886789,1144766,0.031125,0.031125,-9.481039,-0.015455,0.021317,-0.023449
1704886789,1144786,0.000000,-0.002394,-9.440337,-0.015188,0.017320,-0.020518
1704886789,1144809,0.062249,0.045490,-9.461885,-0.015188,0.011724,-0.022916
1704886789,1144829,0.067038,-0.026336,-9.497798,-0.014123,0.017320,-0.019185
1704886789,1144849,0.057461,0.007183,-9.473856,-0.014922,0.018386,-0.024515
1704886789,1144870,0.011971,0.007183,-9.445126,-0.015188,0.019985,-0.021317
1704886789,1144890,0.016759,0.023942,-9.488221,-0.013057,0.019185,-0.019718
1704886789,1144910,0.067038,0.007183,-9.481039,-0.013057,0.017587,-0.023449
1704886789,1144931,0.026336,-0.002394,-9.433155,-0.014922,0.016254,-0.022649
1704886789,1144953,0.064643,-0.016759,-9.454702,-0.015988,0.016787,-0.021051
1704886789,1144974,-0.007183,0.000000,-9.466674,-0.014123,0.017853,-0.019718
1704886789,1144994,0.035913,-0.011971,-9.418790,-0.013856,0.015188,-0.021051
1704886789,1145014,0.035913,0.067038,-9.457097,-0.011458,0.016787,-0.022383
1704886790,1145035,0.050278,-0.062249,-9.299079,-0.012790,0.014655,-0.020518
1704886790,1145055,0.052672,0.031125,-9.428367,-0.012790,0.017853,-0.020251
1704886790,1145078,0.043096,-0.033519,-9.485827,-0.015188,0.018119,-0.019452
1704886790,1145098,0.038307,0.002394,-9.504981,-0.012524,0.019985,-0.021317
1704886790,1145118,0.021548,-0.050278,-9.406818,-0.013856,0.017320,-0.019718
1704886790,1145139,0.086191,0.009577,-9.485827,-0.012524,0.014123,-0.022116
1704886790,1145159,0.079009,-0.016759,-9.536105,-0.012524,0.018919,-0.021051
1704886790,1145179,0.088585,-0.009577,-9.399636,-0.013590,0.017054,-0.021317
1704886790,1145200,0.059855,-0.016759,-9.459491,-0.013057,0.012257,-0.021583
1704886790,1145222,0.081403,0.023942,-9.315839,-0.013323,0.018919,-0.022383
1704886790,1145243,0.069432,-0.007183,-9.555259,-0.015188,0.019185,-0.020784
1704886790,1145263,0.067038,-0.004788,-9.543288,-0.014389,0.015455,-0.022116
1704886790,1145283,0.043096,0.019154,-9.490616,-0.013590,0.016521,-0.020784
1704886790,1145304,0.057461,-0.059855,-9.418790,-0.011458,0.014922,-0.020784
1704886790,1145324,0.055067,-0.002394,-9.483433,-0.013323,0.021317,-0.024515
1704886790,1145344,0.014365,-0.009577,-9.504981,-0.010658,0.015455,-0.020518
1704886790,1145367,-0.009577,-0.047884,-9.461885,-0.013590,0.019985,-0.019718
1704886790,1145387,0.040701,-0.035913,-9.428367,-0.011724,0.016787,-0.021051
1704886790,1145408,0.083797,0.009577,-9.387665,-0.012790,0.015721,-0.018119
1704886790,1145428,0.016759,-0.014365,-9.569624,-0.014123,0.017853,-0.021583
1704886790,1145448,0.050278,0.019154,-9.425972,-0.013323,0.019185,-0.022383
1704886790,1145469,0.069432,0.002394,-9.500193,-0.013856,0.019185,-0.023715
1704886790,1145491,0.059855,-0.002394,-9.411607,-0.014655,0.012790,-0.021583
1704886790,1145512,0.076614,-0.028730,-9.464279,-0.014123,0.017054,-0.023715
1704886790,1145532,0.129287,-0.014365,-9.437943,-0.013590,0.020784,-0.020784
1704886790,1145553,0.102951,0.000000,-9.516952,-0.014123,0.021317,-0.022116
1704886790,1145574,0.050278,-0.055067,-9.437943,-0.014655,0.017054,-0.023449
1704886790,1145594,0.026336,0.069432,-9.464279,-0.014655,0.018386,-0.018652
1704886790,1145615,0.050278,0.023942,-9.334992,-0.010392,0.018386,-0.019452
1704886790,1145638,0.038307,0.079009,-9.382876,-0.015988,0.016254,-0.022649
1704886790,1145658,0.114922,-0.011971,-9.457097,-0.013590,0.017054,-0.023982
1704886790,1145679,0.000000,-0.045490,-9.490616,-0.016521,0.018119,-0.021850
1704886790,1145700,0.045490,0.007183,-9.526528,-0.014123,0.017853,-0.021850
1704886790,1145720,0.067038,0.038307,-9.440337,-0.014922,0.018652,-0.021583
1704886790,1145741,0.067038,0.004788,-9.445126,-0.014922,0.016521,-0.021317
1704886790,1145761,0.055067,0.011971,-9.442732,-0.014922,0.018119,-0.022383
1704886790,1145785,-0.028730,0.064643,-9.454702,-0.014655,0.018652,-0.020251
1704886790,1145805,0.038307,0.026336,-9.569624,-0.010925,0.019185,-0.020784
1704886790,1145826,0.000000,0.009577,-9.402030,-0.015188,0.016254,-0.022116
1704886790,1145846,-0.021548,-0.002394,-9.418790,-0.014123,0.015988,-0.021850
1704886790,1145867,0.007183,-0.031125,-9.478644,-0.011458,0.020251,-0.022916
1704886790,1145888,0.117316,-0.016759,-9.437943,-0.013856,0.018119,-0.022116
1704886790,1145908,0.014365,0.004788,-9.497798,-0.011724,0.015988,-0.021051
1704886790,1145931,-0.014365,-0.016759,-9.440337,-0.014123,0.015988,-0.020784
1704886790,1145952,0.038307,0.052672,-9.411607,-0.011458,0.018119,-0.024515
1704886790,1145973,0.074220,-0.033519,-9.454702,-0.014655,0.017054,-0.024248
1704886790,1145993,0.043096,-0.004788,-9.430760,-0.013856,0.020518,-0.024248
1704886790,1146014,0.028730,-0.016759,-9.414001,-0.014123,0.018119,-0.024248
1704886791,1146035,0.055067,0.038307,-9.437943,-0.014655,0.018919,-0.020518
1704886791,1146058,0.093374,0.019154,-9.476251,-0.013323,0.017320,-0.020518
1704886791,1146078,0.069432,-0.031125,-9.406818,-0.013323,0.015988,-0.022383
1704886791,1146099,0.086191,-0.011971,-9.493010,-0.008527,0.015188,-0.022116
1704886791,1146120,0.031125,-0.038307,-9.430760,-0.013057,0.015988,-0.022383
1704886791,1146140,0.057461,0.035913,-9.536105,-0.013323,0.016521,-0.024781
1704886791,1146161,0.069432,-0.014365,-9.528923,-0.012524,0.016254,-0.021583
1704886791,1146181,0.045490,0.035913,-9.452309,-0.014922,0.018919,-0.021850
1704886791,1146205,0.023942,-0.019154,-9.279925,-0.014389,0.017853,-0.023449
1704886791,1146225,0.126893,-0.021548,-9.497798,-0.011458,0.016521,-0.019718
1704886791,1146246,0.093374,-0.007183,-9.490616,-0.017853,0.021317,-0.021583
1704886791,1146266,0.047884,-0.043096,-9.425972,-0.015188,0.018119,-0.023182
1704886791,1146287,0.052672,-0.040701,-9.516952,-0.013323,0.019985,-0.023715
1704886791,1146308,0.050278,0.038307,-9.490616,-0.016787,0.013856,-0.022916
1704886791,1146328,0.045490,0.007183,-9.445126,-0.014123,0.018119,-0.024248
1704886791,1146351,0.076614,0.031125,-9.433155,-0.014655,0.017320,-0.021317
1704886791,1146372,0.043096,-0.023942,-9.512163,-0.011191,0.015721,-0.024248
1704886791,1146393,0.016759,0.035913,-9.483433,-0.013590,0.017054,-0.020518
1704886791,1146413,0.076614,-0.059855,-9.430760,-0.010925,0.020784,-0.021850
1704886791,1146434,0.095768,-0.021548,-9.504981,-0.013590,0.019718,-0.022916
1704886791,1146455,0.047884,0.014365,-9.493010,-0.011724,0.019718,-0.024515
1704886791,1146478,0.057461,-0.028730,-9.375694,-0.013856,0.017054,-0.022649
1704886791,1146498,0.011971,-0.014365,-9.521740,-0.013590,0.019718,-0.020518
1704886791,1146519,0.040701,0.009577,-9.516952,-0.015721,0.019185,-0.022649
1704886791,1146539,0.040701,-0.067038,-9.440337,-0.014389,0.021317,-0.022649
1704886791,1146560,0.057461,-0.062249,-9.524135,-0.010658,0.019185,-0.025314
1704886791,1146581,0.040701,0.009577,-9.425972,-0.013323,0.018652,-0.017853
1704886791,1146601,0.095768,0.055067,-9.382876,-0.013323,0.018386,-0.020518
1704886791,1146632,0.122104,0.038307,-9.471462,-0.012790,0.015988,-0.021583
1704886791,1146653,0.047884,0.011971,-9.466674,-0.014389,0.019718,-0.022383
1704886791,1146674,0.093374,-0.055067,-9.516952,-0.013590,0.018919,-0.022116
1704886791,1146694,0.047884,-0.016759,-9.409213,-0.014389,0.015188,-0.020518
1704886791,1146714,0.102951,0.038307,-9.495404,-0.014123,0.018652,-0.021850
1704886791,1146735,0.100556,0.031125,-9.461885,-0.013856,0.017853,-0.020518
1704886791,1146755,0.064643,-0.023942,-9.464279,-0.013323,0.016787,-0.023449
1704886791,1146777,0.016759,0.050278,-9.447520,-0.015188,0.016787,-0.022383
1704886791,1146798,0.026336,0.033519,-9.514558,-0.016787,0.020251,-0.021051
1704886791,1146818,0.045490,0.047884,-9.363723,-0.014389,0.017054,-0.023982
1704886791,1146839,0.035913,-0.016759,-9.454702,-0.015721,0.017320,-0.024248
1704886791,1146859,0.076614,0.023942,-9.469068,-0.011991,0.014922,-0.022649
1704886791,1146879,0.026336,-0.007183,-9.380483,-0.013856,0.017320,-0.023715
1704886791,1146902,0.031125,0.035913,-9.519346,-0.010925,0.015721,-0.023182
1704886791,1146922,0.062249,-0.002394,-9.339781,-0.014123,0.020251,-0.022649
1704886791,1146943,0.047884,-0.004788,-9.404425,-0.016787,0.018919,-0.021850
1704886791,1146963,0.071826,0.021548,-9.478644,-0.015988,0.019718,-0.022649
1704886791,1146983,0.059855,-0.021548,-9.502586,-0.011991,0.020784,-0.022116
1704886791,1147015,0.052672,0.000000,-9.442732,-0.012790,0.019185,-0.024515
1704886792,1147035,0.098162,-0.040701,-9.414001,-0.011991,0.019985,-0.022116
1704886792,1147057,0.040701,0.023942,-9.452309,-0.015988,0.018119,-0.019985
1704886792,1147078,0.095768,0.007183,-9.442732,-0.013323,0.019452,-0.020784
1704886792,1147098,0.079009,0.055067,-9.533711,-0.013590,0.014655,-0.021583
1704886792,1147118,0.105345,-0.038307,-9.497798,-0.010925,0.015188,-0.023182
1704886792,1147139,0.064643,0.028730,-9.473856,-0.014922,0.016254,-0.022116
1704886792,1147159,0.050278,-0.055067,-9.382876,-0.011724,0.018119,-0.018119
1704886792,1147179,0.033519,-0.007183,-9.483433,-0.015988,0.019985,-0.019718
1704886792,1147202,0.126893,-0.009577,-9.473856,-0.013590,0.019452,-0.022116
1704886792,1147222,0.028730,-0.033519,-9.428367,-0.015188,0.016521,-0.021051
1704886792,1147242,0.112527,0.026336,-9.591172,-0.012524,0.016521,-0.023449
1704886792,1147263,0.052672,0.002394,-9.516952,-0.011724,0.016787,-0.022383
1704886792,1147283,0.021548,-0.050278,-9.469068,-0.013590,0.019718,-0.022649
1704886792,1147303,0.043096,0.009577,-9.402030,-0.013323,0.017853,-0.022383
1704886792,1147326,0.083797,0.038307,-9.414001,-0.011724,0.017853,-0.022916
1704886792,1147346,-0.011971,-0.052672,-9.552865,-0.013856,0.015988,-0.023449
1704886792,1147367,0.045490,-0.057461,-9.392453,-0.013590,0.016787,-0.021850
1704886792,1147387,0.076614,0.016759,-9.437943,-0.011724,0.016787,-0.021850
1704886792,1147408,0.052672,-0.019154,-9.536105,-0.012790,0.015988,-0.021850
1704886792,1147428,0.055067,0.016759,-9.473856,-0.016787,0.017853,-0.020251
1704886792,1147448,0.045490,0.000000,-9.449914,-0.014389,0.017587,-0.022383
1704886792,1147471,0.069432,0.035913,-9.574412,-0.013323,0.018119,-0.023182
1704886792,1147491,0.059855,-0.021548,-9.406818,-0.014922,0.020784,-0.022383
1704886792,1147512,0.043096,0.045490,-9.437943,-0.011458,0.018652,-0.024248
1704886792,1147532,0.064643,-0.002394,-9.519346,-0.011458,0.019452,-0.020518
1704886792,1147552,0.019154,0.016759,-9.447520,-0.011458,0.014655,-0.023715
1704886792,1147573,0.090980,-0.019154,-9.416395,-0.014922,0.021583,-0.019185
1704886792,1147593,0.043096,-0.040701,-9.476251,-0.014389,0.014922,-0.021051
1704886792,1147616,0.055067,0.052672,-9.497798,-0.014123,0.013590,-0.021850
1704886792,1147636,0.023942,0.002394,-9.454702,-0.010925,0.017853,-0.021051
1704886792,1147656,0.067038,-0.019154,-9.531317,-0.013590,0.015455,-0.025314
1704886792,1147676,0.074220,-0.023942,-9.481039,-0.016521,0.016787,-0.023449
1704886792,1147697,0.059855,-0.026336,-9.418790,-0.013057,0.017054,-0.023182
1704886792,1147717,0.050278,0.016759,-9.435549,-0.014922,0.015188,-0.022649
1704886792,1147737,0.062249,0.040701,-9.464279,-0.011724,0.018119,-0.025047
1704886792,1147756,0.081403,0.009577,-9.440337,-0.015721,0.018652,-0.024248
1704886792,1147777,0.055067,0.076614,-9.332599,-0.014389,0.014389,-0.022116
1704886792,1147798,0.047884,0.035913,-9.349358,-0.013057,0.018652,-0.021051
1704886792,1147818,-0.052672,0.016759,-9.476251,-0.013856,0.020518,-0.021051
1704886792,1147839,0.067038,-0.033519,-9.454702,-0.011724,0.022916,-0.022383
1704886792,1147859,0.038307,0.014365,-9.500193,-0.012790,0.015455,-0.021317
1704886792,1147882,0.045490,-0.026336,-9.385271,-0.015455,0.014389,-0.023449
1704886792,1147903,0.033519,0.014365,-9.550470,-0.015988,0.016521,-0.021051
1704886792,1147923,0.031125,-0.047884,-9.490616,-0.014922,0.016521,-0.024515
1704886792,1147944,0.064643,-0.009577,-9.464279,-0.015455,0.015188,-0.022116
1704886792,1147965,0.038307,0.028730,-9.464279,-0.013590,0.018652,-0.020251
1704886792,1147985,0.062249,0.014365,-9.552865,-0.012524,0.017054,-0.022383
1704886792,1148006,0.059855,0.038307,-9.516952,-0.013057,0.017054,-0.023449
1704886792,1148029,0.067038,-0.009577,-9.440337,-0.015721,0.016521,-0.023715
1704886793,1148050,0.069432,-0.019154,-9.433155,-0.009593,0.019452,-0.017587
1704886793,1148070,0.114922,0.007183,-9.478644,-0.013057,0.017320,-0.021850
1704886793,1148091,0.067038,-0.033519,-9.466674,-0.014922,0.021051,-0.023982
1704886793,1148112,0.074220,-0.031125,-9.449914,-0.014922,0.017853,-0.023182
1704886793,1148132,0.033519,-0.007183,-9.430760,-0.009060,0.018919,-0.019718
1704886793,1148153,0.062249,-0.035913,-9.411607,-0.014655,0.018919,-0.022383
1704886793,1148176,0.023942,0.007183,-9.466674,-0.011724,0.016521,-0.025047
1704886793,1148197,0.004788,0.019154,-9.521740,-0.011458,0.018919,-0.022116
1704886793,1148217,0.057461,0.016759,-9.358934,-0.013856,0.020518,-0.021850
1704886793,1148238,0.040701,-0.021548,-9.521740,-0.013856,0.015721,-0.022916
1704886793,1148258,0.019154,0.011971,-9.478644,-0.014922,0.019452,-0.024248
1704886793,1148279,0.055067,0.002394,-9.495404,-0.013856,0.018652,-0.018386
1704886793,1148302,0.004788,-0.016759,-9.425972,-0.014922,0.014922,-0.023715
1704886793,1148323,0.023942,0.031125,-9.440337,-0.013057,0.016521,-0.022383
1704886793,1148343,0.004788,-0.047884,-9.440337,-0.013856,0.024781,-0.022916
1704886793,1148364,0.052672,-0.026336,-9.531317,-0.013323,0.019185,-0.021051
1704886793,1148385,0.035913,-0.045490,-9.488221,-0.014655,0.018119,-0.021317
1704886793,1148405,0.057461,0.050278,-9.440337,-0.014123,0.015988,-0.020518
1704886793,1148426,0.043096,0.011971,-9.471462,-0.014123,0.014123,-0.026646
1704886793,1148449,0.055067,0.074220,-9.425972,-0.011724,0.017320,-0.022649
1704886793,1148470,0.083797,0.026336,-9.519346,-0.013057,0.019452,-0.020518
1704886793,1148490,0.052672,-0.016759,-9.485827,-0.011724,0.016787,-0.023449
1704886793,1148511,0.043096,0.045490,-9.502586,-0.013856,0.017853,-0.021583
1704886793,1148532,0.086191,-0.014365,-9.346964,-0.013590,0.018386,-0.021850
1704886793,1148552,0.076614,-0.031125,-9.526528,-0.012257,0.013590,-0.022649
1704886793,1148573,0.052672,-0.057461,-9.416395,-0.011991,0.014123,-0.023982
1704886793,1148596,0.028730,-0.057461,-9.495404,-0.013323,0.017587,-0.020251
1704886793,1148617,0.047884,-0.007183,-9.428367,-0.014123,0.017054,-0.022383
1704886793,1148637,0.038307,0.002394,-9.528923,-0.016787,0.018119,-0.021583
1704886793,1148658,0.026336,-0.021548,-9.521740,-0.013590,0.017320,-0.021583
1704886793,1148679,0.047884,-0.014365,-9.423578,-0.010925,0.018652,-0.026113
1704886793,1148699,0.083797,0.067038,-9.409213,-0.013856,0.017587,-0.022116
1704886793,1148722,0.052672,-0.035913,-9.466674,-0.011724,0.016787,-0.021583
1704886793,1148743,0.088585,0.007183,-9.509769,-0.013057,0.017054,-0.021583
1704886793,1148763,0.038307,0.052672,-9.346964,-0.013057,0.016254,-0.023182
1704886793,1148784,-0.007183,0.016759,-9.423578,-0.014922,0.019185,-0.023715
1704886793,1148804,0.076614,-0.026336,-9.457097,-0.014389,0.017054,-0.021051
1704886793,1148825,0.067038,0.028730,-9.495404,-0.014123,0.020784,-0.022383
1704886793,1148846,0.076614,0.033519,-9.495404,-0.013590,0.015988,-0.023182
1704886793,1148876,0.069432,-0.035913,-9.481039,-0.014389,0.015188,-0.022649
1704886793,1148898,0.019154,-0.011971,-9.373300,-0.014123,0.021051,-0.021317
1704886793,1148918,0.076614,-0.028730,-9.485827,-0.014922,0.018652,-0.022649
1704886793,1148938,0.071826,0.004788,-9.411607,-0.014922,0.016787,-0.023715
1704886793,1148958,0.045490,-0.040701,-9.495404,-0.012524,0.015188,-0.021583
1704886793,1148979,0.062249,0.040701,-9.552865,-0.011724,0.019452,-0.021317
1704886793,1148999,0.031125,0.038307,-9.481039,-0.011458,0.019452,-0.021317
1704886793,1149022,0.045490,0.016759,-9.478644,-0.015188,0.021850,-0.022649
1704886794,1149042,0.067038,0.009577,-9.473856,-0.012790,0.019185,-0.020518
1704886794,1149062,0.074220,-0.009577,-9.533711,-0.012257,0.016787,-0.019452
1704886794,1149083,0.055067,-0.026336,-9.440337,-0.014389,0.015455,-0.022116
1704886794,1149103,0.035913,-0.019154,-9.502586,-0.015455,0.016254,-0.024248
1704886794,1149123,0.083797,-0.033519,-9.449914,-0.013590,0.018386,-0.023449
1704886794,1149146,0.057461,0.007183,-9.414001,-0.015455,0.017587,-0.024515
1704886794,1149166,0.028730,-0.026336,-9.421184,-0.012257,0.018652,-0.022916
1704886794,1149187,0.090980,-0.014365,-9.509769,-0.011991,0.012524,-0.023449
1704886794,1149207,-0.021548,-0.009577,-9.473856,-0.015455,0.018119,-0.019185
1704886794,1149227,0.069432,0.000000,-9.519346,-0.015455,0.018652,-0.022649
1704886794,1149248,0.023942,-0.043096,-9.500193,-0.012790,0.016254,-0.020784
1704886794,1149268,0.064643,-0.014365,-9.579201,-0.014123,0.019718,-0.021051
1704886794,1149291,0.002394,0.023942,-9.399636,-0.012257,0.014655,-0.024248
1704886794,1149311,0.031125,0.011971,-9.548077,-0.017054,0.014922,-0.023182
1704886794,1149331,0.095768,-0.014365,-9.488221,-0.014123,0.018652,-0.023715
1704886794,1149352,0.067038,0.021548,-9.445126,-0.014389,0.014655,-0.020784
1704886794,1149372,0.079009,-0.023942,-9.445126,-0.014922,0.016787,-0.018919
1704886794,1149392,0.038307,0.009577,-9.545682,-0.015455,0.015721,-0.021583
1704886794,1149413,0.069432,0.035913,-9.497798,-0.013590,0.014922,-0.022116
1704886794,1149435,0.062249,0.009577,-9.459491,-0.012257,0.017853,-0.023182
1704886794,1149456,0.045490,-0.014365,-9.502586,-0.009060,0.020251,-0.021051
1704886794,1149476,0.110133,-0.019154,-9.449914,-0.011191,0.018919,-0.022916
1704886794,1149496,0.069432,-0.071826,-9.454702,-0.011991,0.017320,-0.020784
1704886794,1149517,0.083797,-0.019154,-9.502586,-0.012524,0.021317,-0.023715
1704886794,1149537,0.052672,0.028730,-9.373300,-0.014922,0.019985,-0.023982
1704886794,1149560,0.050278,-0.019154,-9.531317,-0.014922,0.019718,-0.022383
1704886794,1149580,0.050278,-0.011971,-9.471462,-0.015188,0.019185,-0.021051
1704886794,1149601,0.004788,-0.047884,-9.399636,-0.013323,0.018386,-0.021317
1704886794,1149621,-0.019154,0.009577,-9.411607,-0.014389,0.015721,-0.021317
1704886794,1149641,0.086191,0.057461,-9.488221,-0.014922,0.018652,-0.025047
1704886794,1149662,0.014365,0.021548,-9.502586,-0.011991,0.017853,-0.022116
1704886794,1149682,0.107739,0.045490,-9.423578,-0.013057,0.020518,-0.023182
1704886794,1149705,0.038307,0.009577,-9.497798,-0.016521,0.018652,-0.023449
1704886794,1149725,0.021548,0.057461,-9.457097,-0.013323,0.020518,-0.022116
1704886794,1149745,0.086191,0.021548,-9.447520,-0.013323,0.019185,-0.019452
1704886794,1149766,0.079009,0.000000,-9.528923,-0.015455,0.017853,-0.021583
1704886794,1149786,0.055067,0.062249,-9.442732,-0.011458,0.017054,-0.024248
1704886794,1149806,0.112527,0.004788,-9.368511,-0.012257,0.021850,-0.022916
1704886794,1149827,0.031125,-0.002394,-9.483433,-0.014922,0.019185,-0.020518
1704886794,1149849,0.040701,-0.067038,-9.478644,-0.013856,0.019185,-0.021051
1704886794,1149869,0.090980,-0.021548,-9.478644,-0.013323,0.019452,-0.021051
1704886794,1149890,0.011971,0.038307,-9.380483,-0.011991,0.018119,-0.021850
1704886794,1149910,0.033519,0.021548,-9.411607,-0.010925,0.018386,-0.020784
1704886794,1149930,0.038307,-0.033519,-9.464279,-0.013057,0.020251,-0.023715
1704886794,1149951,-0.002394,0.007183,-9.473856,-0.015188,0.018919,-0.021850
1704886794,1149971,0.069432,-0.038307,-9.454702,-0.015455,0.016254,-0.022916
1704886794,1149994,0.023942,0.026336,-9.442732,-0.011458,0.019985,-0.023182
1704886794,1150014,0.019154,-0.004788,-9.481039,-0.012257,0.018919,-0.020518
1704886795,1150035,0.038307,0.011971,-9.488221,-0.011991,0.018386,-0.024515
1704886795,1150055,0.093374,0.026336,-9.497798,-0.012524,0.018386,-0.020784
1704886795,1150076,-0.021548,0.009577,-9.416395,-0.013590,0.017054,-0.024515
1704886795,1150097,0.074220,0.009577,-9.430760,-0.015188,0.017587,-0.020518
1704886795,1150120,0.035913,0.000000,-9.440337,-0.011458,0.019718,-0.021850
1704886795,1150140,0.040701,-0.031125,-9.497798,-0.013856,0.022116,-0.022383
1704886795,1150161,0.055067,0.059855,-9.385271,-0.013057,0.020518,-0.023982
1704886795,1150182,0.031125,-0.004788,-9.437943,-0.013323,0.017054,-0.016787
1704886795,1150202,-0.031125,-0.040701,-9.481039,-0.012257,0.020518,-0.022383
1704886795,1150223,0.071826,0.004788,-9.459491,-0.010392,0.018652,-0.022916
1704886795,1150244,0.000000,-0.007183,-9.425972,-0.011991,0.020251,-0.021583
1704886795,1150267,0.071826,-0.011971,-9.490616,-0.016787,0.019452,-0.022116
1704886795,1150287,0.076614,0.016759,-9.421184,-0.010658,0.016787,-0.023182
1704886795,1150308,0.064643,0.019154,-9.385271,-0.012257,0.012790,-0.020784
1704886795,1150329,0.004788,0.050278,-9.471462,-0.013590,0.017320,-0.020251
1704886795,1150349,0.031125,-0.081403,-9.397242,-0.011724,0.018919,-0.021850
1704886795,1150370,0.074220,-0.040701,-9.375694,-0.010658,0.019185,-0.021583
1704886795,1150391,0.026336,0.002394,-9.490616,-0.013323,0.019985,-0.020784
1704886795,1150414,0.062249,-0.023942,-9.414001,-0.012790,0.018119,-0.022383
1704886795,1150434,0.047884,-0.040701,-9.433155,-0.013057,0.016521,-0.020518
1704886795,1150455,0.026336,-0.033519,-9.500193,-0.015188,0.012524,-0.020518
1704886795,1150476,0.026336,0.019154,-9.514558,-0.014655,0.018119,-0.020518
1704886795,1150496,0.079009,0.059855,-9.454702,-0.012257,0.016254,-0.023982
1704886795,1150517,0.028730,-0.031125,-9.416395,-0.013856,0.015988,-0.022649
1704886795,1150540,0.045490,0.026336,-9.469068,-0.014123,0.019452,-0.019718
1704886795,1150561,0.081403,0.004788,-9.524135,-0.011724,0.015455,-0.022916
1704886795,1150582,0.064643,0.004788,-9.440337,-0.013856,0.015455,-0.021583
1704886795,1150602,0.031125,0.014365,-9.435549,-0.013057,0.015721,-0.023982
1704886795,1150623,0.098162,-0.081403,-9.435549,-0.012524,0.019185,-0.019985
1704886795,1150643,-0.002394,-0.026336,-9.497798,-0.013590,0.017853,-0.021317
1704886795,1150664,0.011971,-0.004788,-9.495404,-0.014655,0.015455,-0.023449
1704886795,1150687,0.016759,0.040701,-9.459491,-0.011991,0.014389,-0.022383
1704886795,1150708,0.028730,-0.021548,-9.390059,-0.014123,0.016787,-0.020251
1704886795,1150728,0.083797,0.035913,-9.478644,-0.010658,0.014389,-0.019185
1704886795,1150749,0.028730,0.035913,-9.516952,-0.012524,0.011991,-0.023715
1704886795,1150770,0.102951,0.014365,-9.478644,-0.014655,0.018652,-0.022916
1704886795,1150790,0.069432,0.052672,-9.495404,-0.013323,0.016254,-0.022383
1704886795,1150811,0.038307,0.007183,-9.428367,-0.013323,0.015988,-0.020784
1704886795,1150834,0.062249,-0.033519,-9.442732,-0.013590,0.015455,-0.022649
1704886795,1150855,0.038307,-0.038307,-9.488221,-0.015721,0.019985,-0.023182
1704886795,1150875,0.057461,0.014365,-9.488221,-0.012257,0.017587,-0.021850
1704886795,1150896,0.067038,0.011971,-9.454702,-0.012257,0.017853,-0.023715
1704886795,1150916,0.011971,-0.007183,-9.500193,-0.013856,0.019985,-0.021583
1704886795,1150937,0.057461,-0.031125,-9.495404,-0.012790,0.018919,-0.020784
1704886795,1150960,0.047884,0.040701,-9.495404,-0.014389,0.015455,-0.019985
1704886795,1150981,0.045490,-0.021548,-9.476251,-0.013057,0.018919,-0.022916
1704886795,1151001,0.062249,0.040701,-9.466674,-0.014922,0.016254,-0.022383
1704886795,1151022,0.071826,0.062249,-9.440337,-0.015988,0.016521,-0.020784
1704886796,1151042,0.069432,-0.014365,-9.512163,-0.011991,0.018386,-0.020784
1704886796,1151063,0.071826,0.043096,-9.512163,-0.012257,0.015721,-0.020251
1704886796,1151084,0.038307,0.009577,-9.411607,-0.011991,0.018919,-0.020518
1704886796,1151114,0.016759,-0.014365,-9.483433,-0.013590,0.015721,-0.021583
1704886796,1151136,0.043096,0.031125,-9.385271,-0.012790,0.018119,-0.023982
1704886796,1151156,0.076614,-0.031125,-9.366117,-0.013057,0.019185,-0.023449
1704886796,1151176,0.059855,-0.002394,-9.346964,-0.013057,0.017587,-0.023715
1704886796,1151196,0.150835,0.035913,-9.516952,-0.013590,0.018386,-0.019718
1704886796,1151217,0.028730,0.052672,-9.583989,-0.014123,0.019185,-0.019718
1704886796,1151237,0.033519,-0.011971,-9.682152,-0.014389,0.017853,-0.023715
1704886796,1151260,0.083797,-0.033519,-9.270349,-0.013323,0.015988,-0.025047
1704886796,1151280,0.102951,-0.028730,-9.557653,-0.013856,0.013856,-0.024248
1704886796,1151300,0.076614,-0.014365,-9.504981,-0.011724,0.015188,-0.022649
1704886796,1151321,0.016759,-0.004788,-9.560047,-0.014389,0.015721,-0.020518
1704886796,1151341,0.031125,-0.009577,-9.368511,-0.014922,0.015455,-0.019985
1704886796,1151361,0.033519,-0.038307,-9.423578,-0.013590,0.017853,-0.023982
1704886796,1151384,0.038307,0.014365,-9.459491,-0.013323,0.013057,-0.023182
1704886796,1151404,0.081403,0.000000,-9.564836,-0.015988,0.014655,-0.024781
1704886796,1151425,0.062249,0.014365,-9.447520,-0.012257,0.019985,-0.023449
1704886796,1151445,0.035913,-0.004788,-9.440337,-0.013590,0.017587,-0.021850
1704886796,1151465,0.088585,0.014365,-9.478644,-0.012524,0.017320,-0.023449
1704886796,1151486,0.067038,0.004788,-9.366117,-0.013323,0.021850,-0.024781
1704886796,1151506,0.148441,-0.045490,-9.528923,-0.011991,0.019452,-0.019985
1704886796,1151529,-0.002394,0.000000,-9.485827,-0.015721,0.019185,-0.019718
1704886796,1151549,0.043096,0.038307,-9.344569,-0.011724,0.017853,-0.025047
1704886796,1151569,0.031125,0.028730,-9.562442,-0.013323,0.019718,-0.021051
1704886796,1151590,0.090980,0.000000,-9.425972,-0.013856,0.020518,-0.016787
1704886796,1151610,0.014365,0.028730,-9.583989,-0.014389,0.017320,-0.019452
1704886796,1151630,0.021548,0.011971,-9.229648,-0.013590,0.016521,-0.023449
1704886796,1151651,0.081403,-0.011971,-9.715671,-0.009859,0.018652,-0.019718
1704886796,1151673,0.047884,-0.035913,-9.593566,-0.014389,0.018652,-0.021317
1704886796,1151694,0.050278,0.038307,-9.344569,-0.013856,0.019185,-0.021051
1704886796,1151714,0.019154,-0.014365,-9.658210,-0.011191,0.017853,-0.020784
1704886796,1151734,0.062249,-0.019154,-9.447520,-0.012524,0.017054,-0.019452
1704886796,1151755,0.026336,0.011971,-9.531317,-0.011191,0.019185,-0.024781
1704886796,1151775,0.000000,-0.023942,-9.461885,-0.013856,0.015988,-0.021583
1704886796,1151795,0.031125,0.038307,-9.481039,-0.014123,0.017587,-0.022116
1704886796,1151818,-0.007183,0.028730,-9.576807,-0.014655,0.017853,-0.021850
1704886796,1151838,0.009577,-0.011971,-9.287108,-0.012524,0.022383,-0.023449
1704886796,1151859,0.009577,0.019154,-9.394848,-0.014123,0.019185,-0.023982
1704886796,1151879,0.081403,-0.019154,-9.423578,-0.014123,0.016787,-0.021317
1704886796,1151899,0.062249,-0.038307,-9.500193,-0.014389,0.017320,-0.021317
1704886796,1151920,0.102951,0.026336,-9.435549,-0.013856,0.019185,-0.021583
1704886796,1151942,0.023942,-0.050278,-9.550470,-0.010126,0.015988,-0.020251
1704886796,1151963,0.026336,0.031125,-9.481039,-0.011458,0.019452,-0.023449
1704886796,1151983,0.090980,-0.004788,-9.500193,-0.015455,0.018919,-0.021051
1704886796,1152003,0.064643,0.000000,-9.481039,-0.010392,0.016787,-0.022916
1704886796,1152024,0.050278,0.016759,-9.437943,-0.013856,0.016521,-0.022116
1704886797,1152044,0.071826,-0.007183,-9.500193,-0.015188,0.013323,-0.022916
1704886797,1152064,0.009577,0.028730,-9.471462,-0.014922,0.019718,-0.021850
1704886797,1152087,0.019154,0.007183,-9.497798,-0.014123,0.019185,-0.023182
1704886797,1152107,0.050278,0.014365,-9.557653,-0.010658,0.018119,-0.021051
1704886797,1152128,0.045490,-0.023942,-9.507375,-0.012257,0.016521,-0.022649
1704886797,1152148,0.086191,0.009577,-9.543288,-0.011724,0.019452,-0.022383
1704886797,1152168,0.038307,-0.009577,-9.437943,-0.013590,0.015988,-0.022916
1704886797,1152188,0.069432,-0.004788,-9.449914,-0.014389,0.021317,-0.023449
1704886797,1152209,0.067038,-0.028730,-9.437943,-0.012790,0.015188,-0.023715
1704886797,1152231,0.074220,0.021548,-9.567230,-0.013323,0.014655,-0.019185
1704886797,1152252,0.064643,-0.026336,-9.423578,-0.010126,0.015988,-0.022916
1704886797,1152272,0.076614,-0.040701,-9.394848,-0.012524,0.018652,-0.021583
1704886797,1152293,0.019154,-0.007183,-9.610326,-0.013057,0.017853,-0.024515
1704886797,1152314,-0.007183,0.000000,-9.473856,-0.014655,0.015188,-0.023449
1704886797,1152334,0.028730,-0.019154,-9.394848,-0.012257,0.015455,-0.020251
1704886797,1152357,0.050278,-0.023942,-9.464279,-0.012257,0.015988,-0.023449
1704886797,1152378,0.019154,-0.028730,-9.339781,-0.013323,0.016521,-0.022649
1704886797,1152398,0.069432,0.009577,-9.490616,-0.015721,0.012790,-0.021317
1704886797,1152419,0.067038,-0.026336,-9.433155,-0.014123,0.016787,-0.022916
1704886797,1152440,0.043096,0.009577,-9.428367,-0.013057,0.017853,-0.022649
1704886797,1152461,-0.014365,-0.011971,-9.514558,-0.014123,0.015188,-0.024781
1704886797,1152481,0.019154,0.021548,-9.464279,-0.011724,0.019185,-0.022916
1704886797,1152504,0.043096,0.011971,-9.449914,-0.015188,0.017320,-0.027712
1704886797,1152525,0.095768,0.031125,-9.385271,-0.015988,0.017587,-0.020518
1704886797,1152546,0.059855,0.011971,-9.459491,-0.014389,0.017054,-0.021051
1704886797,1152566,-0.002394,0.016759,-9.476251,-0.012790,0.022116,-0.020784
1704886797,1152587,-0.004788,0.000000,-9.485827,-0.013856,0.018919,-0.023449
1704886797,1152607,0.033519,-0.019154,-9.402030,-0.011191,0.015721,-0.022649
1704886797,1152628,0.071826,-0.033519,-9.533711,-0.016254,0.012524,-0.021850
1704886797,1152651,0.100556,0.028730,-9.414001,-0.014123,0.018386,-0.023182
1704886797,1152672,0.045490,0.040701,-9.478644,-0.012790,0.017054,-0.022649
1704886797,1152692,0.074220,0.002394,-9.411607,-0.014655,0.018652,-0.024515
1704886797,1152713,0.038307,-0.067038,-9.423578,-0.014123,0.017587,-0.020251
1704886797,1152734,0.043096,-0.007183,-9.569624,-0.013057,0.018386,-0.024248
1704886797,1152754,0.031125,-0.014365,-9.452309,-0.013590,0.016254,-0.024515
1704886797,1152777,0.050278,0.002394,-9.387665,-0.011458,0.014655,-0.019452
1704886797,1152798,0.007183,0.026336,-9.356541,-0.017054,0.015721,-0.022383
1704886797,1152819,0.083797,-0.007183,-9.469068,-0.013057,0.019452,-0.022383
1704886797,1152839,0.064643,0.007183,-9.442732,-0.013590,0.018919,-0.022916
1704886797,1152860,0.035913,0.009577,-9.327810,-0.013856,0.017587,-0.022383
1704886797,1152880,0.055067,-0.021548,-9.459491,-0.012524,0.017853,-0.022116
1704886797,1152901,0.055067,0.026336,-9.469068,-0.014655,0.019452,-0.023182
1704886797,1152924,0.083797,0.023942,-9.351752,-0.016787,0.018119,-0.021051
1704886797,1152945,0.095768,0.038307,-9.406818,-0.012790,0.018386,-0.023182
1704886797,1152965,0.076614,0.004788,-9.392453,-0.013057,0.015188,-0.021850
1704886797,1152986,0.007183,0.009577,-9.478644,-0.013323,0.021317,-0.024515
1704886797,1153007,0.023942,0.021548,-9.449914,-0.013057,0.017320,-0.021317
1704886797,1153027,0.055067,-0.014365,-9.562442,-0.013057,0.014655,-0.018652
1704886798,1153048,0.031125,0.002394,-9.402030,-0.014655,0.017320,-0.023182
1704886798,1153071,0.055067,0.064643,-9.504981,-0.014922,0.022116,-0.023715
1704886798,1153092,0.016759,-0.040701,-9.516952,-0.015455,0.018119,-0.022383
1704886798,1153112,0.105345,0.026336,-9.409213,-0.013856,0.015988,-0.025314
1704886798,1153133,0.004788,0.000000,-9.425972,-0.014922,0.019452,-0.022383
1704886798,1153154,0.047884,0.000000,-9.449914,-0.013856,0.019452,-0.021583
1704886798,1153174,0.129287,-0.028730,-9.483433,-0.015188,0.016254,-0.022916
1704886798,1153197,0.067038,0.038307,-9.363723,-0.015455,0.019452,-0.021850
1704886798,1153218,0.045490,-0.031125,-9.512163,-0.011191,0.015988,-0.021051
1704886798,1153238,0.019154,-0.011971,-9.414001,-0.012790,0.020784,-0.020518
1704886798,1153259,0.007183,0.011971,-9.411607,-0.016787,0.015455,-0.025847
1704886798,1153279,0.095768,0.011971,-9.469068,-0.013856,0.019718,-0.022649
1704886798,1153300,0.040701,0.062249,-9.461885,-0.014123,0.018919,-0.022649
1704886798,1153321,0.055067,0.007183,-9.478644,-0.011991,0.019718,-0.024781
1704886798,1153351,0.055067,0.007183,-9.457097,-0.013856,0.015188,-0.020251
1704886798,1153373,0.052672,0.043096,-9.469068,-0.015988,0.016521,-0.024248
1704886798,1153393,0.019154,-0.007183,-9.464279,-0.014922,0.018919,-0.021583
1704886798,1153413,0.050278,0.004788,-9.478644,-0.014389,0.017587,-0.022649
1704886798,1153434,0.064643,-0.019154,-9.442732,-0.011458,0.019985,-0.022916
1704886798,1153454,0.076614,-0.028730,-9.550470,-0.014123,0.014922,-0.020251
1704886798,1153474,0.059855,-0.014365,-9.495404,-0.014123,0.014922,-0.022383
1704886798,1153497,-0.007183,0.004788,-9.512163,-0.014389,0.015721,-0.021850
1704886798,1153517,0.052672,0.021548,-9.452309,-0.013323,0.017853,-0.023449
1704886798,1153537,0.079009,0.000000,-9.564836,-0.010658,0.017320,-0.020784
1704886798,1153558,0.050278,0.016759,-9.423578,-0.014922,0.017054,-0.018919
1704886798,1153578,0.055067,0.023942,-9.481039,-0.013590,0.015988,-0.021583
1704886798,1153599,0.069432,0.007183,-9.473856,-0.013323,0.014389,-0.019718
1704886798,1153619,0.014365,-0.004788,-9.346964,-0.013856,0.020251,-0.020251
1704886798,1153642,0.067038,0.033519,-9.485827,-0.012257,0.016787,-0.021583
1704886798,1153662,0.100556,-0.033519,-9.552865,-0.013856,0.017054,-0.026113
1704886798,1153682,0.074220,-0.021548,-9.380483,-0.013856,0.018119,-0.017587
1704886798,1153703,0.052672,0.019154,-9.366117,-0.010925,0.017054,-0.022116
1704886798,1153723,0.011971,-0.028730,-9.440337,-0.011458,0.019185,-0.019718
1704886798,1153743,-0.002394,-0.011971,-9.402030,-0.012524,0.021583,-0.022116
1704886798,1153766,0.000000,0.035913,-9.447520,-0.012790,0.020784,-0.019185
1704886798,1153787,-0.014365,-0.031125,-9.478644,-0.014655,0.019718,-0.023982
1704886798,1153807,0.086191,-0.040701,-9.519346,-0.014922,0.017587,-0.022383
1704886798,1153827,0.064643,0.009577,-9.437943,-0.012257,0.018652,-0.024515
1704886798,1153848,0.045490,0.028730,-9.421184,-0.013590,0.014655,-0.021850
1704886798,1153868,0.033519,-0.026336,-9.466674,-0.014389,0.015455,-0.023182
1704886798,1153888,0.057461,0.026336,-9.416395,-0.013057,0.018652,-0.022649
1704886798,1153911,0.023942,-0.026336,-9.493010,-0.012257,0.015988,-0.024248
1704886798,1153931,0.052672,0.067038,-9.562442,-0.013057,0.019985,-0.021317
1704886798,1153952,0.040701,0.023942,-9.421184,-0.014922,0.017587,-0.022916
1704886798,1153972,0.033519,0.021548,-9.461885,-0.012524,0.015988,-0.021583
1704886798,1153992,0.047884,0.043096,-9.399636,-0.014655,0.017853,-0.021850
1704886798,1154013,0.090980,0.014365,-9.428367,-0.014389,0.019452,-0.021583
1704886798,1154033,0.040701,-0.033519,-9.473856,-0.015721,0.017853,-0.022916
1704886799,1154056,0.090980,-0.067038,-9.437943,-0.014123,0.015455,-0.020518
1704886799,1154076,0.016759,0.026336,-9.483433,-0.013057,0.018919,-0.020518
1704886799,1154097,0.098162,0.009577,-9.447520,-0.011991,0.019718,-0.023982
1704886799,1154117,0.069432,-0.047884,-9.504981,-0.011991,0.019718,-0.022383
1704886799,1154138,-0.021548,-0.002394,-9.555259,-0.014123,0.016521,-0.021051
1704886799,1154158,0.002394,0.040701,-9.428367,-0.014655,0.019452,-0.021051
1704886799,1154181,0.086191,-0.035913,-9.469068,-0.013323,0.018652,-0.023982
1704886799,1154201,0.033519,0.004788,-9.497798,-0.014123,0.015988,-0.022116
1704886799,1154221,0.079009,-0.038307,-9.552865,-0.013590,0.016254,-0.022649
1704886799,1154241,0.035913,0.047884,-9.476251,-0.014123,0.019185,-0.023449
1704886799,1154262,0.081403,-0.023942,-9.569624,-0.010658,0.018119,-0.024781
1704886799,1154282,0.014365,0.033519,-9.433155,-0.014655,0.015188,-0.022916
1704886799,1154302,0.059855,0.002394,-9.454702,-0.013856,0.015988,-0.018919
1704886799,1154325,0.081403,-0.004788,-9.366117,-0.014123,0.017853,-0.023449
1704886799,1154345,0.088585,-0.016759,-9.411607,-0.012524,0.018119,-0.024248
1704886799,1154366,0.007183,-0.016759,-9.483433,-0.011458,0.017853,-0.022383
1704886799,1154386,0.057461,-0.062249,-9.409213,-0.014922,0.017320,-0.022916
1704886799,1154406,0.112527,0.000000,-9.459491,-0.015455,0.014922,-0.019985
1704886799,1154426,0.105345,0.043096,-9.502586,-0.009859,0.018919,-0.020251
1704886799,1154447,0.038307,-0.043096,-9.397242,-0.014922,0.017853,-0.021051
1704886799,1154469,0.057461,-0.009577,-9.447520,-0.015988,0.019185,-0.021850
1704886799,1154490,0.062249,0.028730,-9.452309,-0.014123,0.017054,-0.022383
1704886799,1154511,0.067038,-0.026336,-9.421184,-0.015988,0.016254,-0.019985
1704886799,1154531,0.064643,-0.031125,-9.428367,-0.013323,0.018652,-0.024515
1704886799,1154552,0.031125,0.035913,-9.421184,-0.012790,0.017320,-0.016254
1704886799,1154572,0.050278,0.000000,-9.543288,-0.014655,0.018919,-0.017853
1704886799,1154595,0.100556,-0.004788,-9.509769,-0.013856,0.016254,-0.023449
1704886799,1154616,0.019154,-0.026336,-9.442732,-0.012257,0.019718,-0.020251
1704886799,1154637,0.076614,0.033519,-9.526528,-0.013590,0.023449,-0.020518
1704886799,1154657,0.050278,0.023942,-9.495404,-0.013856,0.019452,-0.022116
1704886799,1154678,0.083797,-0.002394,-9.461885,-0.012524,0.015188,-0.022383
1704886799,1154698,0.035913,-0.038307,-9.387665,-0.010392,0.013590,-0.019718
1704886799,1154719,0.047884,-0.028730,-9.445126,-0.011724,0.017853,-0.021583
1704886799,1154742,0.011971,0.050278,-9.548077,-0.013323,0.017054,-0.023982
1704886799,1154763,0.014365,-0.016759,-9.531317,-0.012257,0.018119,-0.022916
1704886799,1154783,0.023942,-0.033519,-9.521740,-0.011724,0.018652,-0.021850
1704886799,1154804,0.040701,0.026336,-9.411607,-0.015188,0.019985,-0.024781
1704886799,1154825,-0.007183,0.000000,-9.452309,-0.014655,0.019452,-0.021051
1704886799,1154845,0.107739,-0.009577,-9.524135,-0.013590,0.019452,-0.020784
1704886799,1154866,0.126893,-0.004788,-9.538500,-0.011191,0.014655,-0.022383
1704886799,1154889,0.026336,0.023942,-9.536105,-0.012790,0.018652,-0.021583
1704886799,1154910,0.021548,-0.007183,-9.339781,-0.012257,0.019718,-0.022116
1704886799,1154930,0.057461,-0.014365,-9.414001,-0.015188,0.018119,-0.024781
1704886799,1154951,0.055067,-0.050278,-9.418790,-0.011991,0.017587,-0.021583
1704886799,1154972,0.007183,0.019154,-9.399636,-0.014389,0.020518,-0.021317
1704886799,1154992,0.069432,-0.016759,-9.452309,-0.014123,0.015721,-0.026380
1704886799,1155015,0.038307,0.067038,-9.464279,-0.013590,0.015188,-0.023982
