timestamp,millis,AccX.AccY,AccZ,GyroX,GyroY,GyroZ
1704883864,6125579,0.047884,0.014365,-9.485827,-0.011724,0.015988,-0.023715
1704883864,6125616,0.074220,0.007183,-9.473856,-0.014922,0.019985,-0.022916
1704883864,6125653,0.064643,-0.045490,-9.504981,-0.013590,0.018652,-0.022649
1704883864,6125690,-0.045490,0.023942,-9.461885,-0.010126,0.017054,-0.022383
1704883864,6125727,-0.009577,0.011971,-9.490616,-0.012257,0.018919,-0.020251
1704883864,6125764,0.045490,0.021548,-9.411607,-0.010925,0.018386,-0.022116
1704883864,6125804,0.057461,0.045490,-9.459491,-0.014389,0.015721,-0.022649
1704883864,6125841,0.057461,0.062249,-9.358934,-0.013057,0.018119,-0.021051
1704883864,6125878,0.035913,0.047884,-9.358934,-0.013856,0.018119,-0.023982
1704883864,6125915,0.033519,-0.021548,-9.418790,-0.012790,0.018919,-0.021583
1704883864,6125952,0.004788,0.067038,-9.516952,-0.014922,0.019985,-0.021051
1704883864,6125988,0.062249,0.000000,-9.464279,-0.013590,0.019185,-0.023715
1704883864,6126025,0.086191,0.014365,-9.452309,-0.013856,0.014922,-0.022649
1704883864,6126065,0.045490,0.014365,-9.507375,-0.015188,0.018919,-0.018919
1704883864,6126102,0.246603,0.031125,-9.476251,-0.014123,0.020784,-0.021583
1704883864,6126139,0.033519,-0.067038,-7.149086,-0.031443,-0.100989,-0.019718
1704883864,6126176,1.221043,-0.773327,-10.290278,-0.014922,0.055957,0.000533
1704883864,6126213,-1.805228,0.979228,-5.693412,-0.056224,0.035440,-0.011991
1704883864,6126250,0.339977,-0.265756,-6.567295,-0.035972,-0.072211,-0.023715
1704883864,6126287,1.407791,0.553061,-11.982980,-0.067681,0.071678,-0.028511
1704883864,6126326,0.158017,-0.191536,-10.970232,-0.026913,-0.008527,-0.027446
1704883864,6126363,0.114922,0.031125,-9.677363,-0.009859,-0.019985,-0.029044
1704883864,6126400,0.143652,0.016759,-9.270349,-0.006395,-0.060753,-0.023982
1704883864,6126437,-0.902614,0.122104,-9.114726,-0.007727,-0.052493,-0.025847
1704883864,6126474,0.110133,0.000000,-9.478644,-0.003730,-0.067149,-0.024248
1704883865,6126511,0.033519,0.153229,-8.987833,-0.011458,-0.034907,-0.026646
1704883865,6126550,0.004788,0.040701,-8.990228,-0.017587,0.002132,-0.025580
1704883865,6126587,0.019154,0.083797,-9.536105,-0.017853,0.001599,-0.021583
1704883865,6126624,0.067038,0.069432,-9.461885,-0.017587,0.004263,-0.021317
1704883865,6126661,0.045490,0.031125,-9.524135,-0.013323,0.012257,-0.021317
1704883865,6126699,0.098162,0.045490,-9.560047,-0.010126,0.019185,-0.023715
1704883865,6126736,0.000000,0.095768,-9.366117,-0.010658,0.014389,-0.025047
1704883865,6126773,0.050278,-0.026336,-9.521740,-0.012790,0.010658,-0.023982
1704883865,6126812,0.052672,0.023942,-9.698911,-0.010126,0.014123,-0.022649
1704883865,6126850,-0.040701,0.095768,-9.318233,-0.016521,0.008793,-0.021051
1704883865,6126887,0.081403,0.009577,-9.670180,-0.010925,0.007994,-0.021850
1704883865,6126924,-0.112527,0.031125,-9.883265,-0.001332,0.014123,-0.024781
1704883865,6126961,-1.278504,0.600945,-10.321404,0.022649,0.055957,-0.088466
1704883865,6126998,1.999158,-0.694318,-8.576031,0.010658,0.084202,-0.045565
1704883865,6127035,-0.093374,0.047884,-8.904037,0.001066,0.067415,-0.022116
1704883865,6127075,0.160412,0.155623,-7.448361,-0.016787,0.009326,-0.022649
1704883865,6127112,0.023942,0.038307,-9.706094,-0.016787,-0.010658,-0.023715
1704883865,6127150,0.045490,-0.172383,-10.694899,-0.011458,0.018652,-0.021583
1704883865,6127187,0.177171,0.102951,-8.995016,-0.011458,0.025314,-0.023449
1704883865,6127224,0.059855,0.098162,-9.047688,-0.016254,0.010925,-0.026113
1704883865,6127261,0.016759,-0.059855,-10.194510,-0.014389,0.026913,-0.024248
1704883865,6127301,0.031125,0.119710,-8.997410,-0.012257,0.026113,-0.022116
1704883865,6127338,0.093374,0.107739,-9.062054,-0.015188,0.007727,-0.023449
1704883865,6127375,0.071826,-0.069432,-9.981427,-0.015988,0.014389,-0.021850
1704883865,6127413,0.064643,-0.009577,-9.354146,-0.010126,0.023715,-0.021850
1704883865,6127450,0.114922,0.035913,-9.133880,-0.017054,0.010925,-0.021317
1704883865,6127487,0.047884,-0.014365,-9.842564,-0.015721,0.013057,-0.022116
1704883866,6127524,0.059855,0.007183,-9.543288,-0.011458,0.021051,-0.020784
1704883866,6127564,0.050278,-0.023942,-9.270349,-0.014123,0.015988,-0.021850
1704883866,6127601,0.069432,0.031125,-9.653421,-0.013057,0.017587,-0.020784
1704883866,6127638,0.081403,0.023942,-9.476251,-0.012790,0.023182,-0.020518
1704883866,6127675,-0.016759,0.098162,-9.220071,-0.014922,0.018119,-0.019985
1704883866,6127713,-0.009577,0.043096,-9.600749,-0.014922,0.015455,-0.022916
1704883866,6127750,-0.011971,0.026336,-9.569624,-0.013856,0.020784,-0.022649
1704883866,6127787,0.050278,0.028730,-9.349358,-0.013590,0.017587,-0.023182
1704883866,6127827,-0.047884,-0.009577,-9.631873,-0.013856,0.018652,-0.023715
1704883866,6127864,0.093374,0.055067,-9.516952,-0.011991,0.016787,-0.020518
1704883866,6127901,0.035913,-0.009577,-9.380483,-0.013856,0.019185,-0.020784
1704883866,6127938,0.088585,0.004788,-9.445126,-0.014123,0.021051,-0.021317
1704883866,6127976,0.009577,0.040701,-9.495404,-0.012524,0.018919,-0.022916
1704883866,6128013,0.050278,0.014365,-9.370906,-0.013057,0.017054,-0.022649
1704883866,6128050,0.045490,0.007183,-9.488221,-0.015188,0.014922,-0.019985
1704883866,6128090,-0.038307,0.038307,-9.564836,-0.013590,0.017853,-0.020251
1704883866,6128127,0.011971,0.021548,-9.488221,-0.017320,0.013856,-0.020518
1704883866,6128164,0.002394,0.083797,-9.409213,-0.014123,0.020518,-0.020784
1704883866,6128201,0.016759,-0.019154,-9.471462,-0.013323,0.018919,-0.020784
1704883866,6128238,0.124498,0.033519,-9.457097,-0.014922,0.017054,-0.021317
1704883866,6128276,0.069432,0.043096,-9.502586,-0.011458,0.018119,-0.023449
1704883866,6128315,0.019154,0.000000,-9.526528,-0.014123,0.023449,-0.019718
1704883866,6128352,0.102951,0.052672,-9.437943,-0.016254,0.018119,-0.021317
1704883866,6128390,0.031125,-0.045490,-9.504981,-0.013057,0.014655,-0.023982
1704883866,6128427,0.021548,0.014365,-9.392453,-0.013856,0.015988,-0.022649
1704883866,6128464,0.033519,0.019154,-9.473856,-0.010658,0.014655,-0.021850
1704883866,6128501,0.093374,0.000000,-9.560047,-0.013057,0.015988,-0.019718
1704883867,6128538,0.098162,0.055067,-9.416395,-0.013590,0.021850,-0.021583
1704883867,6128586,0.050278,0.007183,-9.399636,-0.011724,0.013057,-0.024248
1704883867,6128625,0.035913,0.021548,-9.490616,-0.014655,0.019452,-0.021583
1704883867,6128663,0.023942,0.026336,-9.512163,-0.014655,0.018119,-0.019718
1704883867,6128701,0.062249,-0.004788,-9.488221,-0.011724,0.019185,-0.023715
1704883867,6128739,-0.007183,0.050278,-9.493010,-0.010925,0.015455,-0.023982
1704883867,6128777,0.023942,-0.002394,-9.457097,-0.014123,0.017853,-0.021583
1704883867,6128814,0.016759,0.007183,-9.411607,-0.013856,0.014922,-0.022649
1704883867,6128855,-0.011971,-0.016759,-9.447520,-0.013856,0.015721,-0.023982
1704883867,6128893,0.052672,0.021548,-9.493010,-0.014389,0.016254,-0.022649
1704883867,6128930,0.035913,0.009577,-9.445126,-0.013590,0.019452,-0.021850
1704883867,6128968,0.038307,0.014365,-9.394848,-0.013856,0.015721,-0.022116
1704883867,6129006,0.069432,0.064643,-9.411607,-0.011991,0.016787,-0.025847
1704883867,6129044,0.007183,0.033519,-9.473856,-0.015988,0.019718,-0.021051
1704883867,6129084,0.114922,0.052672,-9.397242,-0.013057,0.015721,-0.023449
1704883867,6129122,0.045490,0.014365,-9.464279,-0.016787,0.020251,-0.023449
1704883867,6129160,0.057461,0.035913,-9.449914,-0.012790,0.015988,-0.021317
1704883867,6129198,0.064643,-0.014365,-9.485827,-0.013323,0.017320,-0.021850
1704883867,6129236,-0.002394,0.023942,-9.447520,-0.013323,0.017587,-0.021850
1704883867,6129274,0.038307,0.031125,-9.495404,-0.011991,0.019185,-0.023182
1704883867,6129312,0.083797,0.000000,-9.481039,-0.013323,0.020518,-0.022116
1704883867,6129352,0.047884,0.062249,-9.373300,-0.011991,0.016521,-0.021583
1704883867,6129390,0.102951,-0.004788,-9.516952,-0.010392,0.015721,-0.021583
1704883867,6129428,0.055067,0.052672,-9.500193,-0.014922,0.021317,-0.022649
1704883867,6129466,0.009577,-0.033519,-9.411607,-0.013856,0.017587,-0.024248
1704883867,6129504,-0.038307,-0.014365,-9.466674,-0.015455,0.015988,-0.024515
