timestamp,millis,AccX.AccY,AccZ,GyroX,GyroY,GyroZ
1706614192,440800,0.162806,0.031125,-9.433155,-0.011458,0.017320,-0.020784
1706614192,440816,0.141258,0.045490,-9.473856,-0.013057,0.018652,-0.023715
1706614192,440832,0.090980,0.014365,-9.497798,-0.014655,0.018652,-0.018386
1706614192,440847,0.052672,0.021548,-9.586384,-0.014389,0.016787,-0.023449
1706614192,440863,0.160412,0.009577,-9.459491,-0.015721,0.015455,-0.022916
1706614192,440879,0.076614,-0.031125,-9.519346,-0.014922,0.015721,-0.021051
1706614192,440898,0.122104,0.014365,-9.579201,-0.013323,0.017054,-0.021051
1706614192,440914,0.102951,-0.043096,-9.488221,-0.013590,0.018652,-0.020518
1706614192,440930,0.112527,-0.011971,-9.548077,-0.015188,0.018386,-0.020251
1706614192,440945,0.093374,-0.067038,-9.562442,-0.012257,0.015455,-0.019185
1706614192,440961,0.146046,0.014365,-9.543288,-0.013323,0.016254,-0.018652
1706614192,440977,0.136469,-0.035913,-9.516952,-0.014655,0.015988,-0.022116
1706614192,440993,0.090980,-0.023942,-9.524135,-0.011991,0.018652,-0.017587
1706614192,441012,0.107739,-0.028730,-9.593566,-0.015188,0.013856,-0.021583
1706614192,441028,0.107739,0.002394,-9.564836,-0.014655,0.016787,-0.019985
1706614192,441044,0.081403,0.016759,-9.476251,-0.012790,0.012790,-0.023449
1706614192,441060,0.067038,0.000000,-9.521740,-0.013856,0.018119,-0.021317
1706614192,441076,0.088585,0.002394,-9.548077,-0.013590,0.018119,-0.020251
1706614192,441092,0.081403,0.000000,-9.579201,-0.013590,0.022649,-0.022116
1706614192,441108,0.069432,-0.040701,-9.552865,-0.013057,0.017320,-0.019185
1706614192,441126,0.122104,0.038307,-9.504981,-0.011991,0.017587,-0.021317
1706614192,441142,0.047884,0.011971,-9.478644,-0.011724,0.017320,-0.019985
1706614192,441158,0.105345,0.011971,-9.550470,-0.014389,0.017320,-0.022116
1706614192,441174,0.050278,0.016759,-9.478644,-0.012524,0.018386,-0.024248
1706614192,441190,0.107739,0.009577,-9.550470,-0.011991,0.014389,-0.021051
1706614192,441206,0.083797,0.011971,-9.552865,-0.013856,0.018119,-0.022383
1706614192,441222,0.055067,0.045490,-9.569624,-0.013057,0.015988,-0.024248
1706614192,441240,0.038307,-0.040701,-9.459491,-0.014389,0.019718,-0.021317
1706614192,441256,0.119710,-0.050278,-9.478644,-0.010392,0.020518,-0.023715
1706614192,441272,0.114922,0.016759,-9.533711,-0.011191,0.021051,-0.020784
1706614192,441288,0.067038,0.014365,-9.504981,-0.014655,0.017853,-0.020251
1706614192,441304,0.124498,-0.004788,-9.478644,-0.013057,0.018652,-0.021583
1706614192,441320,0.086191,0.002394,-9.397242,-0.013057,0.017587,-0.019452
1706614192,441338,0.143652,-0.016759,-9.536105,-0.012790,0.015188,-0.021583
1706614192,441354,-0.021548,-0.062249,-9.552865,-0.012790,0.019452,-0.022383
1706614192,441370,0.136469,0.023942,-9.466674,-0.013590,0.019985,-0.022383
1706614192,441386,0.100556,-0.026336,-9.521740,-0.013590,0.018119,-0.022383
1706614192,441402,0.126893,0.000000,-9.514558,-0.014123,0.015188,-0.021583
1706614192,441418,0.076614,-0.047884,-9.428367,-0.014123,0.017853,-0.020784
1706614192,441434,0.076614,0.043096,-9.562442,-0.014655,0.018919,-0.021583
1706614192,441452,0.110133,-0.067038,-9.622296,-0.015721,0.018119,-0.021051
1706614192,441468,0.045490,-0.062249,-9.485827,-0.013323,0.014389,-0.024781
1706614192,441484,0.079009,-0.023942,-9.478644,-0.013590,0.019452,-0.021317
1706614192,441500,0.081403,0.004788,-9.483433,-0.015188,0.016787,-0.020251
1706614192,441516,0.055067,-0.064643,-9.512163,-0.016254,0.017853,-0.020784
1706614192,441532,0.090980,-0.038307,-9.454702,-0.013590,0.018919,-0.023449
1706614192,441548,0.146046,-0.067038,-9.430760,-0.015721,0.017054,-0.020518
1706614192,441567,0.067038,-0.004788,-9.519346,-0.012790,0.014922,-0.020251
1706614192,441582,0.090980,-0.028730,-9.562442,-0.012257,0.017853,-0.023449
1706614192,441598,0.105345,0.009577,-9.538500,-0.014123,0.015188,-0.017853
1706614192,441614,0.126893,0.023942,-9.557653,-0.015455,0.017054,-0.022649
1706614192,441630,0.100556,0.040701,-9.442732,-0.015188,0.021051,-0.021317
1706614192,441646,0.090980,-0.031125,-9.526528,-0.014922,0.016787,-0.019185
1706614192,441662,0.114922,-0.026336,-9.406818,-0.011724,0.017853,-0.020518
1706614192,441680,0.076614,-0.047884,-9.610326,-0.012524,0.015721,-0.021051
1706614192,441696,0.126893,-0.074220,-9.485827,-0.013590,0.017320,-0.019452
1706614192,441713,0.088585,-0.021548,-9.600749,-0.014655,0.018652,-0.024248
1706614192,441729,0.112527,-0.031125,-9.500193,-0.014922,0.019185,-0.024781
1706614192,441745,0.079009,-0.055067,-9.404425,-0.013590,0.018919,-0.020518
1706614192,441761,0.095768,0.040701,-9.548077,-0.013323,0.014389,-0.019718
1706614193,441780,0.071826,0.057461,-9.569624,-0.016521,0.018119,-0.018919
1706614193,441796,0.114922,-0.040701,-9.528923,-0.014123,0.018386,-0.019452
1706614193,441812,0.196325,-0.040701,-9.550470,-0.012790,0.017320,-0.020784
1706614193,441829,0.023942,0.047884,-9.490616,-0.014922,0.014655,-0.020784
1706614193,441845,0.107739,-0.023942,-9.636662,-0.015188,0.016254,-0.023182
1706614193,441861,0.110133,0.007183,-9.548077,-0.017853,0.019718,-0.017853
1706614193,441877,0.117316,-0.033519,-9.591172,-0.012790,0.018919,-0.019452
1706614193,441896,0.177171,0.019154,-9.583989,-0.012257,0.017320,-0.023449
1706614193,441912,0.076614,-0.002394,-9.483433,-0.013323,0.021051,-0.021051
1706614193,441928,0.095768,-0.067038,-9.531317,-0.012257,0.015188,-0.021051
1706614193,441945,0.095768,-0.002394,-9.560047,-0.013856,0.014922,-0.023182
1706614193,441961,0.102951,-0.019154,-9.445126,-0.012257,0.022649,-0.023449
1706614193,441977,0.311246,0.105345,-9.493010,-0.016521,0.050361,-0.023715
1706614193,441994,-0.294487,0.684742,-4.141969,0.007994,0.126037,-0.020251
1706614193,442012,-2.087744,-4.479551,-9.035717,0.034907,-0.081271,-0.025580
1706614193,442028,1.604115,1.048660,-19.115307,0.079139,0.012257,-0.018119
1706614193,442045,1.786075,0.787692,-9.531317,-0.079139,0.125504,-0.017587
1706614193,442061,-1.798046,-0.213084,-9.682152,-0.052760,-0.042900,-0.031709
1706614193,442077,1.074997,-0.395043,-7.299921,-0.020784,0.054625,-0.013856
1706614193,442094,0.110133,-0.045490,-13.826515,-0.011724,0.040769,-0.020251
1706614193,442110,0.390255,0.392649,-11.252748,-0.032775,-0.001066,-0.023449
1706614193,442128,0.213084,0.239420,-9.634268,-0.049029,0.018652,-0.025314
1706614193,442145,0.114922,-0.038307,-9.840169,-0.022116,0.018119,-0.021850
1706614193,442161,0.093374,-0.074220,-9.397242,-0.011724,-0.013590,-0.019185
1706614193,442177,-0.009577,-0.134075,-9.148245,-0.002665,-0.015721,-0.023449
1706614193,442193,0.119710,-0.114922,-9.416395,0.000266,-0.015988,-0.026113
1706614193,442210,0.169988,-0.045490,-9.435549,0.000266,-0.015188,-0.023982
1706614193,442228,0.186748,0.057461,-9.804255,-0.015188,-0.007994,-0.022916
1706614193,442245,0.217872,0.100556,-9.763555,-0.021317,-0.009593,-0.024515
1706614193,442261,0.148441,0.102951,-9.414001,-0.016254,-0.008527,-0.022916
1706614193,442277,0.138864,0.033519,-9.521740,-0.014389,-0.005596,-0.022116
1706614193,442293,0.179565,-0.026336,-9.485827,-0.013057,-0.005063,-0.024515
1706614193,442310,0.117316,0.014365,-9.397242,-0.013057,-0.003464,-0.023982
1706614193,442326,0.129287,0.009577,-9.315839,-0.011724,-0.010126,-0.024248
1706614193,442345,0.146046,0.004788,-9.619903,-0.013590,-0.016521,-0.023982
1706614193,442361,0.131681,-0.004788,-9.251195,-0.014655,0.003997,-0.019185
1706614193,442377,0.016759,0.023942,-9.483433,-0.015455,-0.005596,-0.019985
1706614193,442393,0.126893,-0.002394,-9.351752,-0.014655,0.003464,-0.022916
1706614193,442410,0.009577,0.002394,-9.311050,-0.011991,0.010392,-0.017853
1706614193,442426,0.074220,-0.021548,-9.672575,-0.013323,0.009326,-0.022116
1706614193,442442,0.086191,-0.004788,-9.449914,-0.014922,0.009859,-0.023449
1706614193,442461,0.035913,0.014365,-9.701305,-0.016521,0.008527,-0.024781
1706614193,442477,0.117316,0.023942,-9.516952,-0.014655,0.011991,-0.022916
1706614193,442493,0.100556,-0.016759,-9.564836,-0.014123,0.008260,-0.020518
1706614193,442510,0.045490,-0.057461,-9.583989,-0.014389,0.010658,-0.023715
1706614193,442526,0.071826,0.035913,-9.543288,-0.015988,0.007461,-0.025314
1706614193,442542,0.074220,0.035913,-9.818622,-0.011991,0.012257,-0.023715
1706614193,442558,0.021548,-0.016759,-9.653421,-0.010392,0.014655,-0.025047
1706614193,442586,0.062249,0.031125,-9.852140,-0.007461,0.018652,-0.018919
1706614193,442605,0.100556,-0.004788,-10.002975,-0.006395,0.030110,-0.022916
1706614193,442622,0.138864,0.007183,-10.340557,0.000000,0.046897,-0.021583
1706614193,442640,-0.354342,0.761356,-10.309433,0.003730,0.047697,-0.031709
1706614193,442657,0.720655,-0.430956,-7.917625,-0.004796,0.033841,-0.031176
1706614193,442674,0.220267,0.387861,-9.095572,-0.013856,0.033574,-0.023715
1706614193,442694,-0.332794,-0.088585,-9.548077,-0.011724,0.036505,-0.025047
1706614193,442711,0.035913,0.071826,-6.837840,0.009326,0.063685,-0.020518
1706614193,442728,0.457293,0.090980,-11.609484,-0.017320,0.044766,-0.015988
1706614193,442746,0.026336,0.497994,-8.171411,-0.034374,-0.022383,-0.029044
1706614193,442763,0.143652,0.208296,-6.584054,-0.024248,0.002665,-0.021583
1706614194,442780,0.090980,0.670376,-10.232818,0.014123,0.100190,-0.019452
1706614194,442798,0.335188,0.421380,-9.452309,-0.015188,0.005862,-0.023449
1706614194,442817,0.117316,0.239420,-8.975863,-0.033308,-0.014123,-0.015988
1706614194,442834,-0.093374,-0.347159,-11.046846,-0.001066,0.040236,-0.022116
1706614194,442852,0.148441,-0.304064,-7.941567,-0.003997,0.041568,-0.022916
1706614194,442869,0.265756,-0.229843,-10.840945,-0.029577,-0.020784,-0.016521
1706614194,442886,-0.086191,-0.055067,-10.275913,-0.015721,0.005596,-0.025580
1706614194,442904,0.088585,-0.067038,-8.669404,-0.003198,0.030377,-0.015721
1706614194,442921,0.134075,-0.064643,-11.499351,-0.014655,0.039436,-0.024515
1706614194,442940,0.028730,-0.220267,-8.611943,-0.020518,-0.002398,-0.022649
1706614194,442958,0.045490,-0.055067,-9.758766,-0.015188,0.020518,-0.021317
1706614194,442975,0.026336,-0.131681,-10.314221,-0.003730,0.051960,-0.025314
1706614194,442992,0.181959,-0.117316,-8.693346,-0.018652,0.004263,-0.018119
1706614194,443010,0.148441,0.007183,-10.359711,-0.018919,0.004263,-0.015988
1706614194,443027,-0.016759,-0.047884,-9.459491,-0.009060,0.027712,-0.022383
1706614194,443044,0.148441,-0.076614,-9.102755,-0.014922,0.018919,-0.020518
1706614194,443064,0.105345,-0.031125,-10.029311,-0.018652,0.011191,-0.021850
1706614194,443081,0.050278,-0.045490,-8.544906,-0.008527,0.019185,-0.022916
1706614194,443099,0.181959,0.031125,-9.849746,-0.011458,0.026113,-0.019985
1706614194,443116,0.071826,0.179565,-9.148245,-0.014655,0.009859,-0.022916
1706614194,443133,0.093374,0.148441,-8.702923,-0.013590,0.013856,-0.020784
1706614194,443150,0.160412,0.057461,-9.873688,-0.011991,0.032508,-0.017853
1706614194,443170,0.081403,-0.004788,-8.901642,-0.017054,0.006928,-0.020251
1706614194,443187,0.158017,0.023942,-9.821015,-0.017320,0.013323,-0.019452
1706614194,443204,0.000000,-0.033519,-9.660604,-0.009060,0.026380,-0.022916
1706614194,443222,0.131681,-0.129287,-9.375694,-0.014922,0.015188,-0.021051
1706614194,443239,0.100556,-0.105345,-10.180145,-0.014922,0.016254,-0.020251
1706614194,443256,0.023942,-0.079009,-9.339781,-0.014655,0.023449,-0.020518
1706614194,443273,0.203507,-0.059855,-9.742006,-0.011724,0.018386,-0.019985
1706614194,443293,0.090980,0.016759,-9.440337,-0.015988,0.020251,-0.022916
1706614194,443310,0.064643,0.100556,-9.157822,-0.010126,0.020251,-0.019718
1706614194,443328,0.117316,-0.019154,-9.868899,-0.012524,0.015188,-0.019985
1706614194,443345,0.102951,0.059855,-9.165004,-0.015721,0.015188,-0.024248
1706614194,443362,0.150835,0.007183,-9.536105,-0.014922,0.013856,-0.021051
1706614194,443379,0.169988,-0.045490,-9.550470,-0.014123,0.022383,-0.021583
1706614194,443397,0.124498,0.000000,-9.291897,-0.017054,0.015988,-0.021317
1706614194,443416,0.179565,-0.090980,-9.821015,-0.009859,0.021051,-0.019185
1706614194,443433,0.102951,-0.052672,-9.332599,-0.013856,0.019718,-0.022383
1706614194,443451,0.107739,0.000000,-9.619903,-0.012790,0.014389,-0.022116
1706614194,443468,0.095768,-0.059855,-9.514558,-0.012790,0.022383,-0.019452
1706614194,443485,0.052672,0.055067,-9.358934,-0.014389,0.019185,-0.022649
1706614194,443502,0.088585,-0.023942,-9.756371,-0.014655,0.011724,-0.023715
1706614194,443520,0.102951,-0.007183,-9.394848,-0.015455,0.019985,-0.017320
1706614194,443539,0.081403,-0.031125,-9.667787,-0.013323,0.018919,-0.021583
1706614194,443557,0.045490,-0.009577,-9.488221,-0.011991,0.018119,-0.019985
1706614194,443574,0.110133,-0.057461,-9.315839,-0.013856,0.015188,-0.019185
1706614194,443592,0.059855,-0.014365,-9.653421,-0.014655,0.017320,-0.021051
1706614194,443609,0.110133,0.009577,-9.351752,-0.016254,0.018652,-0.019985
1706614194,443627,0.076614,0.007183,-9.651027,-0.013323,0.014655,-0.021051
1706614194,443646,0.105345,-0.055067,-9.466674,-0.012257,0.019985,-0.022383
1706614194,443664,0.105345,0.035913,-9.531317,-0.014389,0.019985,-0.021317
1706614194,443681,0.117316,0.004788,-9.641450,-0.012257,0.021051,-0.022383
1706614194,443699,0.057461,-0.076614,-9.390059,-0.013590,0.020784,-0.019718
1706614194,443717,0.062249,-0.007183,-9.617508,-0.014655,0.017587,-0.022649
1706614194,443734,0.079009,-0.004788,-9.447520,-0.013856,0.018386,-0.021583
1706614194,443752,0.095768,-0.033519,-9.548077,-0.016521,0.019985,-0.020518
1706614194,443772,0.114922,0.016759,-9.502586,-0.011458,0.018119,-0.022649
