timestamp,millis,AccX.AccY,AccZ,GyroX,GyroY,GyroZ
1706614941,1189815,0.090980,0.000000,-9.624691,-0.014389,0.019452,-0.024248
1706614941,1189835,0.117316,-0.038307,-9.495404,-0.017320,0.017587,-0.020518
1706614941,1189855,0.105345,0.009577,-9.550470,-0.012790,0.020518,-0.018119
1706614941,1189875,0.160412,-0.055067,-9.476251,-0.014655,0.017853,-0.020518
1706614941,1189896,0.074220,-0.033519,-9.528923,-0.011991,0.016521,-0.021317
1706614941,1189918,0.122104,-0.040701,-9.564836,-0.014389,0.014655,-0.018119
1706614941,1189938,0.095768,-0.004788,-9.552865,-0.012257,0.017853,-0.019185
1706614941,1189958,0.090980,0.016759,-9.641450,-0.014389,0.017054,-0.020251
1706614941,1189978,0.155623,-0.019154,-9.569624,-0.015988,0.016521,-0.020518
1706614941,1189998,0.117316,-0.011971,-9.437943,-0.011991,0.019985,-0.024248
1706614941,1190018,0.100556,-0.031125,-9.579201,-0.012524,0.018652,-0.019452
1706614941,1190038,0.129287,0.019154,-9.581595,-0.013856,0.015988,-0.021583
1706614941,1190061,0.141258,-0.059855,-9.526528,-0.012524,0.015188,-0.021051
1706614941,1190081,0.093374,-0.031125,-9.500193,-0.013856,0.020518,-0.021317
1706614941,1190101,0.071826,-0.038307,-9.493010,-0.013856,0.014389,-0.019718
1706614941,1190121,0.107739,-0.009577,-9.555259,-0.009859,0.016521,-0.019452
1706614941,1190141,0.138864,-0.021548,-9.552865,-0.015455,0.017587,-0.022916
1706614941,1190161,0.124498,-0.011971,-9.560047,-0.016787,0.016254,-0.018386
1706614941,1190184,0.100556,-0.004788,-9.583989,-0.014123,0.019185,-0.021051
1706614941,1190204,0.143652,-0.026336,-9.562442,-0.014389,0.016521,-0.021051
1706614941,1190224,0.083797,-0.043096,-9.531317,-0.012790,0.015188,-0.024248
1706614941,1190244,0.102951,0.000000,-9.471462,-0.013057,0.016787,-0.019185
1706614941,1190264,0.057461,-0.033519,-9.598354,-0.010658,0.017587,-0.021317
1706614941,1190284,0.095768,0.004788,-9.531317,-0.015188,0.020251,-0.022383
1706614941,1190304,0.148441,0.004788,-9.521740,-0.013323,0.017054,-0.018386
1706614941,1190327,0.107739,0.028730,-9.531317,-0.013057,0.016787,-0.021317
1706614941,1190347,0.076614,-0.007183,-9.605537,-0.012524,0.016521,-0.021317
1706614941,1190367,0.090980,-0.016759,-9.497798,-0.014389,0.017853,-0.020251
1706614941,1190387,0.158017,-0.019154,-9.469068,-0.014922,0.016254,-0.024248
1706614941,1190407,0.146046,0.004788,-9.572019,-0.013856,0.018919,-0.022116
1706614941,1190427,0.174777,-0.016759,-9.521740,-0.014922,0.019718,-0.023182
1706614941,1190447,0.052672,0.069432,-9.555259,-0.017320,0.017054,-0.019452
1706614941,1190469,-0.009577,-0.035913,-9.502586,-0.015721,0.015455,-0.021051
1706614941,1190490,0.062249,0.000000,-9.500193,-0.013856,0.015188,-0.024515
1706614941,1190510,0.083797,-0.016759,-9.509769,-0.012524,0.017320,-0.019452
1706614941,1190530,0.057461,-0.016759,-9.531317,-0.012257,0.016521,-0.020784
1706614941,1190550,0.047884,0.002394,-9.516952,-0.012524,0.012790,-0.020784
1706614941,1190570,0.119710,-0.019154,-9.464279,-0.014922,0.019185,-0.024248
1706614941,1190592,0.169988,-0.026336,-9.543288,-0.013590,0.019185,-0.021583
1706614941,1190612,0.086191,0.031125,-9.478644,-0.017054,0.018652,-0.018652
1706614941,1190633,0.023942,-0.088585,-9.433155,-0.013057,0.012257,-0.022383
1706614941,1190653,0.086191,-0.023942,-9.512163,-0.013323,0.017587,-0.023982
1706614941,1190673,0.167594,-0.045490,-9.526528,-0.013590,0.018386,-0.019718
1706614941,1190694,0.055067,-0.019154,-9.564836,-0.013856,0.016521,-0.020518
1706614941,1190714,0.067038,-0.021548,-9.430760,-0.014389,0.017054,-0.021850
1706614941,1190737,0.129287,-0.011971,-9.502586,-0.012524,0.018919,-0.022649
1706614941,1190757,0.100556,0.002394,-9.512163,-0.010392,0.020251,-0.021583
1706614942,1190778,0.117316,-0.052672,-9.524135,-0.011191,0.017320,-0.020784
1706614942,1190798,0.071826,-0.011971,-9.435549,-0.016254,0.016254,-0.022916
1706614942,1190818,0.100556,-0.028730,-9.560047,-0.013856,0.019185,-0.021850
1706614942,1190839,0.136469,0.043096,-9.550470,-0.012257,0.015188,-0.023982
1706614942,1190859,0.071826,-0.021548,-9.648633,-0.011724,0.020518,-0.021850
1706614942,1190882,0.940921,-0.404620,-4.295198,-0.030643,0.049828,-0.020518
1706614942,1190902,-11.415554,-5.116409,-34.471718,-0.341338,-0.302168,-0.014389
1706614942,1190923,-10.558430,-2.755726,-2.047042,-0.141225,-0.706126,-0.031443
1706614942,1190943,2.657564,2.166753,3.107674,-0.062619,-0.044766,-0.031709
1706614942,1190963,-0.330400,1.379060,-8.288726,-0.077008,0.027712,-0.029311
1706614942,1190984,-0.294487,-0.418985,-10.647015,-0.060221,-0.124438,-0.026113
1706614942,1191006,0.782904,-0.086191,-10.342952,-0.017587,0.020251,-0.023449
1706614942,1191027,-0.004788,0.172383,-9.437943,-0.007194,-0.070346,-0.023449
1706614942,1191047,-0.160412,-0.129287,-8.834604,0.007461,-0.097792,-0.022916
1706614942,1191067,-0.074220,0.062249,-9.531317,0.003464,-0.069813,-0.023182
1706614942,1191088,0.217872,0.110133,-10.534488,-0.001066,0.014655,-0.023982
1706614942,1191108,0.021548,-0.208296,-11.080365,0.010658,0.043700,-0.025047
1706614942,1191129,0.134075,0.035913,-9.923966,0.014123,0.068747,-0.024781
1706614942,1191151,-0.114922,-0.007183,-10.836157,0.019452,0.102855,-0.024781
1706614942,1191172,-0.450110,0.181959,-8.841787,0.025580,0.145222,-0.002665
1706614942,1191192,-1.127669,0.316035,-7.527370,-0.004530,0.070080,-0.009326
1706614942,1191212,1.740585,0.198719,-7.821857,0.014389,0.086067,-0.003730
1706614942,1191233,0.373495,0.220267,-8.362947,0.004796,0.072211,-0.016254
1706614942,1191253,-0.007183,0.332794,-8.619126,-0.050628,-0.072744,-0.026646
1706614942,1191274,-0.110133,0.440533,-8.130709,-0.013323,0.042368,-0.019185
1706614942,1191296,0.284910,-0.711078,-11.013328,0.012524,0.085534,-0.018386
1706614942,1191317,0.004788,0.215478,-7.388506,-0.024781,-0.018652,-0.023982
1706614942,1191337,0.265756,0.387861,-9.452309,-0.023182,0.003730,-0.022116
1706614942,1191357,0.028730,-0.284910,-9.667787,0.007194,0.053292,-0.022116
1706614942,1191378,0.375890,-0.569820,-9.991004,-0.022649,0.007194,-0.017587
1706614942,1191398,-0.071826,0.375890,-10.572795,-0.018919,-0.017054,-0.019185
1706614942,1191421,0.002394,0.028730,-8.233660,-0.007727,0.046098,-0.020518
1706614942,1191441,0.263362,-0.093374,-11.489774,-0.018919,0.005596,-0.020518
1706614942,1191462,-0.023942,-0.237026,-9.344569,-0.019985,0.003198,-0.019718
1706614942,1191482,0.098162,0.047884,-9.627085,-0.005596,0.035440,-0.018919
1706614942,1191503,0.208296,0.248997,-9.105149,-0.008527,0.018652,-0.023982
1706614942,1191523,0.165200,-0.100556,-9.186552,-0.022916,0.006662,-0.023182
1706614942,1191543,0.016759,-0.067038,-10.093954,-0.006129,0.021051,-0.020251
1706614942,1191566,0.129287,0.098162,-8.927979,-0.012524,0.022916,-0.021051
1706614942,1191586,0.146046,0.028730,-9.634268,-0.017054,0.011724,-0.021850
1706614942,1191607,0.086191,0.071826,-9.069236,-0.015988,0.016254,-0.021850
1706614942,1191627,0.167594,-0.153229,-10.302250,-0.008793,0.029844,-0.021317
1706614942,1191647,0.102951,0.004788,-9.112331,-0.015188,0.010925,-0.019185
1706614942,1191668,0.026336,0.110133,-9.665392,-0.016254,0.017054,-0.019985
1706614942,1191688,0.160412,-0.026336,-9.145850,-0.010658,0.025047,-0.022116
1706614942,1191719,0.090980,0.093374,-9.730036,-0.017054,0.013323,-0.024515
1706614942,1191741,0.081403,-0.098162,-9.260772,-0.014123,0.018386,-0.020784
1706614942,1191761,0.057461,-0.021548,-10.026917,-0.014389,0.019185,-0.019452
