timestamp,millis,AccX,AccY,AccZ,GyroX,GyroY,GyroZ
1706615762,2010819,-2.425326,-0.603339,-8.829816,0.005596,0.003997,0.047697
1706615762,2010843,0.318429,0.720655,-8.245630,-0.027179,-0.018919,-0.025580
1706615762,2010868,0.205901,-0.423774,-9.914390,-0.051694,-0.068747,-0.022116
1706615762,2010895,0.126893,0.016759,-7.809886,-0.016254,0.018919,-0.023182
1706615762,2010919,0.155623,0.201113,-10.809821,0.003997,0.076741,-0.021051
1706615762,2010943,0.323217,-0.107739,-8.013393,-0.017587,0.018919,-0.023449
1706615762,2010968,0.253785,-0.124498,-10.802638,-0.028511,-0.016787,-0.019185
1706615762,2010992,0.198719,-0.100556,-8.224083,-0.006662,0.028245,-0.022116
1706615762,2011017,0.179565,-0.026336,-10.970232,-0.014389,0.001599,-0.022116
1706615762,2011041,0.000000,-0.117316,-8.384495,-0.017320,0.002132,-0.020518
1706615762,2011068,0.083797,0.105345,-10.730812,-0.002132,0.036239,-0.021850
1706615762,2011093,0.098162,-0.052672,-8.690952,-0.014922,0.009859,-0.023715
1706615762,2011117,0.009577,0.134075,-10.347740,-0.019185,0.003464,-0.022916
1706615762,2011141,0.016759,-0.033519,-8.810662,-0.009859,0.023182,-0.020784
1706615762,2011166,0.074220,0.047884,-10.237606,-0.014389,0.019985,-0.021317
1706615762,2011190,0.028730,-0.028730,-8.947132,-0.017587,0.009859,-0.018919
1706615762,2011225,0.131681,-0.052672,-8.904037,-0.012790,0.023449,-0.023449
1706615762,2011251,0.088585,0.035913,-10.189722,-0.018652,0.003997,-0.020518
1706615762,2011275,0.057461,-0.086191,-8.963891,-0.012790,0.022383,-0.020518
1706615762,2011299,0.102951,0.064643,-10.125079,-0.012790,0.022649,-0.022116
1706615762,2011323,0.081403,-0.062249,-8.968679,-0.016787,0.010126,-0.018386
1706615762,2011347,0.105345,-0.007183,-9.945514,-0.009593,0.020784,-0.021317
1706615762,2011372,0.134075,-0.047884,-9.222465,-0.014922,0.015188,-0.020784
1706615762,2011398,0.088585,0.035913,-9.674969,-0.011724,0.020251,-0.021850
1706615762,2011422,0.098162,0.064643,-9.447520,-0.011458,0.017054,-0.020784
1706615762,2011446,0.076614,-0.038307,-9.473856,-0.014389,0.015188,-0.020784
1706615762,2011471,0.031125,-0.023942,-9.648633,-0.014922,0.015988,-0.022116
1706615762,2011495,0.114922,-0.023942,-9.394848,-0.012790,0.022116,-0.023449
1706615762,2011519,0.114922,-0.021548,-9.751583,-0.014655,0.014922,-0.020784
1706615762,2011543,0.100556,0.000000,-9.296685,-0.014123,0.020784,-0.023982
1706615762,2011570,0.153229,0.098162,-9.775525,-0.016254,0.015455,-0.019718
1706615762,2011594,0.117316,0.009577,-9.196129,-0.016254,0.017054,-0.021317
1706615762,2011618,0.117316,-0.002394,-9.789890,-0.013590,0.017320,-0.021317
1706615762,2011642,0.119710,0.023942,-9.406818,-0.014123,0.013856,-0.020518
1706615762,2011666,0.143652,-0.023942,-9.698911,-0.014389,0.022649,-0.023182
1706615762,2011690,0.067038,-0.052672,-9.483433,-0.015188,0.019452,-0.019718
1706615762,2011717,0.110133,0.064643,-9.603143,-0.016521,0.015721,-0.021850
1706615762,2011741,0.069432,-0.050278,-9.653421,-0.013590,0.018386,-0.021583
1706615762,2011765,0.076614,-0.007183,-9.363723,-0.014922,0.018652,-0.019452
1706615763,2011789,0.067038,0.062249,-9.651027,-0.011991,0.018119,-0.022649
1706615763,2011814,0.033519,-0.009577,-9.402030,-0.014655,0.016787,-0.021317
1706615763,2011838,0.117316,-0.057461,-9.677363,-0.010658,0.015721,-0.019718
1706615763,2011862,0.098162,-0.023942,-9.531317,-0.014922,0.016787,-0.022116
1706615763,2011888,0.100556,-0.016759,-9.696517,-0.013323,0.016521,-0.019452
1706615763,2011913,0.105345,-0.016759,-9.483433,-0.013590,0.015188,-0.021317
1706615763,2011937,0.095768,0.033519,-9.634268,-0.012524,0.016787,-0.022116
1706615763,2011961,0.095768,-0.009577,-9.490616,-0.015455,0.018919,-0.021051
1706615763,2011985,0.119710,0.004788,-9.437943,-0.014922,0.014389,-0.019452
1706615763,2012009,0.105345,-0.009577,-9.533711,-0.014389,0.015455,-0.021583
1706615763,2012034,0.074220,-0.071826,-9.423578,-0.012257,0.019452,-0.021051
1706615763,2012060,0.098162,-0.014365,-9.555259,-0.012790,0.014922,-0.024248
1706615763,2012084,0.038307,-0.052672,-9.457097,-0.012790,0.018119,-0.022916
1706615763,2012108,0.093374,-0.057461,-9.588778,-0.011458,0.015721,-0.019985
1706615763,2012133,0.131681,-0.038307,-9.519346,-0.017320,0.015988,-0.020251
1706615763,2012157,0.126893,-0.009577,-9.564836,-0.013323,0.017587,-0.022916
1706615763,2012181,0.093374,0.007183,-9.550470,-0.013590,0.014655,-0.020518
1706615763,2012207,0.114922,-0.011971,-9.461885,-0.014922,0.018652,-0.021583
1706615763,2012232,0.095768,-0.021548,-9.533711,-0.014922,0.015455,-0.021583
1706615763,2012256,0.098162,0.019154,-9.356541,-0.013590,0.020251,-0.020784
1706615763,2012280,0.105345,-0.004788,-9.557653,-0.015188,0.018919,-0.023182
1706615763,2012304,0.086191,-0.014365,-9.469068,-0.015721,0.018919,-0.017853
1706615763,2012328,0.088585,-0.028730,-9.552865,-0.014389,0.020784,-0.022916
1706615763,2012353,0.138864,-0.007183,-9.504981,-0.013856,0.017587,-0.020251
1706615763,2012379,0.064643,-0.047884,-9.617508,-0.014655,0.017587,-0.022116
1706615763,2012403,0.158017,0.011971,-9.593566,-0.012524,0.015721,-0.021583
1706615763,2012427,0.086191,-0.040701,-9.543288,-0.012524,0.017587,-0.020784
1706615763,2012451,0.110133,-0.047884,-9.524135,-0.014655,0.017853,-0.019185
1706615763,2012476,0.071826,0.007183,-9.629479,-0.013057,0.017587,-0.022649
1706615763,2012500,0.122104,0.047884,-9.588778,-0.013057,0.020518,-0.019452
1706615763,2012524,0.028730,0.019154,-9.416395,-0.011458,0.019718,-0.021317
1706615763,2012550,0.131681,-0.052672,-9.574412,-0.013856,0.017853,-0.019985
1706615763,2012575,0.090980,-0.007183,-9.619903,-0.013057,0.019185,-0.019452
1706615763,2012599,0.045490,-0.016759,-9.612720,-0.014655,0.019452,-0.019985
1706615763,2012623,0.047884,0.007183,-9.481039,-0.016787,0.020251,-0.021850
1706615763,2012648,0.064643,-0.009577,-9.428367,-0.011991,0.016521,-0.020518
1706615763,2012672,0.069432,-0.028730,-9.555259,-0.014655,0.016521,-0.022116
1706615763,2012699,0.102951,0.014365,-9.416395,-0.013856,0.019718,-0.022649
1706615763,2012724,0.100556,0.009577,-9.428367,-0.012524,0.019718,-0.021317
1706615763,2012748,0.129287,0.035913,-9.572019,-0.010658,0.017320,-0.020251
1706615763,2012773,0.155623,0.028730,-9.543288,-0.014123,0.015721,-0.022116
1706615764,2012797,0.100556,-0.011971,-9.595961,-0.013856,0.014655,-0.020251
1706615764,2012822,0.095768,0.045490,-9.433155,-0.015188,0.017320,-0.020784
1706615764,2012846,0.079009,-0.002394,-9.710882,-0.012524,0.014123,-0.021583
1706615764,2012873,0.131681,0.014365,-9.514558,-0.014922,0.017320,-0.022116
1706615764,2012897,0.033519,0.007183,-9.665392,-0.014123,0.015455,-0.022916
1706615764,2012922,0.081403,-0.035913,-9.509769,-0.013323,0.015455,-0.018919
1706615764,2012946,0.083797,-0.019154,-9.600749,-0.013057,0.015188,-0.022649
1706615764,2012971,0.090980,-0.035913,-9.521740,-0.014655,0.015721,-0.019452
1706615764,2012995,0.138864,-0.007183,-9.504981,-0.015188,0.019185,-0.020784
1706615764,2013020,0.129287,-0.007183,-9.593566,-0.014922,0.019452,-0.022649
1706615764,2013047,0.040701,0.055067,-9.473856,-0.014123,0.018652,-0.023715
1706615764,2013071,0.079009,-0.040701,-9.629479,-0.012524,0.017853,-0.020251
1706615764,2013096,0.102951,0.016759,-9.485827,-0.012257,0.015721,-0.021317
1706615764,2013120,0.148441,0.004788,-9.476251,-0.015188,0.019718,-0.021317
1706615764,2013145,0.088585,0.000000,-9.397242,-0.013856,0.017320,-0.022916
1706615764,2013169,0.071826,-0.004788,-9.615114,-0.013057,0.018919,-0.018119
1706615764,2013194,0.040701,-0.045490,-9.550470,-0.012257,0.014922,-0.021051
1706615764,2013221,0.069432,0.000000,-9.466674,-0.013590,0.019718,-0.019718
1706615764,2013245,0.158017,-0.045490,-9.476251,-0.015188,0.016787,-0.019185
1706615764,2013270,0.102951,-0.004788,-9.445126,-0.013323,0.017853,-0.019718
1706615764,2013294,0.136469,-0.019154,-9.363723,-0.015988,0.018919,-0.020518
1706615764,2013319,0.203507,-0.033519,-9.555259,-0.017587,0.016254,-0.021850
1706615764,2013343,0.122104,-0.047884,-9.543288,-0.013590,0.019185,-0.021051
1706615764,2013370,0.114922,-0.011971,-9.442732,-0.013856,0.018119,-0.020784
1706615764,2013395,0.074220,-0.033519,-9.536105,-0.014389,0.014922,-0.023982
1706615764,2013419,0.107739,-0.035913,-9.536105,-0.013590,0.017054,-0.021850
1706615764,2013444,0.134075,-0.040701,-9.502586,-0.013856,0.014922,-0.023449
1706615764,2013468,0.119710,-0.038307,-9.437943,-0.013856,0.014655,-0.022116
1706615764,2013493,0.100556,0.021548,-9.493010,-0.014922,0.019185,-0.018119
1706615764,2013517,0.064643,0.002394,-9.500193,-0.015455,0.016521,-0.020518
1706615764,2013544,0.112527,-0.014365,-9.461885,-0.013856,0.016787,-0.017853
1706615764,2013569,0.047884,-0.026336,-9.512163,-0.013057,0.016254,-0.021850
1706615764,2013593,0.079009,0.007183,-9.504981,-0.016254,0.023449,-0.023182
1706615764,2013617,0.110133,0.028730,-9.610326,-0.014389,0.017320,-0.021051
1706615764,2013642,0.093374,0.002394,-9.471462,-0.012257,0.018652,-0.022383
1706615764,2013666,0.100556,-0.028730,-9.531317,-0.015988,0.019985,-0.021850
1706615764,2013691,0.093374,0.083797,-9.548077,-0.015188,0.015721,-0.018386
1706615764,2013718,0.114922,0.019154,-9.521740,-0.011991,0.014389,-0.019452
1706615764,2013742,0.153229,0.062249,-9.588778,-0.014123,0.016787,-0.021317
1706615764,2013766,0.038307,0.031125,-9.581595,-0.015188,0.020518,-0.021850
1706615765,2013791,0.067038,-0.021548,-9.502586,-0.013323,0.020251,-0.021850
1706615765,2013815,0.090980,0.052672,-9.459491,-0.014922,0.017054,-0.022383
1706615765,2013840,0.129287,0.038307,-9.610326,-0.013590,0.015988,-0.019985
1706615765,2013875,0.081403,-0.004788,-9.476251,-0.011991,0.018119,-0.023449
1706615765,2013900,0.112527,-0.004788,-9.495404,-0.013323,0.016254,-0.021850
1706615765,2013924,0.129287,0.007183,-9.437943,-0.013856,0.019718,-0.021850
1706615765,2013948,0.122104,-0.011971,-9.552865,-0.013590,0.015988,-0.019452
1706615765,2013973,0.074220,-0.026336,-9.519346,-0.012524,0.018652,-0.022916
1706615765,2013997,0.098162,0.000000,-9.478644,-0.015721,0.018652,-0.022116
1706615765,2014021,0.112527,0.002394,-9.631873,-0.011191,0.020518,-0.019718
1706615765,2014047,0.081403,-0.028730,-9.454702,-0.012790,0.014922,-0.020518
1706615765,2014071,0.138864,-0.016759,-9.550470,-0.013323,0.020518,-0.022116
1706615765,2014096,0.098162,-0.059855,-9.495404,-0.014922,0.015721,-0.021583
1706615765,2014120,0.146046,0.002394,-9.548077,-0.013590,0.019718,-0.020251
1706615765,2014144,0.138864,-0.004788,-9.583989,-0.013856,0.016254,-0.020784
1706615765,2014168,0.155623,-0.071826,-9.483433,-0.012257,0.020251,-0.022116
1706615765,2014192,0.110133,-0.019154,-9.612720,-0.014655,0.017320,-0.020784
1706615765,2014219,0.136469,-0.016759,-9.622296,-0.014389,0.018919,-0.021583
1706615765,2014243,0.110133,-0.011971,-9.545682,-0.014655,0.015455,-0.022916
1706615765,2014267,0.143652,-0.002394,-9.579201,-0.014389,0.019452,-0.023182
1706615765,2014291,0.143652,-0.023942,-9.512163,-0.015455,0.019185,-0.020518
1706615765,2014316,0.141258,0.028730,-9.512163,-0.015721,0.018652,-0.019985
1706615765,2014340,0.107739,-0.014365,-9.500193,-0.014655,0.020251,-0.021850
1706615765,2014366,0.071826,0.014365,-9.497798,-0.014123,0.016521,-0.020784
1706615765,2014390,0.122104,-0.038307,-9.526528,-0.013856,0.014922,-0.021051
1706615765,2014415,0.158017,-0.011971,-9.605537,-0.016254,0.018119,-0.016787
1706615765,2014439,0.124498,-0.043096,-9.461885,-0.013590,0.013057,-0.021850
1706615765,2014463,0.110133,0.040701,-9.495404,-0.013323,0.019452,-0.019985
1706615765,2014487,0.050278,-0.016759,-9.552865,-0.012524,0.014655,-0.020251
1706615765,2014512,0.110133,0.028730,-9.507375,-0.013323,0.014655,-0.022116
1706615765,2014538,0.064643,0.023942,-9.555259,-0.012790,0.018386,-0.020251
1706615765,2014562,0.069432,-0.057461,-9.500193,-0.016787,0.014123,-0.019985
1706615765,2014586,0.081403,-0.033519,-9.552865,-0.014922,0.018386,-0.022383
1706615765,2014611,0.057461,-0.031125,-9.516952,-0.013057,0.021051,-0.020251
1706615765,2014635,0.169988,-0.086191,-9.528923,-0.014123,0.016787,-0.019985
1706615765,2014659,0.110133,0.004788,-9.562442,-0.014123,0.016787,-0.020518
1706615765,2014683,0.107739,-0.038307,-9.516952,-0.010658,0.017054,-0.019985
1706615765,2014710,0.107739,-0.045490,-9.440337,-0.011458,0.018386,-0.019985
1706615765,2014734,0.088585,-0.007183,-9.576807,-0.013323,0.018119,-0.019452
1706615765,2014758,0.050278,-0.069432,-9.464279,-0.012790,0.018386,-0.021317
1706615766,2014782,0.124498,-0.081403,-9.473856,-0.016521,0.018652,-0.022383
1706615766,2014806,0.114922,-0.009577,-9.526528,-0.015988,0.017853,-0.022916
1706615766,2014831,0.114922,-0.014365,-9.493010,-0.014655,0.016254,-0.021583
1706615766,2014857,0.114922,0.035913,-9.478644,-0.014389,0.017587,-0.022916
1706615766,2014881,0.098162,-0.028730,-9.598354,-0.013057,0.016254,-0.020784
1706615766,2014905,0.129287,-0.038307,-9.445126,-0.012790,0.014123,-0.020251
1706615766,2014929,0.083797,-0.047884,-9.471462,-0.011724,0.018919,-0.019985
1706615766,2014954,0.131681,-0.019154,-9.500193,-0.011991,0.019718,-0.018386
1706615766,2014978,0.117316,-0.021548,-9.560047,-0.014922,0.015188,-0.023182
1706615766,2015002,0.146046,0.045490,-9.521740,-0.014389,0.018652,-0.017853
1706615766,2015028,0.093374,0.016759,-9.512163,-0.015721,0.015455,-0.022916
1706615766,2015053,0.081403,0.035913,-9.574412,-0.013323,0.016254,-0.020784
1706615766,2015077,0.079009,0.014365,-9.679757,-0.014922,0.016787,-0.021317
1706615766,2015101,0.095768,-0.031125,-9.543288,-0.013590,0.018119,-0.019452
1706615766,2015125,0.112527,0.002394,-9.490616,-0.011991,0.015455,-0.019452
1706615766,2015149,0.090980,-0.050278,-9.512163,-0.013057,0.017853,-0.021051
1706615766,2015173,0.079009,0.033519,-9.545682,-0.013057,0.019718,-0.021583
1706615766,2015200,0.079009,-0.002394,-9.493010,-0.014389,0.019185,-0.023449
1706615766,2015224,0.069432,0.004788,-9.567230,-0.015188,0.018119,-0.020784
1706615766,2015249,0.136469,0.021548,-9.485827,-0.015988,0.020251,-0.021051
1706615766,2015273,0.067038,-0.028730,-9.516952,-0.012790,0.017054,-0.021850
1706615766,2015297,0.129287,-0.002394,-9.603143,-0.016254,0.017587,-0.018119
1706615766,2015322,0.038307,0.002394,-9.610326,-0.012524,0.015721,-0.021583
1706615766,2015349,0.057461,-0.002394,-9.464279,-0.015455,0.019718,-0.022649
1706615766,2015373,0.088585,-0.007183,-9.579201,-0.013057,0.019718,-0.020251
1706615766,2015398,0.035913,0.000000,-9.464279,-0.016254,0.016521,-0.021583
1706615766,2015422,0.090980,-0.026336,-9.557653,-0.016254,0.016521,-0.021317
1706615766,2015447,0.102951,-0.023942,-9.504981,-0.013323,0.015721,-0.019185
1706615766,2015471,0.153229,-0.026336,-9.495404,-0.012257,0.019985,-0.018652
1706615766,2015496,0.107739,-0.050278,-9.540894,-0.012257,0.017320,-0.022383
1706615766,2015522,0.023942,-0.055067,-9.562442,-0.016787,0.015455,-0.019452
1706615766,2015547,0.110133,-0.047884,-9.526528,-0.012524,0.017853,-0.022116
1706615766,2015571,0.148441,-0.031125,-9.605537,-0.014655,0.021317,-0.020784
1706615766,2015596,0.165200,0.002394,-9.476251,-0.012257,0.016254,-0.022383
1706615766,2015620,0.110133,-0.059855,-9.404425,-0.015188,0.018386,-0.021051
1706615766,2015645,0.098162,-0.055067,-9.617508,-0.013057,0.016254,-0.019718
1706615766,2015669,0.055067,0.014365,-9.543288,-0.013590,0.019985,-0.023715
1706615766,2015696,0.105345,0.021548,-9.528923,-0.014922,0.014389,-0.022116
1706615766,2015721,0.083797,-0.004788,-9.562442,-0.013057,0.018119,-0.021317
1706615766,2015745,0.131681,0.021548,-9.390059,-0.013323,0.019985,-0.021051
1706615766,2015769,0.110133,0.043096,-9.504981,-0.013323,0.019452,-0.023182
1706615767,2015794,0.174777,-0.033519,-9.548077,-0.014655,0.020518,-0.019185
1706615767,2015818,0.067038,-0.014365,-9.615114,-0.012524,0.016521,-0.022116
1706615767,2015845,0.114922,-0.023942,-9.497798,-0.014922,0.015455,-0.021317
1706615767,2015870,0.071826,-0.050278,-9.560047,-0.013856,0.015455,-0.020251
1706615767,2015894,0.076614,0.007183,-9.497798,-0.014123,0.018652,-0.022383
1706615767,2015919,0.055067,-0.033519,-9.459491,-0.013856,0.016254,-0.022116
1706615767,2015943,0.083797,-0.076614,-9.579201,-0.011458,0.019985,-0.021850
1706615767,2015968,0.083797,-0.045490,-9.454702,-0.010925,0.017587,-0.023715
1706615767,2015992,0.136469,-0.019154,-9.583989,-0.017054,0.018119,-0.022116
1706615767,2016019,0.100556,-0.023942,-9.490616,-0.011458,0.020518,-0.021051
1706615767,2016043,0.122104,-0.019154,-9.490616,-0.015988,0.015721,-0.023449
1706615767,2016068,0.126893,-0.004788,-9.478644,-0.013590,0.017054,-0.020518
1706615767,2016092,0.110133,0.067038,-9.406818,-0.017587,0.017320,-0.021051
1706615767,2016117,0.105345,0.009577,-9.540894,-0.012790,0.017320,-0.021850
1706615767,2016141,0.098162,-0.016759,-9.524135,-0.014655,0.021051,-0.022116
1706615767,2016166,0.160412,-0.026336,-9.457097,-0.013856,0.016521,-0.020251
1706615767,2016193,0.102951,-0.074220,-9.583989,-0.012257,0.017853,-0.023715
1706615767,2016217,0.124498,-0.031125,-9.425972,-0.010925,0.015455,-0.017853
1706615767,2016241,0.110133,0.004788,-9.538500,-0.012524,0.021317,-0.025580
1706615767,2016266,0.083797,0.004788,-9.490616,-0.015721,0.017587,-0.020251
1706615767,2016290,0.105345,-0.014365,-9.540894,-0.013057,0.019985,-0.023982
1706615767,2016315,0.110133,-0.004788,-9.521740,-0.012257,0.015455,-0.021583
1706615767,2016342,0.119710,0.016759,-9.593566,-0.014389,0.017587,-0.018919
1706615767,2016366,0.100556,-0.035913,-9.476251,-0.014123,0.018652,-0.020251
1706615767,2016390,0.069432,-0.074220,-9.552865,-0.012257,0.014655,-0.021583
1706615767,2016415,0.117316,0.007183,-9.555259,-0.013590,0.019718,-0.020784
1706615767,2016439,0.093374,-0.007183,-9.464279,-0.012257,0.016254,-0.022116
1706615767,2016464,0.155623,-0.009577,-9.478644,-0.014922,0.016787,-0.021850
1706615767,2016488,0.129287,-0.047884,-9.545682,-0.012524,0.017320,-0.018652
1706615767,2016523,0.098162,-0.031125,-9.524135,-0.015721,0.014389,-0.017054
1706615767,2016549,0.074220,-0.023942,-9.579201,-0.013057,0.017320,-0.019185
1706615767,2016573,0.081403,-0.011971,-9.557653,-0.016254,0.017853,-0.022116
1706615767,2016597,0.074220,-0.031125,-9.471462,-0.012257,0.017054,-0.023715
1706615767,2016621,0.148441,-0.031125,-9.521740,-0.014389,0.019985,-0.021317
1706615767,2016645,0.043096,-0.081403,-9.457097,-0.014922,0.016254,-0.021317
1706615767,2016669,0.093374,-0.052672,-9.504981,-0.012524,0.016521,-0.019185
1706615767,2016696,0.090980,0.011971,-9.545682,-0.014389,0.016254,-0.022649
1706615767,2016720,0.112527,-0.009577,-9.564836,-0.015188,0.019185,-0.021850
1706615767,2016744,0.067038,-0.019154,-9.490616,-0.013590,0.017853,-0.019985
1706615767,2016768,0.114922,-0.081403,-9.399636,-0.014655,0.018386,-0.018919
1706615768,2016793,0.098162,0.009577,-9.473856,-0.013590,0.019718,-0.023982
1706615768,2016817,0.102951,0.000000,-9.512163,-0.015188,0.019185,-0.019452
1706615768,2016843,0.117316,-0.035913,-9.476251,-0.013057,0.015188,-0.020784
1706615768,2016867,0.069432,0.007183,-9.461885,-0.014123,0.018119,-0.022649
1706615768,2016892,0.011971,-0.059855,-9.583989,-0.014123,0.018119,-0.022116
1706615768,2016916,0.095768,0.000000,-9.595961,-0.015188,0.021317,-0.023182
1706615768,2016940,0.067038,0.002394,-9.533711,-0.011458,0.017853,-0.018919
1706615768,2016964,0.090980,0.028730,-9.526528,-0.015721,0.016787,-0.020251
1706615768,2016989,0.074220,-0.004788,-9.497798,-0.013856,0.013057,-0.021051
1706615768,2017015,0.095768,-0.011971,-9.445126,-0.011991,0.017853,-0.021850
1706615768,2017039,0.169988,-0.035913,-9.490616,-0.013323,0.018119,-0.022116
1706615768,2017063,0.160412,-0.009577,-9.605537,-0.012524,0.018119,-0.018386
1706615768,2017088,0.160412,-0.019154,-9.533711,-0.009859,0.017853,-0.021051
1706615768,2017112,0.165200,0.031125,-9.402030,-0.013323,0.018652,-0.021850
1706615768,2017136,0.069432,0.000000,-9.528923,-0.013590,0.016521,-0.018386
1706615768,2017160,0.114922,-0.011971,-9.512163,-0.013590,0.019985,-0.022116
1706615768,2017187,0.095768,0.026336,-9.502586,-0.014123,0.019985,-0.022383
1706615768,2017211,0.059855,0.076614,-9.435549,-0.015721,0.017320,-0.020251
1706615768,2017235,0.117316,0.000000,-9.454702,-0.015455,0.019718,-0.022116
1706615768,2017260,0.067038,-0.028730,-9.567230,-0.015188,0.017320,-0.019718
1706615768,2017284,0.043096,-0.038307,-9.567230,-0.016254,0.014655,-0.022116
1706615768,2017308,0.110133,0.023942,-9.493010,-0.012790,0.019452,-0.022649
1706615768,2017332,0.131681,-0.067038,-9.567230,-0.016254,0.016787,-0.021583
1706615768,2017359,0.119710,-0.021548,-9.495404,-0.016254,0.017587,-0.021317
1706615768,2017383,0.105345,0.031125,-9.619903,-0.009326,0.020518,-0.025847
1706615768,2017407,0.193930,-0.009577,-9.548077,-0.013323,0.019718,-0.023982
1706615768,2017432,0.069432,-0.009577,-9.569624,-0.014655,0.020784,-0.022116
1706615768,2017456,0.150835,0.052672,-9.538500,-0.013590,0.016254,-0.022116
1706615768,2017480,0.112527,0.033519,-9.483433,-0.017054,0.011991,-0.022916
1706615768,2017506,0.093374,0.016759,-9.502586,-0.011724,0.015721,-0.020518
1706615768,2017531,0.150835,-0.007183,-9.557653,-0.012790,0.015721,-0.021317
1706615768,2017555,0.100556,-0.026336,-9.514558,-0.015188,0.016787,-0.021317
1706615768,2017579,0.057461,0.040701,-9.543288,-0.011724,0.019452,-0.019718
1706615768,2017603,0.076614,0.002394,-9.576807,-0.014655,0.016254,-0.022916
1706615768,2017628,0.093374,-0.035913,-9.519346,-0.015188,0.019718,-0.019452
1706615768,2017652,0.122104,0.043096,-9.476251,-0.012790,0.019452,-0.021583
1706615768,2017678,0.081403,-0.033519,-9.521740,-0.012790,0.021583,-0.021583
1706615768,2017702,0.117316,0.004788,-9.572019,-0.013323,0.016254,-0.021583
1706615768,2017727,0.086191,-0.016759,-9.493010,-0.014123,0.014655,-0.019185
1706615768,2017751,0.093374,0.055067,-9.538500,-0.011991,0.016787,-0.024248
1706615768,2017775,0.158017,-0.062249,-9.564836,-0.013590,0.019185,-0.018119
1706615769,2017799,0.088585,-0.028730,-9.567230,-0.015188,0.016787,-0.018919
1706615769,2017823,0.067038,0.014365,-9.588778,-0.015988,0.015188,-0.020784
1706615769,2017849,0.067038,0.014365,-9.526528,-0.014123,0.017587,-0.022649
1706615769,2017874,0.055067,-0.047884,-9.476251,-0.012524,0.017587,-0.020251
1706615769,2017898,0.047884,-0.011971,-9.598354,-0.014389,0.019452,-0.022116
1706615769,2017923,0.114922,0.002394,-9.531317,-0.017054,0.014123,-0.020518
1706615769,2017947,0.071826,-0.062249,-9.507375,-0.011458,0.019985,-0.021850
1706615769,2017971,0.122104,0.002394,-9.543288,-0.015721,0.020784,-0.022116
1706615769,2017998,0.134075,-0.055067,-9.555259,-0.014922,0.017587,-0.020518
1706615769,2018023,0.102951,-0.028730,-9.500193,-0.014123,0.016254,-0.020784
1706615769,2018047,0.016759,-0.009577,-9.701305,-0.010392,0.017320,-0.018386
1706615769,2018072,0.067038,0.011971,-9.473856,-0.012257,0.017587,-0.018652
1706615769,2018096,0.047884,-0.019154,-9.512163,-0.013856,0.019452,-0.022383
1706615769,2018121,0.050278,-0.021548,-9.512163,-0.012524,0.017320,-0.021051
1706615769,2018145,0.081403,-0.050278,-9.516952,-0.015721,0.017054,-0.021051
1706615769,2018172,0.129287,-0.040701,-9.521740,-0.014123,0.015188,-0.023449
1706615769,2018196,0.179565,-0.016759,-9.502586,-0.012790,0.017587,-0.021051
1706615769,2018221,0.136469,0.000000,-9.512163,-0.011458,0.017587,-0.021051
1706615769,2018245,0.162806,0.007183,-9.512163,-0.015721,0.018652,-0.020518
1706615769,2018270,0.181959,-0.088585,-9.583989,-0.013057,0.019452,-0.021317
1706615769,2018294,0.124498,-0.050278,-9.528923,-0.013057,0.020518,-0.021583
1706615769,2018319,0.095768,0.007183,-9.421184,-0.016787,0.019985,-0.020784
1706615769,2018346,0.090980,0.000000,-9.557653,-0.013323,0.018652,-0.020518
1706615769,2018370,0.031125,-0.043096,-9.560047,-0.014123,0.015455,-0.021583
1706615769,2018394,0.043096,-0.007183,-9.481039,-0.011724,0.018919,-0.022383
1706615769,2018419,0.076614,0.059855,-9.550470,-0.011191,0.015455,-0.021583
1706615769,2018444,0.088585,-0.028730,-9.564836,-0.014389,0.016254,-0.019718
1706615769,2018468,0.117316,-0.028730,-9.435549,-0.013323,0.015721,-0.023182
1706615769,2018495,0.129287,0.004788,-9.536105,-0.011991,0.019452,-0.017853
1706615769,2018519,0.174777,0.011971,-9.461885,-0.015188,0.013057,-0.022649
1706615769,2018544,0.136469,0.016759,-9.435549,-0.012257,0.016787,-0.022649
1706615769,2018568,0.102951,-0.014365,-9.562442,-0.015455,0.018652,-0.018652
1706615769,2018593,0.102951,-0.090980,-9.531317,-0.014123,0.017587,-0.022916
1706615769,2018617,0.119710,-0.002394,-9.536105,-0.012524,0.015988,-0.018119
1706615769,2018642,0.083797,0.026336,-9.435549,-0.014123,0.017054,-0.023715
1706615769,2018669,0.122104,-0.028730,-9.521740,-0.014123,0.016787,-0.021317
1706615769,2018693,0.102951,-0.071826,-9.483433,-0.011991,0.018386,-0.023982
1706615769,2018718,0.112527,-0.019154,-9.397242,-0.016787,0.017320,-0.019185
1706615769,2018742,0.086191,-0.011971,-9.583989,-0.014922,0.018386,-0.023182
1706615769,2018767,0.064643,0.035913,-9.481039,-0.015721,0.017853,-0.020784
1706615770,2018791,0.055067,-0.059855,-9.500193,-0.014655,0.015721,-0.021317
1706615770,2018816,0.112527,-0.076614,-9.526528,-0.014123,0.016254,-0.023715
1706615770,2018842,0.083797,0.009577,-9.586384,-0.016254,0.020784,-0.022916
1706615770,2018867,0.107739,-0.014365,-9.485827,-0.016521,0.017320,-0.021051
1706615770,2018891,0.064643,-0.071826,-9.557653,-0.015188,0.021051,-0.022116
1706615770,2018916,0.174777,-0.040701,-9.471462,-0.012524,0.019718,-0.020784
1706615770,2018940,0.069432,-0.045490,-9.512163,-0.010126,0.015988,-0.018386
1706615770,2018965,0.090980,-0.038307,-9.437943,-0.013856,0.015988,-0.020251
1706615770,2018991,0.083797,-0.019154,-9.526528,-0.013590,0.016521,-0.024515
1706615770,2019016,0.122104,-0.090980,-9.488221,-0.011724,0.018652,-0.021317
1706615770,2019040,0.110133,-0.028730,-9.538500,-0.015988,0.019452,-0.022916
1706615770,2019065,0.136469,-0.055067,-9.550470,-0.013323,0.017853,-0.020251
1706615770,2019089,0.083797,-0.033519,-9.428367,-0.013856,0.017054,-0.020251
1706615770,2019114,0.102951,0.011971,-9.528923,-0.015721,0.018919,-0.021051
1706615770,2019138,0.069432,-0.011971,-9.512163,-0.013590,0.019185,-0.021850
1706615770,2019173,0.074220,-0.011971,-9.516952,-0.013057,0.015721,-0.019985
1706615770,2019199,0.095768,-0.007183,-9.562442,-0.016254,0.016787,-0.023982
1706615770,2019223,0.045490,-0.033519,-9.476251,-0.013856,0.017054,-0.018919
1706615770,2019247,0.131681,-0.019154,-9.548077,-0.010126,0.018119,-0.018919
1706615770,2019271,0.117316,-0.002394,-9.476251,-0.013590,0.015455,-0.019985
1706615770,2019295,0.186748,0.038307,-9.595961,-0.013323,0.017853,-0.023182
1706615770,2019319,0.057461,-0.057461,-9.363723,-0.012790,0.016254,-0.022383
1706615770,2019346,0.102951,-0.043096,-9.526528,-0.011991,0.017853,-0.019985
1706615770,2019370,0.138864,-0.040701,-9.560047,-0.015455,0.018386,-0.019985
1706615770,2019394,0.124498,0.007183,-9.552865,-0.014123,0.018386,-0.022649
1706615770,2019418,0.114922,-0.038307,-9.600749,-0.013323,0.019985,-0.021317
1706615770,2019443,0.150835,-0.016759,-9.586384,-0.011991,0.015988,-0.019985
1706615770,2019467,0.045490,0.009577,-9.516952,-0.016787,0.017320,-0.019452
1706615770,2019493,0.098162,-0.057461,-9.452309,-0.015188,0.017853,-0.021051
1706615770,2019517,0.090980,0.002394,-9.469068,-0.013856,0.016787,-0.021317
1706615770,2019542,0.162806,0.062249,-9.504981,-0.012257,0.018386,-0.019985
1706615770,2019566,0.124498,0.038307,-9.495404,-0.013856,0.017853,-0.022916
1706615770,2019590,0.098162,-0.009577,-9.497798,-0.017320,0.016254,-0.021583
1706615770,2019614,0.083797,-0.002394,-9.564836,-0.011991,0.017853,-0.020251
1706615770,2019638,0.093374,-0.009577,-9.478644,-0.014655,0.017853,-0.022916
1706615770,2019665,0.122104,-0.004788,-9.493010,-0.011991,0.016254,-0.022116
1706615770,2019689,0.105345,-0.057461,-9.536105,-0.012524,0.019452,-0.023449
1706615770,2019713,0.090980,0.040701,-9.662998,-0.013323,0.018652,-0.022116
1706615770,2019737,0.086191,-0.026336,-9.512163,-0.011458,0.018919,-0.019985
1706615770,2019762,0.138864,-0.004788,-9.507375,-0.014123,0.017320,-0.022649
1706615771,2019786,0.117316,0.002394,-9.581595,-0.011724,0.017054,-0.021317
1706615771,2019810,0.124498,0.002394,-9.543288,-0.011991,0.016254,-0.024515
1706615771,2019836,0.122104,-0.021548,-9.445126,-0.012257,0.016521,-0.023982
1706615771,2019861,0.093374,-0.002394,-9.524135,-0.013057,0.017320,-0.019985
1706615771,2019885,0.136469,-0.045490,-9.411607,-0.013590,0.016521,-0.021317
1706615771,2019909,0.148441,-0.043096,-9.497798,-0.012790,0.018652,-0.022383
1706615771,2019933,0.110133,0.009577,-9.466674,-0.012790,0.020784,-0.021051
1706615771,2019957,0.134075,-0.023942,-9.504981,-0.013323,0.017587,-0.021850
1706615771,2019984,0.134075,-0.033519,-9.595961,-0.017054,0.015455,-0.023182
1706615771,2020008,0.107739,-0.026336,-9.514558,-0.014123,0.018386,-0.022383
1706615771,2020032,0.124498,-0.083797,-9.504981,-0.013856,0.017320,-0.019985
1706615771,2020056,0.069432,-0.021548,-9.536105,-0.013057,0.017320,-0.022649
1706615771,2020081,0.110133,-0.035913,-9.528923,-0.011991,0.018119,-0.021051
1706615771,2020105,0.155623,-0.016759,-9.514558,-0.013323,0.018652,-0.021317
1706615771,2020129,0.105345,0.014365,-9.639056,-0.013057,0.016521,-0.023449
1706615771,2020155,0.193930,-0.038307,-9.581595,-0.015721,0.019985,-0.021317
1706615771,2020180,0.098162,0.014365,-9.490616,-0.014655,0.018652,-0.021583
1706615771,2020204,0.071826,-0.035913,-9.512163,-0.016254,0.018119,-0.022116
1706615771,2020228,0.098162,-0.076614,-9.548077,-0.013856,0.018652,-0.021317
1706615771,2020252,0.105345,0.011971,-9.610326,-0.013323,0.017054,-0.023449
1706615771,2020276,0.117316,-0.086191,-9.562442,-0.015988,0.016521,-0.018652
1706615771,2020301,0.129287,-0.052672,-9.423578,-0.013323,0.019718,-0.022649
1706615771,2020327,0.134075,0.033519,-9.478644,-0.013323,0.017320,-0.022916
1706615771,2020351,0.186748,-0.002394,-9.488221,-0.014655,0.019185,-0.022383
1706615771,2020375,0.112527,0.002394,-9.617508,-0.015188,0.017853,-0.021583
1706615771,2020399,0.095768,-0.031125,-9.502586,-0.016787,0.017853,-0.021850
1706615771,2020424,0.160412,-0.047884,-9.531317,-0.013057,0.015188,-0.021583
1706615771,2020448,0.162806,-0.057461,-9.512163,-0.013590,0.018652,-0.023449
1706615771,2020474,0.083797,0.047884,-9.490616,-0.013057,0.014655,-0.017587
1706615771,2020499,0.047884,-0.035913,-9.478644,-0.013590,0.016521,-0.019718
1706615771,2020523,0.124498,0.002394,-9.457097,-0.014655,0.018386,-0.022649
1706615771,2020547,0.057461,0.002394,-9.622296,-0.014655,0.013590,-0.021583
1706615771,2020572,0.069432,0.023942,-9.497798,-0.014922,0.018386,-0.020518
1706615771,2020596,0.102951,0.009577,-9.598354,-0.015988,0.017320,-0.021850
1706615771,2020621,0.131681,0.016759,-9.464279,-0.014922,0.017320,-0.019985
1706615771,2020647,0.076614,-0.023942,-9.440337,-0.015721,0.013057,-0.022383
1706615771,2020672,0.069432,-0.028730,-9.619903,-0.013590,0.017853,-0.019452
1706615771,2020696,0.083797,-0.033519,-9.550470,-0.012257,0.016254,-0.018652
1706615771,2020721,0.076614,-0.016759,-9.514558,-0.015188,0.015455,-0.020784
1706615771,2020745,0.055067,-0.038307,-9.512163,-0.011724,0.015455,-0.021317
1706615771,2020770,0.117316,-0.016759,-9.454702,-0.014389,0.020251,-0.023982
1706615772,2020794,0.102951,0.040701,-9.593566,-0.011991,0.017320,-0.021583
1706615772,2020821,0.143652,-0.011971,-9.476251,-0.015455,0.018386,-0.020251
1706615772,2020846,0.059855,0.079009,-9.509769,-0.013323,0.021051,-0.021317
1706615772,2020870,0.155623,-0.011971,-9.488221,-0.014123,0.019718,-0.018652
1706615772,2020895,0.143652,-0.059855,-9.579201,-0.012790,0.015721,-0.018919
1706615772,2020919,0.102951,-0.033519,-9.457097,-0.012790,0.017054,-0.022916
1706615772,2020943,0.052672,-0.016759,-9.500193,-0.014389,0.015188,-0.019985
1706615772,2020970,0.088585,-0.021548,-9.461885,-0.013057,0.016254,-0.019185
1706615772,2020995,0.114922,0.047884,-9.502586,-0.014123,0.015188,-0.021317
1706615772,2021019,0.052672,0.023942,-9.514558,-0.015188,0.019185,-0.019452
1706615772,2021044,0.122104,-0.028730,-9.528923,-0.011991,0.016254,-0.019985
1706615772,2021068,0.076614,-0.040701,-9.495404,-0.011191,0.020518,-0.022383
1706615772,2021093,0.122104,0.026336,-9.646238,-0.015988,0.018652,-0.022916
1706615772,2021117,0.098162,0.011971,-9.581595,-0.016254,0.018386,-0.021583
1706615772,2021144,0.141258,0.000000,-9.581595,-0.015721,0.016254,-0.020518
1706615772,2021169,0.033519,0.043096,-9.526528,-0.012790,0.017054,-0.023982
1706615772,2021193,0.129287,-0.031125,-9.545682,-0.013057,0.017587,-0.018652
1706615772,2021218,0.100556,-0.014365,-9.514558,-0.016521,0.017054,-0.023449
1706615772,2021242,0.026336,-0.004788,-9.560047,-0.016521,0.020251,-0.019985
1706615772,2021267,0.110133,-0.052672,-9.483433,-0.013856,0.016254,-0.021317
1706615772,2021291,0.102951,-0.033519,-9.502586,-0.013323,0.014655,-0.023715
1706615772,2021318,0.134075,0.019154,-9.533711,-0.014922,0.015988,-0.021850
1706615772,2021343,0.150835,0.004788,-9.464279,-0.014922,0.020784,-0.025847
1706615772,2021367,0.146046,-0.057461,-9.504981,-0.010392,0.019718,-0.022649
1706615772,2021392,0.165200,-0.035913,-9.521740,-0.015455,0.015455,-0.017320
1706615772,2021416,0.086191,-0.040701,-9.500193,-0.012257,0.017054,-0.019452
1706615772,2021441,0.071826,-0.026336,-9.555259,-0.013057,0.016787,-0.021850
1706615772,2021465,0.126893,-0.019154,-9.495404,-0.015455,0.015721,-0.020518
1706615772,2021492,0.071826,-0.011971,-9.497798,-0.015988,0.019718,-0.021051
1706615772,2021517,0.114922,-0.002394,-9.449914,-0.014922,0.017054,-0.022916
1706615772,2021541,0.122104,0.023942,-9.497798,-0.016254,0.017853,-0.021583
1706615772,2021566,0.088585,-0.023942,-9.548077,-0.010658,0.017853,-0.022383
1706615772,2021590,0.098162,-0.009577,-9.536105,-0.014655,0.015455,-0.024781
1706615772,2021615,0.110133,0.000000,-9.500193,-0.013590,0.017054,-0.021051
1706615772,2021641,0.076614,0.009577,-9.593566,-0.017054,0.016521,-0.020784
1706615772,2021666,0.102951,0.031125,-9.516952,-0.014123,0.020251,-0.022649
1706615772,2021690,0.043096,-0.004788,-9.552865,-0.010392,0.016521,-0.022916
1706615772,2021715,0.086191,-0.035913,-9.569624,-0.015188,0.018119,-0.023182
1706615772,2021739,0.126893,-0.023942,-9.531317,-0.015188,0.017054,-0.021317
1706615772,2021764,0.129287,0.007183,-9.495404,-0.014123,0.016521,-0.023982
1706615773,2021788,0.119710,-0.038307,-9.579201,-0.017054,0.018919,-0.020251
1706615773,2021834,0.110133,-0.016759,-9.516952,-0.011991,0.023449,-0.024248
1706615773,2021859,0.107739,-0.026336,-9.519346,-0.011991,0.015721,-0.021317
1706615773,2021883,0.062249,-0.045490,-9.512163,-0.014922,0.019718,-0.019985
1706615773,2021907,0.119710,0.014365,-9.533711,-0.013590,0.020518,-0.023715
1706615773,2021931,0.045490,-0.016759,-9.473856,-0.011191,0.021583,-0.020784
1706615773,2021955,0.011971,-0.011971,-9.545682,-0.016521,0.015721,-0.022649
1706615773,2021979,0.095768,0.016759,-9.504981,-0.011724,0.017320,-0.021583
1706615773,2022006,0.122104,0.055067,-9.500193,-0.013856,0.017054,-0.019718
1706615773,2022030,0.095768,-0.062249,-9.569624,-0.015188,0.017587,-0.021317
1706615773,2022054,0.090980,-0.055067,-9.528923,-0.015721,0.017054,-0.022383
1706615773,2022078,0.110133,-0.007183,-9.560047,-0.013590,0.020251,-0.021583
1706615773,2022103,0.071826,-0.067038,-9.440337,-0.014655,0.018919,-0.018119
1706615773,2022127,0.112527,-0.004788,-9.519346,-0.014922,0.017853,-0.023982
1706615773,2022153,0.057461,-0.009577,-9.543288,-0.013856,0.014655,-0.020518
1706615773,2022177,0.069432,-0.004788,-9.639056,-0.015188,0.018119,-0.021583
1706615773,2022202,0.150835,0.023942,-9.433155,-0.014655,0.015721,-0.021850
1706615773,2022226,0.141258,-0.023942,-9.531317,-0.014655,0.020518,-0.020251
1706615773,2022250,0.067038,0.009577,-9.514558,-0.014389,0.017587,-0.023715
1706615773,2022274,0.076614,-0.021548,-9.421184,-0.012524,0.016521,-0.017853
1706615773,2022298,0.090980,0.016759,-9.533711,-0.014389,0.015988,-0.019718
1706615773,2022325,0.076614,-0.016759,-9.488221,-0.013590,0.018119,-0.020518
1706615773,2022349,0.119710,-0.057461,-9.648633,-0.016254,0.018919,-0.019985
1706615773,2022373,0.095768,-0.016759,-9.567230,-0.015455,0.018652,-0.019985
1706615773,2022397,0.117316,-0.062249,-9.514558,-0.010925,0.016254,-0.021583
1706615773,2022422,0.057461,-0.047884,-9.617508,-0.012524,0.020784,-0.019185
1706615773,2022446,0.122104,0.028730,-9.552865,-0.014922,0.016787,-0.021051
1706615773,2022470,0.114922,-0.035913,-9.560047,-0.011191,0.019718,-0.021583
1706615773,2022496,0.129287,0.000000,-9.509769,-0.013323,0.018919,-0.019718
1706615773,2022521,0.107739,0.014365,-9.543288,-0.016521,0.019452,-0.020784
1706615773,2022545,0.098162,0.014365,-9.591172,-0.012257,0.019185,-0.021850
1706615773,2022569,0.098162,-0.026336,-9.540894,-0.011991,0.017320,-0.025047
1706615773,2022593,0.093374,0.002394,-9.583989,-0.014123,0.018119,-0.020784
1706615773,2022617,0.110133,-0.031125,-9.476251,-0.014123,0.019718,-0.019718
1706615773,2022644,0.090980,-0.028730,-9.643845,-0.014922,0.017587,-0.025047
1706615773,2022668,0.141258,-0.028730,-9.536105,-0.015188,0.016521,-0.022383
1706615773,2022692,0.069432,-0.002394,-9.504981,-0.014655,0.015721,-0.022383
1706615773,2022716,0.114922,-0.052672,-9.603143,-0.014389,0.020251,-0.020784
1706615773,2022741,0.102951,0.014365,-9.540894,-0.013856,0.015455,-0.019185
1706615773,2022765,0.107739,-0.026336,-9.447520,-0.013057,0.015721,-0.023182
1706615774,2022789,0.155623,0.019154,-9.552865,-0.013590,0.018652,-0.021051
1706615774,2022815,0.105345,-0.026336,-9.519346,-0.012257,0.015988,-0.022116
1706615774,2022840,0.095768,-0.062249,-9.581595,-0.013323,0.017054,-0.021850
1706615774,2022864,0.117316,0.007183,-9.490616,-0.013057,0.018119,-0.019985
1706615774,2022888,0.047884,-0.031125,-9.375694,-0.016521,0.019185,-0.019985
1706615774,2022912,0.045490,0.007183,-9.603143,-0.014389,0.018652,-0.021317
1706615774,2022936,0.105345,0.004788,-9.564836,-0.013856,0.019718,-0.021583
1706615774,2022961,0.119710,-0.045490,-9.493010,-0.011724,0.015721,-0.017853
1706615774,2022987,0.064643,0.019154,-9.519346,-0.015721,0.013323,-0.023715
1706615774,2023011,0.086191,-0.026336,-9.538500,-0.014123,0.016787,-0.022649
1706615774,2023035,0.088585,-0.021548,-9.526528,-0.013057,0.017320,-0.023449
1706615774,2023059,0.098162,0.040701,-9.526528,-0.010392,0.018919,-0.020518
1706615774,2023084,0.064643,0.011971,-9.531317,-0.012790,0.018386,-0.019452
1706615774,2023108,0.088585,-0.016759,-9.562442,-0.015455,0.017054,-0.021583
1706615774,2023134,0.083797,0.011971,-9.526528,-0.014655,0.018652,-0.020251
1706615774,2023159,0.110133,-0.031125,-9.495404,-0.013590,0.017054,-0.018119
1706615774,2023183,0.134075,-0.016759,-9.478644,-0.016787,0.017853,-0.021051
1706615774,2023207,0.122104,-0.023942,-9.526528,-0.010658,0.017320,-0.020251
1706615774,2023232,0.074220,-0.040701,-9.538500,-0.014922,0.020251,-0.020251
1706615774,2023256,0.035913,-0.021548,-9.548077,-0.013856,0.021850,-0.018919
1706615774,2023281,0.112527,-0.028730,-9.447520,-0.013856,0.017320,-0.023182
1706615774,2023307,0.062249,-0.011971,-9.574412,-0.015188,0.017320,-0.020251
1706615774,2023332,0.076614,-0.011971,-9.550470,-0.010658,0.018386,-0.018652
1706615774,2023356,0.074220,-0.011971,-9.528923,-0.016521,0.019718,-0.016787
1706615774,2023381,0.131681,-0.026336,-9.562442,-0.015455,0.017320,-0.021850
1706615774,2023405,0.134075,-0.007183,-9.461885,-0.012790,0.019985,-0.018386
1706615774,2023430,0.057461,0.000000,-9.562442,-0.014123,0.020784,-0.023715
1706615774,2023454,0.093374,0.019154,-9.461885,-0.013856,0.019985,-0.020518
1706615774,2023481,0.102951,-0.074220,-9.454702,-0.012257,0.020784,-0.021850
1706615774,2023506,0.088585,-0.031125,-9.593566,-0.014922,0.016254,-0.019985
1706615774,2023530,0.136469,-0.047884,-9.512163,-0.015455,0.016254,-0.019985
1706615774,2023555,0.110133,-0.055067,-9.526528,-0.014123,0.019185,-0.021583
1706615774,2023579,0.122104,-0.052672,-9.569624,-0.014922,0.025047,-0.020784
1706615774,2023604,0.105345,-0.043096,-9.543288,-0.013323,0.018652,-0.019718
1706615774,2023630,0.090980,0.026336,-9.528923,-0.013323,0.017853,-0.022116
1706615774,2023655,0.102951,-0.031125,-9.428367,-0.013856,0.015455,-0.021850
1706615774,2023679,0.165200,-0.040701,-9.545682,-0.016787,0.015988,-0.022916
1706615774,2023704,0.102951,0.011971,-9.459491,-0.015721,0.017320,-0.022916
1706615774,2023728,0.110133,-0.074220,-9.548077,-0.013323,0.018652,-0.023449
1706615774,2023753,0.124498,0.000000,-9.437943,-0.013057,0.017853,-0.021850
1706615775,2023777,0.117316,-0.045490,-9.598354,-0.013590,0.015721,-0.019185
1706615775,2023804,0.112527,-0.016759,-9.533711,-0.010925,0.017320,-0.023715
1706615775,2023828,0.150835,0.059855,-9.543288,-0.014655,0.020251,-0.021583
1706615775,2023853,0.079009,-0.016759,-9.483433,-0.013590,0.019985,-0.019985
1706615775,2023877,0.136469,-0.019154,-9.519346,-0.013323,0.016254,-0.019985
1706615775,2023902,0.095768,0.016759,-9.533711,-0.014655,0.016521,-0.020784
1706615775,2023926,0.141258,-0.007183,-9.562442,-0.015455,0.016521,-0.021583
1706615775,2023951,0.086191,-0.057461,-9.550470,-0.015188,0.018119,-0.021051
1706615775,2023978,0.083797,-0.040701,-9.564836,-0.014123,0.015455,-0.021317
1706615775,2024002,0.095768,0.064643,-9.483433,-0.014123,0.018386,-0.021051
1706615775,2024027,0.131681,-0.009577,-9.569624,-0.013323,0.013590,-0.019185
1706615775,2024051,0.090980,-0.019154,-9.406818,-0.013590,0.018386,-0.022383
1706615775,2024076,0.050278,-0.040701,-9.490616,-0.015988,0.018386,-0.019718
1706615775,2024100,0.110133,-0.031125,-9.574412,-0.015188,0.017054,-0.019985
1706615775,2024127,0.102951,-0.045490,-9.454702,-0.009859,0.016521,-0.019185
1706615775,2024151,0.081403,-0.026336,-9.528923,-0.015455,0.014655,-0.021317
1706615775,2024176,0.126893,-0.004788,-9.574412,-0.013323,0.014655,-0.022649
1706615775,2024200,0.117316,-0.038307,-9.581595,-0.013856,0.013856,-0.020251
1706615775,2024225,0.110133,0.000000,-9.583989,-0.013323,0.018386,-0.021051
1706615775,2024249,0.160412,0.021548,-9.543288,-0.013590,0.016787,-0.020251
1706615775,2024274,0.093374,-0.007183,-9.485827,-0.013323,0.019452,-0.024515
1706615775,2024300,0.074220,-0.011971,-9.531317,-0.014389,0.014922,-0.023449
1706615775,2024325,0.088585,-0.040701,-9.394848,-0.017587,0.021583,-0.021850
1706615775,2024349,0.088585,-0.023942,-9.572019,-0.015455,0.016254,-0.019718
1706615775,2024374,0.098162,-0.004788,-9.469068,-0.011991,0.020251,-0.020251
1706615775,2024398,0.064643,0.011971,-9.469068,-0.018652,0.018652,-0.021583
1706615775,2024423,0.105345,0.014365,-9.504981,-0.013323,0.014389,-0.024515
1706615775,2024447,0.074220,-0.031125,-9.557653,-0.014922,0.015188,-0.021051
1706615775,2024482,0.064643,-0.031125,-9.619903,-0.015988,0.017054,-0.022916
1706615775,2024508,0.162806,-0.026336,-9.514558,-0.011991,0.020518,-0.021850
1706615775,2024532,0.086191,0.002394,-9.526528,-0.014389,0.018652,-0.021317
1706615775,2024556,0.158017,0.026336,-9.562442,-0.013590,0.019452,-0.019718
1706615775,2024580,0.083797,-0.038307,-9.531317,-0.015455,0.017587,-0.020251
1706615775,2024604,0.131681,-0.004788,-9.497798,-0.015188,0.018386,-0.019718
1706615775,2024631,0.100556,-0.035913,-9.548077,-0.014123,0.017587,-0.019185
1706615775,2024655,0.117316,0.002394,-9.433155,-0.013323,0.018652,-0.019985
1706615775,2024679,0.079009,-0.019154,-9.564836,-0.013057,0.018386,-0.021317
1706615775,2024703,0.158017,-0.055067,-9.428367,-0.013323,0.017320,-0.017853
1706615775,2024727,0.119710,-0.055067,-9.564836,-0.012790,0.019452,-0.022649
1706615775,2024752,0.093374,-0.031125,-9.548077,-0.014922,0.014389,-0.019718
1706615776,2024776,0.105345,-0.004788,-9.514558,-0.015455,0.015455,-0.019185
1706615776,2024802,0.131681,0.035913,-9.564836,-0.014655,0.017853,-0.019985
1706615776,2024826,0.059855,-0.055067,-9.543288,-0.011724,0.018386,-0.020518
1706615776,2024851,0.110133,-0.035913,-9.543288,-0.014389,0.017587,-0.018919
1706615776,2024875,0.124498,0.047884,-9.469068,-0.014389,0.017320,-0.022916
1706615776,2024899,0.162806,-0.047884,-9.545682,-0.013057,0.016254,-0.021583
1706615776,2024923,0.028730,-0.007183,-9.610326,-0.013323,0.017853,-0.019985
1706615776,2024947,0.062249,0.023942,-9.576807,-0.011724,0.019185,-0.022383
1706615776,2024974,0.119710,-0.033519,-9.509769,-0.011991,0.016254,-0.021051
1706615776,2024998,0.057461,0.055067,-9.538500,-0.015988,0.015988,-0.020784
1706615776,2025022,0.093374,-0.021548,-9.564836,-0.015188,0.017853,-0.022116
1706615776,2025046,0.102951,0.009577,-9.557653,-0.016254,0.018652,-0.018919
1706615776,2025071,0.074220,-0.062249,-9.488221,-0.015188,0.021317,-0.025047
1706615776,2025095,0.102951,-0.079009,-9.598354,-0.013590,0.018386,-0.021583
1706615776,2025121,0.167594,-0.028730,-9.416395,-0.012790,0.015721,-0.019718
1706615776,2025145,0.033519,0.019154,-9.579201,-0.012257,0.017320,-0.023982
1706615776,2025170,0.067038,-0.004788,-9.500193,-0.012790,0.015721,-0.019452
1706615776,2025194,0.126893,-0.055067,-9.428367,-0.015455,0.018919,-0.021583
1706615776,2025218,0.052672,0.007183,-9.543288,-0.012257,0.020518,-0.018919
1706615776,2025242,0.055067,-0.033519,-9.485827,-0.011724,0.016787,-0.022649
1706615776,2025266,0.090980,-0.031125,-9.500193,-0.017320,0.019985,-0.022116
1706615776,2025293,0.143652,-0.033519,-9.509769,-0.012790,0.017320,-0.022383
1706615776,2025317,0.081403,0.004788,-9.555259,-0.018119,0.019185,-0.021850
1706615776,2025341,0.088585,-0.062249,-9.495404,-0.014655,0.021051,-0.021850
1706615776,2025366,0.105345,0.009577,-9.562442,-0.016521,0.019185,-0.020518
1706615776,2025390,0.110133,0.002394,-9.497798,-0.012524,0.019185,-0.020251
1706615776,2025414,0.153229,0.002394,-9.411607,-0.014922,0.016787,-0.020784
1706615776,2025438,0.122104,-0.035913,-9.421184,-0.013590,0.014922,-0.022649
1706615776,2025465,0.093374,0.004788,-9.512163,-0.014389,0.017853,-0.019985
1706615776,2025489,0.153229,-0.035913,-9.536105,-0.012790,0.021051,-0.021051
1706615776,2025513,0.117316,-0.031125,-9.473856,-0.017320,0.016521,-0.025047
1706615776,2025538,0.081403,-0.023942,-9.557653,-0.013057,0.021317,-0.020251
1706615776,2025562,0.129287,0.007183,-9.562442,-0.014922,0.018652,-0.020784
1706615776,2025586,0.050278,-0.040701,-9.507375,-0.017320,0.018919,-0.020784
1706615776,2025612,0.093374,0.059855,-9.504981,-0.013590,0.019718,-0.021051
1706615776,2025636,0.081403,-0.033519,-9.500193,-0.013323,0.019452,-0.022916
1706615776,2025661,0.090980,-0.021548,-9.504981,-0.013057,0.015988,-0.017853
1706615776,2025685,0.172383,-0.081403,-9.466674,-0.015455,0.018919,-0.020784
1706615776,2025709,0.102951,-0.040701,-9.588778,-0.012257,0.020518,-0.018386
1706615776,2025733,0.126893,-0.007183,-9.624691,-0.014655,0.020518,-0.023449
1706615776,2025757,0.023942,-0.026336,-9.485827,-0.014655,0.020784,-0.022116
1706615777,2025784,0.088585,0.016759,-9.457097,-0.012790,0.022116,-0.023182
1706615777,2025808,0.114922,0.000000,-9.485827,-0.011991,0.018386,-0.022116
1706615777,2025833,0.071826,0.028730,-9.485827,-0.015455,0.016521,-0.022116
1706615777,2025857,0.083797,-0.033519,-9.476251,-0.012257,0.016787,-0.021583
1706615777,2025881,0.031125,-0.004788,-9.536105,-0.013856,0.014389,-0.021317
1706615777,2025906,0.129287,-0.045490,-9.500193,-0.015721,0.018386,-0.021850
1706615777,2025930,0.117316,-0.040701,-9.619903,-0.012790,0.016254,-0.021317
1706615777,2025957,0.081403,-0.026336,-9.567230,-0.016521,0.017054,-0.022383
1706615777,2025982,0.088585,-0.028730,-9.502586,-0.012790,0.018386,-0.018652
1706615777,2026006,0.181959,-0.014365,-9.564836,-0.010925,0.015721,-0.021317
1706615777,2026031,0.162806,-0.021548,-9.526528,-0.010392,0.019718,-0.024781
1706615777,2026055,0.098162,0.009577,-9.564836,-0.013590,0.014655,-0.024781
1706615777,2026080,0.071826,-0.019154,-9.478644,-0.013590,0.020251,-0.020518
1706615777,2026107,0.055067,-0.004788,-9.423578,-0.013323,0.014123,-0.024781
1706615777,2026131,0.112527,0.014365,-9.502586,-0.014922,0.017853,-0.022916
1706615777,2026156,0.083797,-0.007183,-9.476251,-0.013856,0.018919,-0.021583
1706615777,2026180,0.162806,0.045490,-9.504981,-0.015721,0.019718,-0.019452
1706615777,2026204,0.102951,-0.043096,-9.459491,-0.011991,0.018919,-0.021051
1706615777,2026229,0.083797,0.038307,-9.437943,-0.013856,0.015188,-0.022383
1706615777,2026253,0.098162,-0.016759,-9.497798,-0.010925,0.018386,-0.022116
1706615777,2026280,0.131681,0.083797,-9.536105,-0.014922,0.016254,-0.018386
1706615777,2026305,0.071826,-0.043096,-9.564836,-0.015188,0.017320,-0.022116
1706615777,2026329,0.067038,-0.055067,-9.552865,-0.014389,0.018386,-0.021850
1706615777,2026354,0.112527,-0.100556,-9.464279,-0.016787,0.018119,-0.023182
1706615777,2026378,0.069432,-0.043096,-9.490616,-0.011991,0.014655,-0.019718
1706615777,2026403,0.033519,-0.035913,-9.552865,-0.014389,0.023182,-0.021317
1706615777,2026427,0.071826,-0.026336,-9.490616,-0.014922,0.015988,-0.025047
1706615777,2026454,0.110133,0.026336,-9.473856,-0.014922,0.018919,-0.021850
1706615777,2026479,0.071826,0.014365,-9.493010,-0.013590,0.019452,-0.020518
1706615777,2026503,0.119710,-0.009577,-9.493010,-0.014655,0.019185,-0.020784
1706615777,2026527,0.095768,0.004788,-9.490616,-0.014922,0.020518,-0.021583
1706615777,2026552,0.071826,-0.033519,-9.469068,-0.012524,0.022649,-0.018652
1706615777,2026576,0.112527,-0.009577,-9.576807,-0.014655,0.019452,-0.019452
1706615777,2026603,0.110133,0.002394,-9.531317,-0.014123,0.014922,-0.021317
1706615777,2026628,0.076614,-0.038307,-9.682152,-0.015455,0.017054,-0.020784
1706615777,2026652,0.050278,-0.071826,-9.658210,-0.012257,0.013856,-0.018119
1706615777,2026677,0.088585,0.026336,-9.483433,-0.015188,0.018652,-0.021583
1706615777,2026701,0.093374,-0.043096,-9.495404,-0.011991,0.019452,-0.025047
1706615777,2026726,0.064643,-0.004788,-9.406818,-0.014389,0.019718,-0.020518
1706615777,2026750,0.095768,-0.009577,-9.607931,-0.011724,0.017587,-0.019452
1706615778,2026777,0.131681,0.014365,-9.457097,-0.014655,0.014389,-0.020784
1706615778,2026801,0.102951,-0.045490,-9.552865,-0.014123,0.018386,-0.021317
1706615778,2026826,0.100556,0.035913,-9.416395,-0.011191,0.018386,-0.021850
1706615778,2026850,0.162806,-0.009577,-9.543288,-0.013590,0.017587,-0.019452
1706615778,2026875,0.086191,-0.016759,-9.447520,-0.014389,0.017853,-0.018652
1706615778,2026899,0.086191,0.047884,-9.619903,-0.014655,0.017320,-0.022383
1706615778,2026924,0.110133,-0.026336,-9.516952,-0.014123,0.016254,-0.020518
1706615778,2026951,0.124498,0.081403,-9.516952,-0.014389,0.015188,-0.024248
1706615778,2026975,0.117316,-0.052672,-9.550470,-0.016254,0.017587,-0.021051
1706615778,2026999,0.112527,-0.031125,-9.552865,-0.013323,0.019185,-0.022649
1706615778,2027024,0.064643,-0.028730,-9.488221,-0.014655,0.015988,-0.019718
1706615778,2027048,0.105345,-0.007183,-9.504981,-0.012790,0.018652,-0.025047
1706615778,2027073,0.155623,-0.047884,-9.550470,-0.014389,0.017054,-0.019718
1706615778,2027097,0.055067,-0.040701,-9.466674,-0.014655,0.018652,-0.021583
1706615778,2027132,0.045490,-0.009577,-9.469068,-0.013057,0.015188,-0.019718
1706615778,2027158,0.169988,-0.002394,-9.495404,-0.013856,0.017587,-0.021051
1706615778,2027182,0.107739,0.002394,-9.442732,-0.016787,0.013856,-0.023715
1706615778,2027206,0.067038,0.000000,-9.619903,-0.010925,0.014922,-0.022116
1706615778,2027230,0.088585,0.007183,-9.593566,-0.015188,0.017587,-0.019985
1706615778,2027254,0.052672,0.016759,-9.449914,-0.015188,0.019452,-0.021850
1706615778,2027281,0.105345,-0.021548,-9.548077,-0.013856,0.015455,-0.022383
1706615778,2027305,0.136469,-0.023942,-9.521740,-0.010925,0.018386,-0.023982
1706615778,2027329,0.090980,-0.028730,-9.576807,-0.011458,0.018119,-0.023715
1706615778,2027353,0.179565,-0.045490,-9.516952,-0.014655,0.020784,-0.023182
1706615778,2027378,0.083797,0.009577,-9.567230,-0.014389,0.013856,-0.020784
1706615778,2027402,0.136469,0.019154,-9.495404,-0.014123,0.016787,-0.023182
1706615778,2027426,0.105345,0.014365,-9.502586,-0.010925,0.017853,-0.022916
1706615778,2027453,0.083797,0.014365,-9.540894,-0.013856,0.014655,-0.021051
1706615778,2027477,0.153229,0.021548,-9.610326,-0.011724,0.016254,-0.022649
1706615778,2027501,0.095768,0.035913,-9.485827,-0.014655,0.017853,-0.021051
1706615778,2027525,0.067038,-0.047884,-9.500193,-0.013057,0.015721,-0.019452
1706615778,2027549,0.107739,-0.050278,-9.543288,-0.014123,0.018386,-0.019452
1706615778,2027574,0.093374,-0.033519,-9.545682,-0.012257,0.016521,-0.018386
1706615778,2027598,0.083797,-0.040701,-9.562442,-0.012257,0.019452,-0.023715
1706615778,2027624,0.088585,0.045490,-9.572019,-0.014922,0.017853,-0.018919
1706615778,2027648,0.102951,-0.038307,-9.488221,-0.013323,0.017853,-0.019985
1706615778,2027673,0.093374,0.002394,-9.557653,-0.015988,0.015988,-0.023449
1706615778,2027697,0.050278,-0.023942,-9.555259,-0.012790,0.020251,-0.022383
1706615778,2027721,0.110133,-0.009577,-9.586384,-0.014389,0.018652,-0.021317
1706615778,2027745,0.105345,-0.040701,-9.421184,-0.013057,0.019985,-0.020518
1706615778,2027772,0.088585,0.011971,-9.490616,-0.013590,0.017587,-0.022116
1706615779,2027796,0.064643,0.009577,-9.481039,-0.012790,0.020518,-0.018919
1706615779,2027820,0.136469,0.004788,-9.485827,-0.014655,0.015188,-0.019718
1706615779,2027844,0.098162,-0.011971,-9.526528,-0.013323,0.016787,-0.022116
1706615779,2027868,0.088585,-0.009577,-9.469068,-0.011724,0.017587,-0.019185
1706615779,2027893,0.143652,-0.040701,-9.560047,-0.012524,0.018652,-0.023182
1706615779,2027917,0.150835,0.021548,-9.555259,-0.011458,0.018919,-0.021583
1706615779,2027943,0.062249,-0.004788,-9.430760,-0.013590,0.016787,-0.020784
1706615779,2027967,0.098162,-0.019154,-9.552865,-0.013057,0.016521,-0.019985
1706615779,2027992,0.069432,-0.045490,-9.641450,-0.012790,0.018652,-0.020251
1706615779,2028016,0.076614,-0.031125,-9.536105,-0.015721,0.021317,-0.022383
1706615779,2028040,0.122104,0.002394,-9.507375,-0.013856,0.017587,-0.019985
1706615779,2028064,0.112527,-0.031125,-9.502586,-0.014655,0.020518,-0.024515
1706615779,2028088,0.117316,0.021548,-9.569624,-0.012524,0.021583,-0.022649
1706615779,2028115,0.174777,-0.026336,-9.509769,-0.012257,0.015721,-0.020784
1706615779,2028139,0.098162,-0.019154,-9.507375,-0.012257,0.018386,-0.022383
1706615779,2028163,0.088585,-0.100556,-9.521740,-0.012524,0.019185,-0.019985
1706615779,2028187,0.155623,-0.021548,-9.519346,-0.014123,0.014389,-0.021850
1706615779,2028212,0.062249,0.009577,-9.483433,-0.014389,0.014655,-0.020518
1706615779,2028236,0.110133,-0.014365,-9.581595,-0.012790,0.015988,-0.021051
1706615779,2028262,0.043096,0.019154,-9.567230,-0.015455,0.020251,-0.018386
1706615779,2028286,0.079009,0.016759,-9.507375,-0.009859,0.016521,-0.023182
1706615779,2028310,0.122104,0.035913,-9.495404,-0.015988,0.021850,-0.020784
1706615779,2028335,0.071826,-0.007183,-9.449914,-0.015188,0.018386,-0.023449
1706615779,2028359,0.117316,-0.035913,-9.524135,-0.014123,0.018119,-0.018386
1706615779,2028383,0.155623,0.033519,-9.610326,-0.011991,0.017320,-0.019985
1706615779,2028407,0.102951,0.057461,-9.519346,-0.012524,0.014922,-0.020518
1706615779,2028433,0.088585,-0.002394,-9.579201,-0.014123,0.017853,-0.021850
1706615779,2028458,0.083797,-0.045490,-9.502586,-0.014389,0.015721,-0.020518
1706615779,2028482,0.110133,-0.019154,-9.483433,-0.014655,0.017054,-0.021317
1706615779,2028507,0.126893,-0.026336,-9.481039,-0.011724,0.014123,-0.022649
1706615779,2028531,0.112527,-0.016759,-9.471462,-0.013590,0.016521,-0.019985
1706615779,2028556,0.134075,0.000000,-9.526528,-0.013590,0.016787,-0.021317
1706615779,2028580,0.158017,-0.031125,-9.493010,-0.013323,0.018386,-0.020784
1706615779,2028607,0.119710,-0.004788,-9.545682,-0.015988,0.016787,-0.020251
1706615779,2028631,0.071826,-0.016759,-9.481039,-0.015721,0.015721,-0.019718
1706615779,2028656,0.169988,-0.074220,-9.543288,-0.014655,0.017320,-0.020251
1706615779,2028680,0.083797,0.011971,-9.493010,-0.012790,0.018652,-0.018652
1706615779,2028705,0.067038,-0.035913,-9.526528,-0.013323,0.019185,-0.021317
1706615779,2028729,0.043096,-0.011971,-9.504981,-0.013057,0.018386,-0.021051
1706615779,2028756,0.079009,-0.007183,-9.579201,-0.011458,0.018386,-0.021317
1706615780,2028780,0.122104,-0.043096,-9.406818,-0.012257,0.019452,-0.022116
1706615780,2028805,0.100556,-0.026336,-9.591172,-0.011458,0.020784,-0.017853
1706615780,2028829,0.102951,-0.021548,-9.500193,-0.014655,0.019718,-0.022383
1706615780,2028854,0.122104,0.033519,-9.593566,-0.013590,0.020784,-0.023449
1706615780,2028878,0.100556,-0.023942,-9.483433,-0.013057,0.017320,-0.018919
1706615780,2028903,0.086191,0.002394,-9.516952,-0.012790,0.017587,-0.021317
1706615780,2028930,0.067038,-0.023942,-9.531317,-0.013057,0.017054,-0.022916
1706615780,2028954,0.079009,-0.067038,-9.524135,-0.012524,0.017054,-0.020518
1706615780,2028979,0.105345,-0.002394,-9.428367,-0.013856,0.017587,-0.022916
1706615780,2029003,0.162806,-0.062249,-9.579201,-0.013856,0.014123,-0.022383
1706615780,2029027,0.122104,-0.009577,-9.600749,-0.015188,0.017320,-0.020518
1706615780,2029052,0.086191,-0.009577,-9.579201,-0.011991,0.019185,-0.021317
1706615780,2029076,0.071826,-0.007183,-9.454702,-0.012257,0.016254,-0.022383
1706615780,2029103,0.076614,-0.002394,-9.538500,-0.012257,0.014922,-0.020251
1706615780,2029128,0.098162,0.002394,-9.557653,-0.012257,0.015988,-0.023182
1706615780,2029152,0.102951,-0.038307,-9.543288,-0.014655,0.015721,-0.019718
1706615780,2029177,0.047884,-0.045490,-9.536105,-0.015188,0.017320,-0.022916
1706615780,2029201,0.122104,-0.016759,-9.579201,-0.014922,0.016521,-0.020251
1706615780,2029226,0.129287,-0.040701,-9.519346,-0.011191,0.022649,-0.022649
1706615780,2029252,0.069432,-0.016759,-9.476251,-0.016254,0.017320,-0.021583
1706615780,2029277,0.043096,-0.019154,-9.483433,-0.017587,0.013856,-0.021850
1706615780,2029302,0.102951,-0.050278,-9.548077,-0.014922,0.015988,-0.021583
1706615780,2029326,0.074220,-0.016759,-9.545682,-0.015721,0.013590,-0.021051
1706615780,2029351,0.095768,-0.045490,-9.509769,-0.013323,0.016254,-0.020251
1706615780,2029375,0.098162,-0.074220,-9.615114,-0.015188,0.019452,-0.020251
1706615780,2029400,0.155623,-0.040701,-9.521740,-0.013590,0.018919,-0.022916
1706615780,2029426,0.126893,-0.016759,-9.629479,-0.013323,0.018119,-0.020784
1706615780,2029451,0.050278,-0.004788,-9.610326,-0.017587,0.017320,-0.021051
1706615780,2029475,0.076614,0.009577,-9.430760,-0.014655,0.017320,-0.021051
1706615780,2029500,0.201113,0.000000,-9.509769,-0.014123,0.018386,-0.020251
1706615780,2029524,0.114922,0.021548,-9.536105,-0.014922,0.018919,-0.023182
1706615780,2029549,0.098162,-0.050278,-9.605537,-0.015188,0.017320,-0.022116
1706615780,2029573,0.112527,-0.057461,-9.502586,-0.014389,0.019718,-0.019452
1706615780,2029600,0.057461,0.045490,-9.543288,-0.013323,0.016521,-0.021317
1706615780,2029625,0.112527,-0.059855,-9.579201,-0.014123,0.018386,-0.021317
1706615780,2029649,0.143652,-0.016759,-9.437943,-0.014922,0.016254,-0.023182
1706615780,2029673,0.076614,0.047884,-9.471462,-0.012257,0.017587,-0.024515
1706615780,2029698,0.146046,-0.100556,-9.509769,-0.015988,0.016521,-0.021850
1706615780,2029722,0.186748,0.014365,-9.560047,-0.014655,0.018919,-0.020518
1706615780,2029757,0.131681,0.002394,-9.574412,-0.013856,0.017853,-0.019185
1706615781,2029783,0.062249,-0.033519,-9.418790,-0.012524,0.018119,-0.022116
1706615781,2029807,0.081403,-0.019154,-9.476251,-0.014922,0.014922,-0.019718
1706615781,2029831,0.122104,0.000000,-9.564836,-0.016254,0.017054,-0.019452
1706615781,2029855,0.090980,0.045490,-9.521740,-0.013323,0.014655,-0.021051
1706615781,2029880,0.050278,-0.047884,-9.634268,-0.012524,0.019185,-0.023182
1706615781,2029904,0.098162,-0.047884,-9.574412,-0.011724,0.015455,-0.019985
1706615781,2029930,0.081403,-0.011971,-9.533711,-0.012257,0.019452,-0.021051
1706615781,2029954,0.102951,-0.023942,-9.481039,-0.015188,0.019185,-0.021051
1706615781,2029979,0.076614,-0.028730,-9.526528,-0.014922,0.019452,-0.019452
1706615781,2030003,0.124498,-0.026336,-9.579201,-0.014123,0.012790,-0.019985
1706615781,2030027,0.083797,-0.002394,-9.485827,-0.010925,0.015988,-0.025047
1706615781,2030051,0.119710,-0.002394,-9.540894,-0.013057,0.021583,-0.023982
1706615781,2030075,0.119710,-0.057461,-9.538500,-0.014922,0.019452,-0.021317
1706615781,2030102,0.086191,-0.023942,-9.521740,-0.012790,0.014922,-0.023982
1706615781,2030126,0.150835,0.014365,-9.490616,-0.011191,0.015188,-0.023182
1706615781,2030150,0.069432,-0.031125,-9.533711,-0.012257,0.021051,-0.023449
1706615781,2030175,0.050278,-0.004788,-9.540894,-0.010392,0.018652,-0.021051
1706615781,2030199,0.146046,-0.002394,-9.540894,-0.013323,0.017587,-0.021583
1706615781,2030223,0.138864,0.009577,-9.538500,-0.015988,0.017853,-0.021317
1706615781,2030250,0.079009,0.002394,-9.457097,-0.010925,0.020251,-0.020251
1706615781,2030274,0.090980,-0.040701,-9.473856,-0.015188,0.019185,-0.022649
1706615781,2030298,0.090980,0.057461,-9.490616,-0.013057,0.018652,-0.020518
1706615781,2030322,0.057461,0.043096,-9.619903,-0.015988,0.017853,-0.020518
1706615781,2030346,0.069432,-0.026336,-9.466674,-0.013590,0.021051,-0.021850
1706615781,2030371,0.177171,0.000000,-9.595961,-0.013590,0.017320,-0.019718
1706615781,2030395,0.112527,-0.035913,-9.540894,-0.012524,0.018386,-0.018386
1706615781,2030421,0.124498,-0.014365,-9.536105,-0.013856,0.016521,-0.021850
1706615781,2030446,0.172383,0.033519,-9.514558,-0.015455,0.017853,-0.021317
1706615781,2030470,0.148441,0.000000,-9.519346,-0.012790,0.017587,-0.020784
1706615781,2030494,0.050278,0.011971,-9.521740,-0.017054,0.016521,-0.021850
1706615781,2030518,0.074220,-0.028730,-9.493010,-0.013590,0.017853,-0.020518
1706615781,2030542,0.102951,-0.002394,-9.490616,-0.011724,0.017853,-0.021583
1706615781,2030567,0.090980,-0.033519,-9.502586,-0.014123,0.015988,-0.020518
1706615781,2030593,0.055067,0.021548,-9.583989,-0.012790,0.017054,-0.019452
1706615781,2030617,0.110133,-0.040701,-9.564836,-0.013856,0.016254,-0.020251
1706615781,2030641,0.095768,0.019154,-9.528923,-0.011191,0.022116,-0.019985
1706615781,2030666,0.064643,-0.064643,-9.423578,-0.012790,0.017587,-0.023449
1706615781,2030690,0.126893,0.011971,-9.552865,-0.010925,0.018119,-0.021051
1706615781,2030714,0.122104,-0.016759,-9.490616,-0.016254,0.018119,-0.022383
1706615781,2030740,0.095768,0.023942,-9.579201,-0.012524,0.017054,-0.022383
1706615781,2030765,0.141258,-0.047884,-9.454702,-0.012257,0.016521,-0.020251
1706615782,2030789,0.114922,-0.038307,-9.425972,-0.013323,0.019452,-0.021850
1706615782,2030813,0.169988,-0.069432,-9.500193,-0.013590,0.017054,-0.023449
1706615782,2030837,0.107739,0.014365,-9.514558,-0.016254,0.018919,-0.020784
1706615782,2030861,0.045490,-0.023942,-9.509769,-0.013590,0.018919,-0.018919
1706615782,2030886,0.110133,0.011971,-9.483433,-0.015988,0.015188,-0.019185
1706615782,2030912,0.069432,-0.050278,-9.500193,-0.013057,0.017320,-0.023982
1706615782,2030936,0.119710,-0.033519,-9.466674,-0.014389,0.016787,-0.019718
1706615782,2030960,0.074220,0.026336,-9.473856,-0.018119,0.017853,-0.022116
1706615782,2030984,0.081403,-0.004788,-9.469068,-0.010925,0.018652,-0.020251
1706615782,2031008,0.126893,0.007183,-9.478644,-0.012790,0.019985,-0.021583
1706615782,2031033,0.124498,0.009577,-9.497798,-0.012524,0.018119,-0.019452
1706615782,2031057,0.105345,0.002394,-9.519346,-0.012524,0.018386,-0.022649
1706615782,2031083,0.112527,-0.009577,-9.562442,-0.017054,0.016787,-0.021051
1706615782,2031108,0.071826,0.007183,-9.581595,-0.011991,0.019985,-0.020784
1706615782,2031132,0.136469,-0.059855,-9.538500,-0.014922,0.015988,-0.020518
1706615782,2031156,0.105345,0.002394,-9.562442,-0.012524,0.017054,-0.021850
1706615782,2031181,0.009577,0.000000,-9.600749,-0.014389,0.018386,-0.020784
1706615782,2031205,0.110133,0.028730,-9.504981,-0.015455,0.018652,-0.018119
1706615782,2031230,0.076614,-0.043096,-9.514558,-0.014655,0.015988,-0.020784
1706615782,2031256,0.076614,-0.014365,-9.540894,-0.011724,0.017853,-0.019185
1706615782,2031281,0.138864,0.050278,-9.588778,-0.011991,0.017320,-0.021583
1706615782,2031305,0.122104,0.031125,-9.574412,-0.012524,0.018386,-0.021317
1706615782,2031330,0.090980,0.004788,-9.605537,-0.014389,0.012524,-0.017054
1706615782,2031355,0.045490,-0.007183,-9.610326,-0.013323,0.018386,-0.018652
1706615782,2031379,0.126893,-0.004788,-9.473856,-0.012257,0.020784,-0.022916
1706615782,2031406,0.112527,0.062249,-9.452309,-0.014655,0.019718,-0.022916
1706615782,2031430,0.047884,-0.079009,-9.454702,-0.009593,0.016787,-0.021317
1706615782,2031455,0.110133,0.011971,-9.653421,-0.013057,0.016254,-0.020784
1706615782,2031479,0.081403,0.023942,-9.488221,-0.015988,0.018386,-0.021850
1706615782,2031504,0.102951,-0.002394,-9.567230,-0.011191,0.022916,-0.021583
1706615782,2031528,0.146046,0.002394,-9.512163,-0.012790,0.021317,-0.018119
1706615782,2031553,0.059855,-0.047884,-9.615114,-0.014123,0.018919,-0.022916
1706615782,2031580,0.069432,-0.035913,-9.461885,-0.011191,0.019985,-0.019185
1706615782,2031604,0.117316,0.004788,-9.504981,-0.013856,0.015721,-0.022383
1706615782,2031628,0.110133,-0.011971,-9.483433,-0.013323,0.019185,-0.021317
1706615782,2031653,0.107739,-0.021548,-9.497798,-0.013057,0.020518,-0.022116
1706615782,2031677,0.093374,0.000000,-9.552865,-0.015455,0.017853,-0.020518
1706615782,2031702,0.071826,-0.011971,-9.595961,-0.016787,0.015988,-0.021317
1706615782,2031726,0.100556,-0.023942,-9.435549,-0.012257,0.017054,-0.021850
1706615782,2031753,0.160412,-0.043096,-9.583989,-0.013057,0.016254,-0.021583
1706615783,2031778,0.076614,-0.043096,-9.504981,-0.012257,0.018919,-0.022116
1706615783,2031802,0.067038,-0.016759,-9.557653,-0.013856,0.017320,-0.021317
1706615783,2031827,0.074220,0.007183,-9.449914,-0.013323,0.018119,-0.019452
1706615783,2031851,0.114922,-0.004788,-9.526528,-0.015721,0.015721,-0.020784
1706615783,2031876,0.126893,0.031125,-9.488221,-0.011458,0.018919,-0.021317
1706615783,2031902,0.114922,-0.021548,-9.440337,-0.014922,0.019452,-0.020251
1706615783,2031927,0.110133,-0.045490,-9.540894,-0.013057,0.018652,-0.022383
1706615783,2031951,0.098162,-0.045490,-9.550470,-0.013323,0.020251,-0.021317
1706615783,2031976,0.079009,-0.033519,-9.504981,-0.015188,0.014922,-0.022916
1706615783,2032000,0.102951,0.004788,-9.476251,-0.012790,0.017320,-0.022649
1706615783,2032025,0.098162,0.021548,-9.586384,-0.010392,0.017320,-0.019985
1706615783,2032049,0.090980,0.055067,-9.562442,-0.014389,0.020251,-0.021051
1706615783,2032076,0.122104,-0.026336,-9.521740,-0.012790,0.014123,-0.023449
1706615783,2032101,0.114922,-0.023942,-9.588778,-0.012790,0.020518,-0.021850
1706615783,2032125,0.102951,0.000000,-9.490616,-0.014655,0.017054,-0.021051
1706615783,2032149,0.081403,0.045490,-9.509769,-0.015188,0.020518,-0.019718
1706615783,2032174,0.102951,0.004788,-9.557653,-0.014389,0.015988,-0.022916
1706615783,2032198,0.165200,0.002394,-9.521740,-0.015988,0.015988,-0.022649
1706615783,2032223,0.052672,0.011971,-9.574412,-0.012790,0.016787,-0.025047
1706615783,2032250,0.076614,-0.076614,-9.473856,-0.014123,0.020784,-0.021051
1706615783,2032274,0.122104,0.016759,-9.533711,-0.013590,0.017853,-0.020251
1706615783,2032299,0.122104,-0.047884,-9.574412,-0.014389,0.017320,-0.023715
1706615783,2032323,0.081403,-0.067038,-9.519346,-0.009593,0.014655,-0.023182
1706615783,2032347,0.107739,-0.035913,-9.416395,-0.014922,0.015721,-0.023715
1706615783,2032372,0.067038,-0.069432,-9.512163,-0.012257,0.014922,-0.023182
1706615783,2032407,0.090980,-0.023942,-9.428367,-0.014123,0.013856,-0.021317
1706615783,2032432,0.131681,-0.021548,-9.526528,-0.015188,0.017054,-0.019185
1706615783,2032456,0.160412,-0.031125,-9.524135,-0.011458,0.016787,-0.021850
1706615783,2032481,0.107739,-0.074220,-9.545682,-0.014655,0.015988,-0.022116
1706615783,2032505,0.090980,-0.002394,-9.588778,-0.011991,0.015988,-0.020518
1706615783,2032529,0.031125,-0.023942,-9.557653,-0.013856,0.020251,-0.022116
1706615783,2032553,0.196325,0.035913,-9.548077,-0.010126,0.016254,-0.021051
1706615783,2032579,0.129287,0.026336,-9.610326,-0.014389,0.016521,-0.019185
1706615783,2032604,0.093374,-0.014365,-9.574412,-0.015455,0.019452,-0.020784
1706615783,2032628,0.119710,-0.057461,-9.524135,-0.013057,0.014922,-0.019452
1706615783,2032652,0.134075,-0.047884,-9.457097,-0.012524,0.020518,-0.020518
1706615783,2032676,0.014365,-0.067038,-9.519346,-0.012790,0.019985,-0.021850
1706615783,2032700,0.193930,0.035913,-9.500193,-0.017320,0.018652,-0.022116
1706615783,2032725,0.090980,0.007183,-9.586384,-0.014389,0.019185,-0.021850
1706615783,2032751,0.177171,-0.007183,-9.548077,-0.012524,0.019185,-0.021317
1706615783,2032775,0.110133,0.016759,-9.421184,-0.011724,0.014922,-0.020784
1706615784,2032799,0.150835,-0.021548,-9.531317,-0.013323,0.020518,-0.019185
1706615784,2032824,0.062249,0.000000,-9.610326,-0.013057,0.013057,-0.020784
1706615784,2032848,0.105345,0.004788,-9.469068,-0.013323,0.014655,-0.022916
1706615784,2032872,0.110133,-0.055067,-9.452309,-0.013323,0.019985,-0.019452
1706615784,2032898,0.110133,-0.074220,-9.528923,-0.014389,0.015721,-0.020518
1706615784,2032923,0.148441,0.023942,-9.500193,-0.016787,0.013323,-0.022649
1706615784,2032947,0.114922,0.038307,-9.603143,-0.015455,0.017054,-0.020784
1706615784,2032971,0.098162,-0.038307,-9.562442,-0.016254,0.020518,-0.020518
1706615784,2032995,0.134075,-0.009577,-9.576807,-0.013590,0.017054,-0.021051
1706615784,2033019,0.064643,0.009577,-9.526528,-0.014123,0.016521,-0.025047
1706615784,2033044,0.062249,-0.038307,-9.500193,-0.013856,0.015988,-0.020518
1706615784,2033070,0.124498,-0.045490,-9.485827,-0.013323,0.016787,-0.019452
1706615784,2033094,0.081403,-0.011971,-9.550470,-0.016521,0.017853,-0.023715
1706615784,2033118,0.076614,0.016759,-9.564836,-0.014922,0.017320,-0.022116
1706615784,2033143,0.064643,-0.021548,-9.425972,-0.014123,0.018652,-0.019985
1706615784,2033167,0.131681,0.019154,-9.562442,-0.013057,0.020518,-0.022916
1706615784,2033191,0.076614,-0.028730,-9.500193,-0.013590,0.013590,-0.018386
1706615784,2033215,0.102951,-0.028730,-9.493010,-0.013323,0.018119,-0.021850
1706615784,2033242,0.074220,0.016759,-9.536105,-0.015721,0.017320,-0.021850
1706615784,2033266,0.122104,-0.016759,-9.428367,-0.013856,0.016521,-0.019718
1706615784,2033290,0.081403,0.021548,-9.605537,-0.013590,0.016521,-0.022116
1706615784,2033314,0.067038,-0.004788,-9.500193,-0.012790,0.013057,-0.025580
1706615784,2033339,0.098162,0.031125,-9.516952,-0.016787,0.019452,-0.019452
1706615784,2033363,0.105345,-0.038307,-9.490616,-0.012790,0.018919,-0.019985
1706615784,2033389,0.074220,0.009577,-9.490616,-0.014655,0.017853,-0.019985
1706615784,2033414,0.035913,-0.067038,-9.507375,-0.013057,0.015988,-0.019452
1706615784,2033438,0.076614,-0.028730,-9.421184,-0.013323,0.014655,-0.021317
1706615784,2033462,0.153229,-0.011971,-9.543288,-0.013590,0.016521,-0.019718
1706615784,2033486,0.083797,-0.026336,-9.471462,-0.013323,0.013323,-0.020251
1706615784,2033511,0.150835,-0.021548,-9.560047,-0.014123,0.020784,-0.019718
1706615784,2033535,0.134075,0.019154,-9.447520,-0.011191,0.019185,-0.023715
1706615784,2033561,0.074220,0.014365,-9.581595,-0.015188,0.018119,-0.025314
1706615784,2033585,0.158017,-0.007183,-9.557653,-0.017320,0.018119,-0.021850
1706615784,2033609,0.126893,-0.019154,-9.447520,-0.012524,0.018386,-0.019718
1706615784,2033633,0.079009,-0.033519,-9.507375,-0.011991,0.019452,-0.019985
1706615784,2033658,0.122104,0.007183,-9.500193,-0.013323,0.014922,-0.022383
1706615784,2033682,0.119710,-0.062249,-9.416395,-0.012790,0.016521,-0.019718
1706615784,2033706,0.105345,-0.040701,-9.521740,-0.014655,0.017587,-0.018652
1706615784,2033732,0.138864,-0.057461,-9.581595,-0.015721,0.019718,-0.019452
1706615784,2033757,0.098162,0.000000,-9.519346,-0.015188,0.017587,-0.021583
1706615785,2033781,0.122104,0.009577,-9.552865,-0.012524,0.018652,-0.019452
1706615785,2033806,0.153229,0.014365,-9.504981,-0.015188,0.017054,-0.020251
1706615785,2033830,0.114922,-0.026336,-9.519346,-0.014389,0.015988,-0.022649
1706615785,2033855,0.095768,-0.004788,-9.572019,-0.013057,0.015455,-0.023182
1706615785,2033881,0.086191,-0.035913,-9.581595,-0.014389,0.017320,-0.022916
1706615785,2033906,0.071826,-0.026336,-9.524135,-0.017054,0.018386,-0.022116
1706615785,2033930,0.038307,-0.031125,-9.514558,-0.014922,0.016521,-0.022916
1706615785,2033955,0.105345,-0.014365,-9.586384,-0.014655,0.015988,-0.021583
1706615785,2033979,0.093374,0.011971,-9.493010,-0.014655,0.015188,-0.021317
1706615785,2034004,0.081403,-0.081403,-9.583989,-0.014123,0.017853,-0.019985
1706615785,2034028,0.141258,-0.052672,-9.595961,-0.011991,0.017587,-0.024248
1706615785,2034055,0.110133,-0.031125,-9.531317,-0.013590,0.016787,-0.020251
1706615785,2034080,0.114922,-0.011971,-9.500193,-0.013323,0.018652,-0.021051
1706615785,2034104,0.090980,-0.028730,-9.600749,-0.011191,0.015988,-0.019452
1706615785,2034129,0.023942,-0.007183,-9.490616,-0.010658,0.017853,-0.023449
1706615785,2034153,0.129287,-0.043096,-9.533711,-0.014123,0.019985,-0.021583
1706615785,2034178,0.107739,-0.026336,-9.430760,-0.015188,0.016254,-0.021317
1706615785,2034202,0.100556,-0.086191,-9.490616,-0.014389,0.014123,-0.021051
1706615785,2034229,0.086191,0.000000,-9.550470,-0.014389,0.018919,-0.022383
1706615785,2034254,0.074220,-0.031125,-9.488221,-0.012524,0.013323,-0.024515
1706615785,2034278,0.045490,-0.035913,-9.536105,-0.013057,0.017587,-0.019718
1706615785,2034303,0.098162,-0.040701,-9.454702,-0.015455,0.016521,-0.022116
1706615785,2034327,0.129287,-0.038307,-9.516952,-0.016254,0.020518,-0.022383
1706615785,2034352,0.076614,-0.026336,-9.591172,-0.014655,0.017320,-0.021850
1706615785,2034378,0.131681,-0.052672,-9.512163,-0.011724,0.017853,-0.024248
1706615785,2034403,0.105345,-0.040701,-9.509769,-0.016521,0.018386,-0.022116
1706615785,2034428,0.079009,-0.028730,-9.493010,-0.015188,0.010126,-0.023982
1706615785,2034463,0.074220,-0.031125,-9.469068,-0.011724,0.015721,-0.023182
1706615785,2034487,0.119710,-0.009577,-9.524135,-0.015188,0.014389,-0.019452
1706615785,2034512,0.100556,-0.023942,-9.528923,-0.014123,0.021051,-0.023982
1706615785,2034536,0.095768,-0.057461,-9.569624,-0.018652,0.019452,-0.019985
1706615785,2034563,0.081403,0.052672,-9.521740,-0.015455,0.015455,-0.023182
1706615785,2034587,0.102951,0.016759,-9.447520,-0.017054,0.017587,-0.024781
1706615785,2034612,0.153229,-0.038307,-9.524135,-0.011458,0.016787,-0.020518
1706615785,2034636,0.100556,-0.019154,-9.493010,-0.012790,0.015455,-0.024248
1706615785,2034661,0.062249,0.026336,-9.612720,-0.007994,0.019452,-0.024248
1706615785,2034685,0.100556,-0.071826,-9.473856,-0.011991,0.018119,-0.022116
1706615785,2034710,0.102951,0.019154,-9.514558,-0.010658,0.017054,-0.021317
1706615785,2034736,0.122104,-0.014365,-9.548077,-0.014922,0.016521,-0.020784
1706615785,2034761,0.050278,0.014365,-9.583989,-0.015188,0.016787,-0.020518
1706615786,2034785,0.098162,0.002394,-9.485827,-0.013057,0.017587,-0.022116
1706615786,2034810,0.110133,0.009577,-9.425972,-0.013856,0.015988,-0.019452
1706615786,2034834,0.155623,0.002394,-9.531317,-0.011191,0.021051,-0.021583
1706615786,2034859,0.155623,-0.033519,-9.370906,-0.011724,0.014389,-0.019718
1706615786,2034883,0.076614,-0.110133,-9.545682,-0.014922,0.020251,-0.022383
1706615786,2034906,0.114922,-0.016759,-9.593566,-0.012257,0.012524,-0.019985
1706615786,2034931,0.088585,-0.004788,-9.519346,-0.014123,0.019985,-0.022116
1706615786,2034955,0.126893,0.009577,-9.397242,-0.010126,0.020784,-0.020518
1706615786,2034980,0.136469,-0.019154,-9.399636,-0.014123,0.017587,-0.023182
1706615786,2035004,0.110133,-0.026336,-9.526528,-0.010658,0.019718,-0.019985
1706615786,2035028,0.124498,-0.033519,-9.500193,-0.014655,0.018652,-0.019718
1706615786,2035063,0.090980,0.026336,-9.483433,-0.015988,0.015721,-0.022383
1706615786,2035089,0.110133,-0.009577,-9.524135,-0.010925,0.019185,-0.022649
1706615786,2035113,0.129287,-0.023942,-9.504981,-0.014123,0.015721,-0.019985
1706615786,2035137,0.100556,-0.021548,-9.507375,-0.015188,0.019985,-0.019985
1706615786,2035161,0.122104,0.007183,-9.483433,-0.016521,0.020518,-0.020784
1706615786,2035186,0.122104,-0.028730,-9.502586,-0.013323,0.017853,-0.022116
1706615786,2035210,0.098162,-0.038307,-9.500193,-0.013856,0.022383,-0.020518
1706615786,2035236,0.074220,0.059855,-9.548077,-0.012524,0.013590,-0.016787
1706615786,2035260,0.162806,-0.002394,-9.488221,-0.015721,0.019452,-0.024781
1706615786,2035284,0.059855,0.011971,-9.545682,-0.013590,0.017853,-0.020784
1706615786,2035309,0.095768,0.016759,-9.543288,-0.013057,0.023182,-0.025314
1706615786,2035333,0.064643,-0.079009,-9.433155,-0.014123,0.020518,-0.019985
1706615786,2035357,0.148441,0.028730,-9.634268,-0.015988,0.017320,-0.022649
1706615786,2035382,0.107739,0.023942,-9.493010,-0.013856,0.019718,-0.021051
1706615786,2035408,0.131681,0.023942,-9.378088,-0.014655,0.018919,-0.020251
1706615786,2035432,0.107739,-0.031125,-9.449914,-0.014922,0.018119,-0.023715
1706615786,2035457,0.141258,-0.093374,-9.557653,-0.012524,0.016787,-0.021850
1706615786,2035481,0.095768,0.002394,-9.471462,-0.013590,0.019185,-0.023182
1706615786,2035505,0.090980,-0.033519,-9.514558,-0.014389,0.017853,-0.023449
1706615786,2035529,0.126893,-0.014365,-9.478644,-0.016254,0.015721,-0.023182
1706615786,2035556,0.153229,-0.009577,-9.469068,-0.015721,0.019718,-0.020784
1706615786,2035580,0.083797,0.033519,-9.536105,-0.011991,0.018119,-0.024248
1706615786,2035604,0.169988,-0.021548,-9.469068,-0.011191,0.016254,-0.024248
1706615786,2035628,0.098162,-0.021548,-9.610326,-0.012790,0.017320,-0.020784
1706615786,2035652,0.090980,-0.011971,-9.481039,-0.014123,0.014389,-0.023715
1706615786,2035677,0.110133,0.014365,-9.564836,-0.013590,0.017587,-0.021317
1706615786,2035701,0.110133,-0.035913,-9.500193,-0.013323,0.020784,-0.021583
1706615786,2035727,0.129287,0.014365,-9.526528,-0.016521,0.015455,-0.020518
1706615786,2035751,0.146046,0.035913,-9.440337,-0.013590,0.020518,-0.017853
1706615787,2035776,0.129287,0.021548,-9.557653,-0.014655,0.020784,-0.021583
1706615787,2035800,0.079009,0.009577,-9.536105,-0.011991,0.018386,-0.020251
1706615787,2035824,0.083797,-0.031125,-9.536105,-0.014389,0.017320,-0.018386
1706615787,2035848,0.079009,-0.057461,-9.572019,-0.015188,0.015988,-0.022649
1706615787,2035872,0.112527,-0.009577,-9.521740,-0.015721,0.013856,-0.021583
1706615787,2035899,0.155623,-0.093374,-9.454702,-0.013856,0.019718,-0.021850
1706615787,2035923,0.100556,0.023942,-9.528923,-0.012257,0.017054,-0.020518
1706615787,2035947,0.129287,-0.002394,-9.536105,-0.011458,0.016521,-0.023982
1706615787,2035971,0.119710,-0.040701,-9.483433,-0.015721,0.015455,-0.020251
1706615787,2035996,0.153229,-0.014365,-9.562442,-0.011458,0.018652,-0.018386
1706615787,2036020,0.086191,-0.090980,-9.528923,-0.011458,0.016521,-0.019452
1706615787,2036046,0.055067,-0.035913,-9.562442,-0.013856,0.015721,-0.020784
1706615787,2036070,0.100556,-0.026336,-9.600749,-0.016254,0.020784,-0.020518
1706615787,2036095,0.122104,0.050278,-9.552865,-0.015188,0.018386,-0.020518
1706615787,2036119,0.146046,-0.031125,-9.485827,-0.011991,0.016521,-0.021850
1706615787,2036143,0.126893,0.014365,-9.502586,-0.014655,0.015455,-0.018386
1706615787,2036167,0.093374,-0.026336,-9.473856,-0.012524,0.020251,-0.021583
1706615787,2036191,0.067038,-0.026336,-9.464279,-0.013856,0.018119,-0.022649
1706615787,2036218,0.069432,-0.023942,-9.452309,-0.014123,0.014922,-0.018919
1706615787,2036242,0.086191,-0.047884,-9.476251,-0.015188,0.016787,-0.020784
1706615787,2036266,0.105345,-0.069432,-9.504981,-0.011991,0.021051,-0.020518
1706615787,2036290,0.100556,0.007183,-9.526528,-0.015188,0.017587,-0.025847
1706615787,2036314,0.102951,-0.019154,-9.543288,-0.011458,0.017054,-0.021850
1706615787,2036338,0.105345,-0.004788,-9.516952,-0.011458,0.019185,-0.020518
1706615787,2036363,0.088585,0.016759,-9.514558,-0.012790,0.019185,-0.021317
1706615787,2036389,0.143652,-0.004788,-9.476251,-0.014123,0.019985,-0.021051
1706615787,2036414,0.112527,-0.028730,-9.478644,-0.012790,0.017320,-0.019718
1706615787,2036438,0.038307,0.000000,-9.504981,-0.014655,0.016521,-0.022383
1706615787,2036462,0.067038,-0.023942,-9.538500,-0.013856,0.014655,-0.019985
1706615787,2036487,0.088585,0.002394,-9.483433,-0.014389,0.015188,-0.022116
1706615787,2036511,0.102951,0.028730,-9.509769,-0.012257,0.016254,-0.021317
1706615787,2036538,0.136469,-0.016759,-9.500193,-0.011991,0.018386,-0.021317
1706615787,2036563,0.112527,0.055067,-9.514558,-0.014389,0.021051,-0.021051
1706615787,2036587,0.062249,-0.043096,-9.557653,-0.013323,0.017054,-0.022916
1706615787,2036611,0.146046,-0.059855,-9.557653,-0.012790,0.017054,-0.017320
1706615787,2036636,0.117316,-0.002394,-9.540894,-0.013856,0.018919,-0.018652
1706615787,2036660,0.067038,0.002394,-9.435549,-0.013856,0.018119,-0.018652
1706615787,2036685,0.055067,-0.045490,-9.538500,-0.016254,0.019185,-0.020251
1706615787,2036712,0.081403,-0.050278,-9.536105,-0.014922,0.015988,-0.023449
1706615787,2036736,0.114922,0.050278,-9.607931,-0.013590,0.018919,-0.021317
1706615787,2036761,0.081403,-0.059855,-9.521740,-0.013856,0.017587,-0.019185
1706615788,2036785,0.086191,-0.033519,-9.504981,-0.014655,0.017853,-0.021583
1706615788,2036810,0.055067,-0.023942,-9.528923,-0.011458,0.015988,-0.023715
1706615788,2036834,0.090980,-0.009577,-9.639056,-0.013057,0.017587,-0.022916
1706615788,2036859,0.169988,0.007183,-9.406818,-0.013323,0.014123,-0.021317
1706615788,2036885,0.153229,0.019154,-9.358934,-0.013590,0.015455,-0.019718
1706615788,2036910,0.155623,0.007183,-9.670180,-0.013856,0.017054,-0.023182
1706615788,2036934,0.045490,-0.014365,-9.454702,-0.015988,0.016521,-0.019185
1706615788,2036959,0.141258,0.004788,-9.469068,-0.013323,0.016787,-0.022383
1706615788,2036983,0.112527,-0.031125,-9.643845,-0.016254,0.018119,-0.021051
1706615788,2037008,0.131681,-0.016759,-9.603143,-0.015188,0.016521,-0.022116
1706615788,2037035,0.086191,-0.052672,-9.569624,-0.015188,0.018919,-0.023715
1706615788,2037059,0.136469,0.052672,-9.485827,-0.010392,0.018119,-0.022383
1706615788,2037084,0.129287,0.050278,-9.437943,-0.010126,0.015721,-0.019718
1706615788,2037108,0.177171,-0.011971,-9.591172,-0.014389,0.017587,-0.023182
1706615788,2037133,0.117316,-0.040701,-9.540894,-0.013323,0.017853,-0.022383
1706615788,2037157,0.146046,-0.043096,-9.516952,-0.015721,0.022116,-0.020518
1706615788,2037182,0.107739,0.057461,-9.516952,-0.014389,0.014922,-0.020784
1706615788,2037208,0.088585,-0.035913,-9.550470,-0.013057,0.017853,-0.022916
1706615788,2037233,0.148441,0.043096,-9.493010,-0.017054,0.015988,-0.023182
1706615788,2037257,0.136469,0.009577,-9.483433,-0.015988,0.017853,-0.020518
1706615788,2037282,0.136469,0.002394,-9.514558,-0.015721,0.014389,-0.021850
1706615788,2037306,0.122104,0.028730,-9.459491,-0.011724,0.019985,-0.020784
1706615788,2037331,0.141258,-0.083797,-9.502586,-0.016254,0.019452,-0.021850
1706615788,2037355,0.162806,-0.021548,-9.521740,-0.013856,0.020518,-0.019985
1706615788,2037382,0.143652,-0.031125,-9.512163,-0.015188,0.014655,-0.021051
1706615788,2037407,0.117316,0.021548,-9.562442,-0.014123,0.016254,-0.025314
1706615788,2037431,0.081403,-0.021548,-9.473856,-0.015455,0.014922,-0.021051
1706615788,2037456,0.119710,0.040701,-9.579201,-0.014655,0.017320,-0.018119
1706615788,2037480,0.114922,0.038307,-9.514558,-0.012790,0.014123,-0.020784
1706615788,2037505,0.090980,-0.023942,-9.538500,-0.015988,0.018119,-0.021850
1706615788,2037531,0.083797,-0.023942,-9.552865,-0.013856,0.018119,-0.021317
1706615788,2037556,0.110133,-0.014365,-9.476251,-0.015188,0.016254,-0.021850
1706615788,2037580,0.086191,0.000000,-9.504981,-0.012790,0.016254,-0.020251
1706615788,2037605,0.090980,-0.014365,-9.557653,-0.014922,0.017054,-0.020784
1706615788,2037629,0.083797,-0.007183,-9.598354,-0.011724,0.018652,-0.021850
1706615788,2037653,0.035913,-0.023942,-9.397242,-0.013590,0.013856,-0.022649
1706615788,2037678,0.174777,-0.045490,-9.648633,-0.013856,0.018386,-0.021317
1706615788,2037713,0.050278,0.023942,-9.538500,-0.015721,0.016254,-0.017853
1706615788,2037739,0.174777,-0.019154,-9.483433,-0.012257,0.018919,-0.021051
1706615788,2037763,0.052672,0.002394,-9.524135,-0.012790,0.015721,-0.020518
