timestamp,millis,AccX,AccY,AccZ,GyroX,GyroY,GyroZ
1704887685,2040082,0.076614,-0.043096,-9.406818,-0.014922,0.015988,-0.023982
1704887685,2040106,0.117316,0.028730,-9.516952,-0.012790,0.018119,-0.020518
1704887685,2040131,0.059855,0.011971,-9.459491,-0.013323,0.019452,-0.022383
1704887685,2040156,0.050278,0.011971,-9.536105,-0.013057,0.017054,-0.022649
1704887685,2040181,0.047884,0.014365,-9.521740,-0.014655,0.017587,-0.018652
1704887685,2040208,0.059855,-0.011971,-9.509769,-0.017054,0.015721,-0.022649
1704887685,2040232,0.064643,-0.033519,-9.502586,-0.011991,0.017587,-0.022116
1704887685,2040257,0.093374,-0.023942,-9.447520,-0.011991,0.016521,-0.022383
1704887685,2040282,-0.007183,-0.038307,-9.545682,-0.013057,0.015988,-0.019718
1704887685,2040306,0.023942,0.035913,-9.447520,-0.015721,0.016521,-0.023182
1704887685,2040331,0.055067,0.019154,-9.469068,-0.012524,0.019452,-0.023182
1704887685,2040356,0.047884,0.019154,-9.452309,-0.011724,0.015988,-0.020518
1704887685,2040387,0.040701,-0.011971,-9.370906,-0.014655,0.014123,-0.021317
1704887685,2040412,0.050278,0.033519,-9.452309,-0.014922,0.019185,-0.020518
1704887685,2040437,0.011971,-0.019154,-9.560047,-0.014922,0.015988,-0.020784
1704887685,2040461,0.007183,-0.014365,-9.473856,-0.011191,0.017054,-0.022116
1704887685,2040486,0.095768,0.014365,-9.488221,-0.014655,0.015721,-0.023449
1704887685,2040510,0.040701,0.057461,-9.583989,-0.013057,0.023715,-0.022916
1704887685,2040537,0.033519,0.009577,-9.437943,-0.012524,0.021051,-0.020518
1704887685,2040561,0.045490,-0.040701,-9.442732,-0.013856,0.015188,-0.019985
1704887685,2040586,0.114922,0.016759,-9.493010,-0.012257,0.015188,-0.020251
1704887685,2040610,0.050278,0.019154,-9.557653,-0.010392,0.021051,-0.022383
1704887685,2040635,0.107739,0.040701,-9.512163,-0.013057,0.016254,-0.025047
1704887685,2040659,0.031125,0.052672,-9.445126,-0.013590,0.018119,-0.023182
1704887685,2040684,0.093374,-0.031125,-9.457097,-0.013057,0.015988,-0.023182
1704887685,2040710,0.050278,-0.007183,-9.459491,-0.012790,0.016521,-0.021850
1704887685,2040735,0.007183,0.031125,-9.581595,-0.010126,0.018919,-0.023982
1704887685,2040759,0.062249,0.035913,-9.430760,-0.013057,0.017853,-0.023982
1704887685,2040784,0.064643,0.028730,-9.459491,-0.014123,0.016521,-0.022916
1704887685,2040808,0.019154,-0.007183,-9.490616,-0.014123,0.018652,-0.018919
1704887685,2040833,-0.004788,-0.021548,-9.497798,-0.013323,0.017587,-0.021583
1704887685,2040857,0.069432,0.023942,-9.481039,-0.013856,0.020251,-0.024515
1704887685,2040884,0.124498,0.007183,-9.440337,-0.015721,0.016787,-0.023715
1704887685,2040909,0.110133,0.011971,-9.433155,-0.014389,0.014123,-0.021850
1704887685,2040933,0.076614,-0.004788,-9.447520,-0.015188,0.019718,-0.024248
1704887685,2040957,0.069432,-0.009577,-9.531317,-0.012790,0.017320,-0.022116
1704887685,2040982,0.062249,0.009577,-9.440337,-0.012257,0.017853,-0.017853
1704887685,2041006,0.038307,-0.019154,-9.495404,-0.015188,0.018652,-0.023982
1704887685,2041033,0.014365,-0.023942,-9.469068,-0.014123,0.015721,-0.017853
1704887686,2041058,0.114922,-0.026336,-9.437943,-0.011458,0.019452,-0.023182
1704887686,2041082,0.100556,0.033519,-9.418790,-0.013323,0.015721,-0.023182
1704887686,2041107,0.014365,-0.019154,-9.459491,-0.012257,0.014655,-0.023182
1704887686,2041131,0.035913,0.055067,-9.425972,-0.014389,0.015188,-0.021051
1704887686,2041156,0.045490,0.043096,-9.399636,-0.012524,0.017853,-0.020518
1704887686,2041180,0.045490,0.052672,-9.476251,-0.011458,0.018652,-0.020784
1704887686,2041207,0.076614,0.026336,-9.344569,-0.014123,0.019718,-0.021583
1704887686,2041231,0.071826,0.038307,-9.469068,-0.015721,0.017054,-0.021583
1704887686,2041256,0.038307,0.000000,-9.557653,-0.012790,0.014123,-0.020518
1704887686,2041280,0.086191,0.045490,-9.411607,-0.012524,0.016254,-0.022916
1704887686,2041305,0.007183,0.050278,-9.488221,-0.013323,0.020251,-0.021317
1704887686,2041329,0.009577,0.021548,-9.380483,-0.015721,0.018652,-0.021317
1704887686,2041353,0.047884,-0.016759,-9.471462,-0.015455,0.015721,-0.021051
1704887686,2041380,0.114922,-0.016759,-9.457097,-0.016254,0.018119,-0.022383
1704887686,2041405,0.071826,-0.026336,-9.490616,-0.011458,0.020518,-0.025047
1704887686,2041429,0.031125,-0.045490,-9.516952,-0.013856,0.017320,-0.022116
1704887686,2041454,0.045490,0.040701,-9.452309,-0.012524,0.011458,-0.021317
1704887686,2041478,0.043096,0.014365,-9.375694,-0.011991,0.014655,-0.024248
1704887686,2041502,0.038307,0.019154,-9.497798,-0.012790,0.016254,-0.022916
1704887686,2041529,0.067038,-0.035913,-9.512163,-0.011191,0.015721,-0.019185
1704887686,2041554,0.052672,0.004788,-9.457097,-0.014123,0.015988,-0.021850
1704887686,2041578,0.069432,0.014365,-9.507375,-0.013856,0.019452,-0.020784
1704887686,2041602,0.088585,-0.009577,-9.418790,-0.013856,0.016521,-0.021583
1704887686,2041627,-0.011971,0.004788,-9.390059,-0.014655,0.015988,-0.020518
1704887686,2041651,0.026336,0.007183,-9.469068,-0.014389,0.020251,-0.022116
1704887686,2041675,0.033519,0.002394,-9.416395,-0.015721,0.018119,-0.022916
1704887686,2041702,0.004788,-0.004788,-9.447520,-0.013057,0.017054,-0.021051
1704887686,2041727,0.023942,0.016759,-9.433155,-0.011458,0.017054,-0.020518
1704887686,2041752,0.038307,-0.047884,-9.507375,-0.011991,0.016254,-0.020251
1704887686,2041776,0.076614,-0.007183,-9.414001,-0.012524,0.019718,-0.022116
1704887686,2041801,0.057461,-0.023942,-9.504981,-0.011991,0.019452,-0.019985
1704887686,2041826,0.088585,-0.007183,-9.437943,-0.015721,0.015988,-0.025047
1704887686,2041850,0.045490,0.045490,-9.481039,-0.013057,0.021051,-0.023982
1704887686,2041877,0.067038,-0.011971,-9.366117,-0.014389,0.015988,-0.022649
1704887686,2041902,0.040701,0.055067,-9.519346,-0.015188,0.022116,-0.022916
1704887686,2041927,-0.021548,0.055067,-9.402030,-0.013856,0.016254,-0.022649
1704887686,2041952,0.007183,0.002394,-9.469068,-0.014922,0.016254,-0.022649
1704887686,2041976,0.031125,0.021548,-9.519346,-0.014655,0.017320,-0.022649
1704887686,2042001,-0.002394,0.033519,-9.437943,-0.013323,0.015988,-0.021317
1704887686,2042028,0.031125,0.031125,-9.490616,-0.013856,0.018386,-0.021850
1704887687,2042053,0.055067,0.000000,-9.526528,-0.014655,0.018119,-0.021850
1704887687,2042078,0.016759,0.028730,-9.485827,-0.015188,0.021051,-0.019985
1704887687,2042103,0.067038,0.007183,-9.416395,-0.011724,0.014655,-0.022383
1704887687,2042127,0.076614,-0.002394,-9.457097,-0.010392,0.018119,-0.020784
1704887687,2042152,0.019154,0.009577,-9.469068,-0.015721,0.013323,-0.019452
1704887687,2042177,0.067038,-0.040701,-9.509769,-0.015455,0.016254,-0.018919
1704887687,2042204,0.028730,-0.019154,-9.457097,-0.013856,0.020518,-0.022116
1704887687,2042229,0.055067,0.002394,-9.414001,-0.011458,0.016254,-0.022116
1704887687,2042253,0.069432,-0.040701,-9.447520,-0.014389,0.019185,-0.022383
1704887687,2042278,0.047884,0.033519,-9.562442,-0.013856,0.018652,-0.022116
1704887687,2042303,0.028730,-0.045490,-9.526528,-0.013856,0.018119,-0.020518
1704887687,2042328,0.093374,-0.033519,-9.433155,-0.013590,0.017320,-0.023182
1704887687,2042352,0.069432,0.007183,-9.397242,-0.013856,0.015455,-0.022649
1704887687,2042380,0.059855,-0.007183,-9.433155,-0.013057,0.014123,-0.022916
1704887687,2042404,0.028730,-0.009577,-9.409213,-0.009593,0.019718,-0.021317
1704887687,2042429,0.035913,-0.059855,-9.380483,-0.015188,0.019185,-0.026113
1704887687,2042454,0.014365,0.055067,-9.524135,-0.011458,0.020518,-0.020784
1704887687,2042479,0.074220,-0.014365,-9.485827,-0.013323,0.021850,-0.021051
1704887687,2042503,0.031125,0.000000,-9.421184,-0.014922,0.019718,-0.023182
1704887687,2042528,0.047884,0.059855,-9.442732,-0.011458,0.016254,-0.021051
1704887687,2042555,-0.040701,0.043096,-9.449914,-0.013590,0.015988,-0.022116
1704887687,2042580,0.086191,0.033519,-9.375694,-0.013323,0.017320,-0.021317
1704887687,2042605,0.023942,0.052672,-9.459491,-0.015721,0.015721,-0.022383
1704887687,2042629,0.067038,0.021548,-9.500193,-0.014389,0.021583,-0.018919
1704887687,2042654,0.016759,-0.033519,-9.442732,-0.015988,0.016254,-0.021317
1704887687,2042679,0.011971,-0.033519,-9.370906,-0.012790,0.017853,-0.022383
1704887687,2042706,0.069432,0.031125,-9.437943,-0.012257,0.019718,-0.022116
1704887687,2042731,0.028730,0.045490,-9.452309,-0.014655,0.019185,-0.024781
1704887687,2042756,0.047884,-0.009577,-9.507375,-0.015188,0.017587,-0.025314
1704887687,2042780,0.011971,0.000000,-9.497798,-0.013323,0.018652,-0.021583
1704887687,2042805,0.059855,0.021548,-9.428367,-0.016254,0.017587,-0.020518
1704887687,2042830,0.057461,0.019154,-9.519346,-0.014389,0.016787,-0.021317
1704887687,2042855,0.052672,0.019154,-9.471462,-0.016521,0.015988,-0.022649
1704887687,2042882,0.038307,-0.007183,-9.425972,-0.013590,0.018919,-0.020251
1704887687,2042906,0.059855,-0.009577,-9.464279,-0.014655,0.021051,-0.022649
1704887687,2042931,0.028730,0.002394,-9.447520,-0.013590,0.016521,-0.022649
1704887687,2042956,0.093374,-0.004788,-9.449914,-0.014389,0.014922,-0.022383
1704887687,2042980,0.079009,0.055067,-9.531317,-0.012257,0.019452,-0.024248
1704887687,2043005,0.016759,0.031125,-9.471462,-0.014389,0.017853,-0.022916
1704887687,2043030,0.016759,-0.004788,-9.414001,-0.012257,0.017054,-0.023715
1704887688,2043064,0.076614,0.023942,-9.500193,-0.014655,0.016787,-0.022649
1704887688,2043090,0.057461,-0.016759,-9.445126,-0.011724,0.018119,-0.024515
1704887688,2043114,0.079009,-0.033519,-9.430760,-0.009593,0.013590,-0.019452
1704887688,2043139,0.055067,-0.014365,-9.421184,-0.014123,0.018652,-0.021850
1704887688,2043163,0.040701,0.043096,-9.433155,-0.011458,0.015455,-0.024515
1704887688,2043187,0.074220,0.033519,-9.560047,-0.010658,0.017587,-0.022916
1704887688,2043214,0.050278,-0.014365,-9.433155,-0.011991,0.018386,-0.021583
1704887688,2043238,0.050278,0.002394,-9.514558,-0.014655,0.015188,-0.023182
1704887688,2043263,0.004788,-0.002394,-9.466674,-0.012524,0.014389,-0.024515
1704887688,2043287,0.057461,-0.014365,-9.358934,-0.013590,0.018386,-0.023982
1704887688,2043312,0.043096,0.035913,-9.483433,-0.010925,0.020518,-0.021850
1704887688,2043336,0.076614,-0.028730,-9.557653,-0.011991,0.018919,-0.021583
1704887688,2043361,0.033519,0.011971,-9.569624,-0.012790,0.019718,-0.021850
1704887688,2043387,0.050278,-0.011971,-9.406818,-0.011458,0.018919,-0.023982
1704887688,2043412,0.045490,0.026336,-9.423578,-0.011458,0.018919,-0.020784
1704887688,2043437,0.086191,0.000000,-9.478644,-0.010658,0.018119,-0.021051
1704887688,2043461,-0.016759,0.009577,-9.473856,-0.013856,0.021051,-0.018652
1704887688,2043485,0.076614,-0.038307,-9.576807,-0.012257,0.019985,-0.021051
1704887688,2043510,0.047884,0.038307,-9.504981,-0.013590,0.015988,-0.021583
1704887688,2043534,0.050278,0.021548,-9.428367,-0.014922,0.015455,-0.018652
1704887688,2043561,0.043096,-0.045490,-9.454702,-0.011191,0.019452,-0.023182
1704887688,2043586,0.038307,0.069432,-9.337387,-0.011191,0.020784,-0.022383
1704887688,2043610,0.050278,0.007183,-9.437943,-0.014389,0.017853,-0.019985
1704887688,2043634,0.071826,0.038307,-9.421184,-0.012790,0.021317,-0.022116
1704887688,2043659,0.033519,-0.021548,-9.516952,-0.013856,0.017054,-0.023715
1704887688,2043683,0.021548,-0.035913,-9.528923,-0.012524,0.019452,-0.023982
1704887688,2043710,0.035913,-0.019154,-9.485827,-0.012790,0.018919,-0.021583
1704887688,2043735,0.045490,0.016759,-9.457097,-0.012790,0.014389,-0.025580
1704887688,2043759,0.076614,0.038307,-9.502586,-0.014123,0.018119,-0.022116
1704887688,2043783,0.083797,0.002394,-9.586384,-0.013057,0.017320,-0.022116
1704887688,2043808,0.059855,0.028730,-9.437943,-0.012524,0.017320,-0.022116
1704887688,2043832,0.098162,-0.033519,-9.440337,-0.012790,0.019985,-0.020518
1704887688,2043857,0.019154,0.031125,-9.493010,-0.012257,0.021317,-0.026113
1704887688,2043884,0.052672,0.007183,-9.445126,-0.013323,0.017853,-0.021317
1704887688,2043908,0.076614,0.019154,-9.536105,-0.013856,0.014123,-0.025047
1704887688,2043933,0.069432,0.033519,-9.497798,-0.013856,0.012790,-0.021051
1704887688,2043957,0.040701,-0.021548,-9.533711,-0.014389,0.015188,-0.021317
1704887688,2043981,0.064643,0.050278,-9.459491,-0.013856,0.018119,-0.021850
1704887688,2044006,0.102951,0.016759,-9.387665,-0.015455,0.018386,-0.023449
1704887688,2044030,0.107739,-0.028730,-9.483433,-0.009326,0.021051,-0.020251
1704887689,2044057,0.122104,-0.002394,-9.481039,-0.013856,0.018919,-0.021583
1704887689,2044082,0.016759,-0.033519,-9.521740,-0.013856,0.019985,-0.022116
1704887689,2044106,0.031125,-0.009577,-9.392453,-0.010925,0.017587,-0.023182
1704887689,2044130,-0.007183,-0.009577,-9.485827,-0.014389,0.019452,-0.024515
1704887689,2044155,0.045490,-0.019154,-9.502586,-0.013856,0.017853,-0.021583
1704887689,2044179,-0.007183,-0.059855,-9.504981,-0.012524,0.021583,-0.022649
1704887689,2044206,0.064643,-0.031125,-9.536105,-0.015188,0.016254,-0.021850
1704887689,2044230,0.100556,-0.033519,-9.528923,-0.014123,0.017587,-0.022383
1704887689,2044255,0.064643,-0.023942,-9.437943,-0.014655,0.013057,-0.020251
1704887689,2044279,0.023942,0.083797,-9.425972,-0.015188,0.015188,-0.020784
1704887689,2044304,0.069432,-0.002394,-9.521740,-0.012524,0.018386,-0.019452
1704887689,2044328,0.069432,-0.019154,-9.478644,-0.014655,0.016254,-0.020784
1704887689,2044352,0.052672,0.079009,-9.445126,-0.011991,0.018119,-0.020784
1704887689,2044379,0.076614,-0.040701,-9.464279,-0.012524,0.017587,-0.022116
1704887689,2044404,0.033519,-0.076614,-9.404425,-0.011458,0.018652,-0.020518
1704887689,2044429,-0.028730,0.026336,-9.459491,-0.013856,0.017587,-0.021850
1704887689,2044453,0.028730,-0.004788,-9.507375,-0.013057,0.014389,-0.024781
1704887689,2044478,0.028730,0.031125,-9.483433,-0.011991,0.017853,-0.023715
1704887689,2044503,0.035913,0.028730,-9.466674,-0.013323,0.017054,-0.021850
1704887689,2044527,0.021548,0.004788,-9.291897,-0.011991,0.020251,-0.023715
1704887689,2044554,0.069432,0.045490,-9.478644,-0.014922,0.018652,-0.022116
1704887689,2044579,0.052672,-0.011971,-9.514558,-0.012790,0.015721,-0.021583
1704887689,2044604,0.052672,-0.002394,-9.461885,-0.015988,0.018119,-0.024248
1704887689,2044629,0.090980,0.002394,-9.418790,-0.011991,0.014655,-0.022116
1704887689,2044653,0.043096,0.023942,-9.433155,-0.011991,0.017320,-0.023982
1704887689,2044678,0.081403,0.016759,-9.351752,-0.015988,0.020784,-0.023449
1704887689,2044703,0.040701,0.016759,-9.425972,-0.011724,0.014655,-0.022116
1704887689,2044730,-0.019154,0.035913,-9.476251,-0.013856,0.016787,-0.019718
1704887689,2044755,0.059855,0.038307,-9.406818,-0.013057,0.017853,-0.022649
1704887689,2044780,0.059855,0.021548,-9.428367,-0.015721,0.016787,-0.020518
1704887689,2044804,0.057461,0.009577,-9.502586,-0.012790,0.018919,-0.018386
1704887689,2044829,0.057461,-0.004788,-9.457097,-0.011991,0.017587,-0.021850
1704887689,2044854,0.014365,-0.045490,-9.368511,-0.011458,0.018119,-0.022383
1704887689,2044881,0.069432,0.000000,-9.478644,-0.014389,0.020251,-0.021583
1704887689,2044906,0.098162,0.028730,-9.414001,-0.013590,0.018119,-0.022916
1704887689,2044931,0.095768,0.038307,-9.435549,-0.015721,0.015988,-0.022116
1704887689,2044956,0.055067,-0.016759,-9.493010,-0.013323,0.017320,-0.018386
1704887689,2044980,0.009577,0.079009,-9.358934,-0.011191,0.018386,-0.022916
1704887689,2045005,-0.016759,0.071826,-9.404425,-0.012790,0.018386,-0.019452
1704887689,2045030,0.035913,0.016759,-9.495404,-0.012524,0.019185,-0.021317
1704887690,2045057,0.110133,-0.016759,-9.512163,-0.013856,0.015455,-0.022916
1704887690,2045082,0.009577,0.043096,-9.428367,-0.009326,0.014655,-0.021317
1704887690,2045107,0.067038,0.021548,-9.447520,-0.012257,0.017853,-0.023182
1704887690,2045131,0.107739,0.059855,-9.404425,-0.014389,0.017587,-0.021850
1704887690,2045156,0.076614,-0.014365,-9.497798,-0.014123,0.019985,-0.021317
1704887690,2045181,0.047884,-0.028730,-9.418790,-0.010925,0.017587,-0.019718
1704887690,2045206,0.050278,0.035913,-9.543288,-0.013323,0.021051,-0.018919
1704887690,2045233,0.069432,-0.040701,-9.538500,-0.015188,0.014389,-0.021583
1704887690,2045258,0.050278,0.033519,-9.490616,-0.011724,0.017320,-0.023449
1704887690,2045282,0.105345,0.016759,-9.473856,-0.012790,0.017320,-0.019985
1704887690,2045307,0.045490,-0.057461,-9.445126,-0.014123,0.017054,-0.021051
1704887690,2045332,0.062249,0.009577,-9.433155,-0.013590,0.016254,-0.023715
1704887690,2045367,0.026336,-0.011971,-9.447520,-0.014123,0.017054,-0.024515
1704887690,2045394,0.095768,-0.002394,-9.545682,-0.015721,0.018652,-0.023449
1704887690,2045419,-0.028730,0.062249,-9.490616,-0.013057,0.019185,-0.025047
1704887690,2045444,0.009577,0.009577,-9.459491,-0.013057,0.012790,-0.021850
1704887690,2045469,0.033519,-0.011971,-9.521740,-0.011191,0.018119,-0.021317
1704887690,2045493,0.011971,0.000000,-9.471462,-0.013856,0.015721,-0.021583
1704887690,2045518,0.040701,-0.038307,-9.478644,-0.012790,0.015455,-0.021583
1704887690,2045543,0.057461,-0.014365,-9.423578,-0.016521,0.017054,-0.021583
1704887690,2045570,0.045490,0.007183,-9.507375,-0.010392,0.016787,-0.023715
1704887690,2045594,0.011971,0.009577,-9.421184,-0.013323,0.018119,-0.023715
1704887690,2045619,0.076614,-0.079009,-9.509769,-0.013057,0.020251,-0.022649
1704887690,2045644,0.088585,0.004788,-9.430760,-0.013057,0.015721,-0.027979
1704887690,2045668,0.004788,0.026336,-9.483433,-0.015721,0.017853,-0.018119
1704887690,2045693,0.019154,0.000000,-9.461885,-0.014655,0.016254,-0.024248
1704887690,2045718,0.021548,0.002394,-9.500193,-0.011458,0.020251,-0.023982
1704887690,2045752,0.019154,0.035913,-9.445126,-0.013057,0.017853,-0.021583
1704887690,2045778,0.057461,0.047884,-9.567230,-0.014123,0.015188,-0.020784
1704887690,2045802,0.007183,0.028730,-9.476251,-0.011991,0.019452,-0.020784
1704887690,2045827,0.045490,0.007183,-9.526528,-0.010658,0.019185,-0.023449
1704887690,2045851,0.023942,-0.028730,-9.423578,-0.012524,0.019185,-0.019985
1704887690,2045875,0.076614,-0.002394,-9.502586,-0.012524,0.016787,-0.020251
1704887690,2045902,0.045490,0.004788,-9.428367,-0.014655,0.018119,-0.022649
1704887690,2045927,0.062249,0.004788,-9.476251,-0.011991,0.019718,-0.021051
1704887690,2045951,0.038307,-0.019154,-9.457097,-0.015188,0.018652,-0.023182
1704887690,2045975,0.071826,0.016759,-9.437943,-0.013590,0.015988,-0.021051
1704887690,2046000,0.064643,-0.002394,-9.380483,-0.013323,0.014655,-0.024515
1704887690,2046024,0.016759,0.000000,-9.521740,-0.011458,0.017587,-0.023182
1704887691,2046049,0.009577,-0.026336,-9.562442,-0.012790,0.013856,-0.022649
1704887691,2046076,0.110133,-0.009577,-9.466674,-0.014389,0.017054,-0.022383
1704887691,2046100,0.021548,0.004788,-9.428367,-0.012257,0.018386,-0.020518
1704887691,2046124,0.067038,0.000000,-9.449914,-0.015188,0.017587,-0.023982
1704887691,2046149,0.031125,-0.007183,-9.452309,-0.012524,0.018652,-0.026380
1704887691,2046173,0.055067,0.002394,-9.507375,-0.012790,0.019452,-0.021850
1704887691,2046198,0.033519,0.007183,-9.488221,-0.015455,0.021051,-0.022116
1704887691,2046222,0.102951,-0.038307,-9.504981,-0.015188,0.016787,-0.018919
1704887691,2046249,0.050278,0.033519,-9.440337,-0.014123,0.016521,-0.024248
1704887691,2046273,0.023942,-0.040701,-9.481039,-0.010658,0.017853,-0.022916
1704887691,2046298,0.004788,-0.033519,-9.548077,-0.012524,0.018119,-0.020784
1704887691,2046322,0.112527,0.007183,-9.536105,-0.014123,0.014922,-0.025314
1704887691,2046347,0.064643,-0.004788,-9.490616,-0.012524,0.016254,-0.021583
1704887691,2046371,0.023942,-0.004788,-9.402030,-0.015988,0.020518,-0.024515
1704887691,2046396,0.057461,-0.028730,-9.567230,-0.011724,0.014922,-0.022916
1704887691,2046423,0.052672,-0.016759,-9.572019,-0.014123,0.015988,-0.023982
1704887691,2046447,0.076614,0.002394,-9.406818,-0.015188,0.019452,-0.021850
1704887691,2046472,0.064643,-0.026336,-9.418790,-0.016254,0.017054,-0.022916
1704887691,2046496,0.083797,0.009577,-9.442732,-0.014655,0.019718,-0.021583
1704887691,2046520,0.071826,0.059855,-9.524135,-0.013590,0.018119,-0.023449
1704887691,2046545,0.050278,0.028730,-9.414001,-0.013323,0.019185,-0.021850
1704887691,2046572,0.043096,0.050278,-9.459491,-0.011991,0.017587,-0.021317
1704887691,2046596,0.043096,-0.047884,-9.485827,-0.012790,0.019452,-0.023715
1704887691,2046621,0.055067,0.019154,-9.476251,-0.011191,0.015721,-0.020518
1704887691,2046645,0.023942,-0.007183,-9.437943,-0.010658,0.017320,-0.021317
1704887691,2046669,0.055067,-0.016759,-9.437943,-0.012257,0.017853,-0.020251
1704887691,2046694,0.067038,0.009577,-9.459491,-0.013856,0.017853,-0.021583
1704887691,2046718,0.090980,0.031125,-9.478644,-0.014389,0.014389,-0.023449
1704887691,2046745,0.021548,0.007183,-9.406818,-0.013057,0.017320,-0.020784
1704887691,2046770,0.045490,-0.004788,-9.545682,-0.013057,0.019718,-0.022649
1704887691,2046794,0.064643,0.052672,-9.516952,-0.015188,0.016254,-0.021317
1704887691,2046818,0.047884,-0.079009,-9.378088,-0.011191,0.017320,-0.022383
1704887691,2046843,0.047884,0.050278,-9.418790,-0.012790,0.018386,-0.023449
1704887691,2046867,0.019154,0.016759,-9.521740,-0.014655,0.017320,-0.019452
1704887691,2046892,0.095768,-0.016759,-9.449914,-0.016254,0.018119,-0.021850
1704887691,2046919,0.004788,0.064643,-9.423578,-0.013590,0.017853,-0.022383
1704887691,2046943,0.086191,0.002394,-9.437943,-0.011991,0.016787,-0.021850
1704887691,2046967,0.076614,0.057461,-9.502586,-0.014922,0.014123,-0.020251
1704887691,2046992,0.038307,0.002394,-9.358934,-0.012790,0.017587,-0.020784
1704887691,2047016,0.038307,-0.026336,-9.435549,-0.014655,0.019985,-0.023182
1704887692,2047040,0.026336,0.004788,-9.481039,-0.014389,0.013590,-0.022916
1704887692,2047067,0.076614,0.011971,-9.354146,-0.014922,0.018119,-0.022383
1704887692,2047092,0.088585,0.035913,-9.476251,-0.012524,0.018119,-0.021583
1704887692,2047117,0.045490,-0.031125,-9.507375,-0.014389,0.018386,-0.021850
1704887692,2047141,0.021548,-0.052672,-9.476251,-0.012257,0.014123,-0.022116
1704887692,2047166,0.000000,0.016759,-9.402030,-0.015455,0.018652,-0.022383
1704887692,2047191,0.095768,-0.023942,-9.540894,-0.015188,0.017320,-0.023182
1704887692,2047215,0.040701,0.026336,-9.454702,-0.014922,0.013856,-0.022649
1704887692,2047242,0.026336,0.026336,-9.447520,-0.012257,0.016787,-0.022916
1704887692,2047267,0.028730,0.035913,-9.428367,-0.012524,0.014922,-0.020784
1704887692,2047292,-0.007183,0.009577,-9.521740,-0.013856,0.019185,-0.023182
1704887692,2047317,0.014365,0.031125,-9.394848,-0.013057,0.015455,-0.021051
1704887692,2047341,0.047884,-0.043096,-9.457097,-0.011991,0.021051,-0.020784
1704887692,2047366,0.064643,-0.043096,-9.588778,-0.012524,0.018652,-0.022383
1704887692,2047391,0.059855,-0.014365,-9.459491,-0.013057,0.015988,-0.022649
1704887692,2047418,0.067038,0.011971,-9.473856,-0.013057,0.018652,-0.022116
1704887692,2047443,0.026336,0.035913,-9.454702,-0.013057,0.015455,-0.021051
1704887692,2047468,0.035913,0.007183,-9.466674,-0.010392,0.014389,-0.021850
1704887692,2047493,0.038307,0.014365,-9.509769,-0.011724,0.020251,-0.023182
1704887692,2047517,0.000000,-0.033519,-9.528923,-0.012257,0.021583,-0.021051
1704887692,2047542,0.031125,-0.031125,-9.375694,-0.012790,0.014655,-0.020784
1704887692,2047569,0.052672,-0.026336,-9.514558,-0.011724,0.017054,-0.022916
1704887692,2047594,-0.004788,-0.057461,-9.504981,-0.013590,0.012524,-0.022916
1704887692,2047619,0.004788,0.021548,-9.483433,-0.015988,0.019185,-0.020518
1704887692,2047643,0.122104,-0.007183,-9.488221,-0.011991,0.017054,-0.019985
1704887692,2047668,-0.007183,-0.067038,-9.418790,-0.012790,0.018119,-0.022116
1704887692,2047693,0.055067,-0.002394,-9.430760,-0.016521,0.016787,-0.021583
1704887692,2047718,0.043096,0.028730,-9.380483,-0.012790,0.014655,-0.021051
1704887692,2047745,0.038307,0.079009,-9.473856,-0.015188,0.020251,-0.022649
1704887692,2047770,0.069432,-0.011971,-9.478644,-0.013057,0.015721,-0.023715
1704887692,2047794,0.021548,0.043096,-9.526528,-0.009593,0.017054,-0.021850
1704887692,2047819,0.057461,-0.019154,-9.459491,-0.013590,0.022383,-0.021583
1704887692,2047844,0.038307,0.002394,-9.481039,-0.014655,0.015988,-0.024781
1704887692,2047869,0.086191,0.028730,-9.516952,-0.013057,0.015455,-0.022383
1704887692,2047893,0.055067,0.009577,-9.504981,-0.014123,0.017853,-0.020251
1704887692,2047920,-0.031125,-0.021548,-9.478644,-0.014922,0.015721,-0.022383
1704887692,2047945,0.052672,-0.026336,-9.418790,-0.013323,0.017853,-0.018919
1704887692,2047970,0.062249,0.000000,-9.423578,-0.013590,0.014123,-0.023715
1704887692,2047995,0.021548,-0.035913,-9.502586,-0.011724,0.019985,-0.023449
1704887692,2048019,0.064643,-0.011971,-9.473856,-0.014123,0.018652,-0.022916
1704887693,2048044,0.098162,0.016759,-9.430760,-0.015721,0.018119,-0.022916
1704887693,2048071,0.069432,0.009577,-9.478644,-0.015188,0.016787,-0.020251
1704887693,2048096,0.064643,0.009577,-9.437943,-0.014389,0.017320,-0.025314
1704887693,2048121,0.009577,-0.019154,-9.504981,-0.013590,0.018119,-0.022116
1704887693,2048146,0.050278,0.043096,-9.521740,-0.011724,0.017587,-0.023182
1704887693,2048170,0.052672,-0.045490,-9.493010,-0.014655,0.018919,-0.023715
1704887693,2048195,0.035913,-0.031125,-9.399636,-0.013323,0.019185,-0.023449
1704887693,2048220,0.059855,-0.019154,-9.430760,-0.014655,0.017587,-0.019718
1704887693,2048247,0.062249,0.007183,-9.428367,-0.010658,0.016254,-0.022383
1704887693,2048272,0.045490,0.002394,-9.399636,-0.014389,0.015988,-0.022649
1704887693,2048296,0.009577,-0.033519,-9.404425,-0.011191,0.018919,-0.021051
1704887693,2048321,0.038307,0.009577,-9.531317,-0.014123,0.018386,-0.019452
1704887693,2048346,-0.016759,0.031125,-9.421184,-0.018386,0.020251,-0.023182
1704887693,2048370,0.067038,0.002394,-9.509769,-0.011724,0.022116,-0.021317
1704887693,2048395,-0.035913,-0.023942,-9.485827,-0.015188,0.021583,-0.023982
1704887693,2048430,0.026336,0.064643,-9.524135,-0.013590,0.017587,-0.024248
1704887693,2048455,0.105345,0.035913,-9.466674,-0.011458,0.015455,-0.021583
1704887693,2048480,0.081403,0.052672,-9.461885,-0.012790,0.018386,-0.019985
1704887693,2048504,0.019154,0.016759,-9.473856,-0.012524,0.019985,-0.022383
1704887693,2048528,0.023942,0.011971,-9.423578,-0.013057,0.016787,-0.021317
1704887693,2048553,0.057461,0.040701,-9.425972,-0.014389,0.022916,-0.020784
1704887693,2048577,0.050278,0.016759,-9.447520,-0.013323,0.019985,-0.022649
1704887693,2048604,0.062249,-0.038307,-9.459491,-0.014922,0.019985,-0.024248
1704887693,2048628,0.069432,0.002394,-9.447520,-0.015188,0.016254,-0.023182
1704887693,2048653,0.083797,0.023942,-9.370906,-0.015188,0.020518,-0.020784
1704887693,2048677,0.016759,-0.031125,-9.402030,-0.013590,0.016254,-0.021583
1704887693,2048702,0.083797,0.002394,-9.478644,-0.011991,0.021051,-0.021583
1704887693,2048726,0.052672,-0.026336,-9.349358,-0.013323,0.019185,-0.021051
1704887693,2048753,0.057461,0.031125,-9.454702,-0.013323,0.015988,-0.025047
1704887693,2048777,0.057461,0.050278,-9.483433,-0.011458,0.018119,-0.023715
1704887693,2048802,0.047884,-0.007183,-9.507375,-0.013856,0.018386,-0.017320
1704887693,2048826,0.062249,0.014365,-9.418790,-0.011724,0.017320,-0.023715
1704887693,2048851,0.074220,-0.033519,-9.524135,-0.014922,0.018652,-0.020518
1704887693,2048875,0.016759,0.028730,-9.320627,-0.014389,0.017054,-0.021051
1704887693,2048900,0.064643,0.016759,-9.521740,-0.012790,0.016254,-0.025580
1704887693,2048927,0.040701,-0.004788,-9.454702,-0.009859,0.016787,-0.022649
1704887693,2048951,0.050278,0.026336,-9.421184,-0.012524,0.012257,-0.021051
1704887693,2048976,0.019154,0.031125,-9.526528,-0.009593,0.015988,-0.021850
1704887693,2049000,0.021548,0.002394,-9.478644,-0.014389,0.018386,-0.022649
1704887693,2049024,0.055067,0.023942,-9.361329,-0.016254,0.019718,-0.022916
1704887694,2049049,0.021548,0.000000,-9.428367,-0.011191,0.016254,-0.022383
1704887694,2049073,0.076614,0.023942,-9.459491,-0.016254,0.019718,-0.022649
1704887694,2049100,0.050278,-0.038307,-9.469068,-0.012790,0.018386,-0.022383
1704887694,2049125,0.019154,0.016759,-9.301474,-0.009859,0.016787,-0.020518
1704887694,2049149,0.021548,0.014365,-9.454702,-0.015188,0.018919,-0.021583
1704887694,2049174,0.074220,-0.014365,-9.416395,-0.011191,0.017853,-0.022916
1704887694,2049198,0.064643,-0.026336,-9.375694,-0.013057,0.016254,-0.023982
1704887694,2049223,0.052672,-0.038307,-9.536105,-0.011991,0.017054,-0.022116
1704887694,2049249,0.090980,-0.028730,-9.440337,-0.014922,0.019452,-0.023182
1704887694,2049274,0.035913,0.079009,-9.469068,-0.013057,0.016254,-0.023982
1704887694,2049298,0.050278,-0.021548,-9.416395,-0.013323,0.017587,-0.022383
1704887694,2049323,0.067038,-0.011971,-9.414001,-0.015455,0.018919,-0.020784
1704887694,2049347,0.050278,0.031125,-9.483433,-0.013856,0.019185,-0.021583
1704887694,2049372,0.035913,0.052672,-9.466674,-0.015721,0.019985,-0.023715
1704887694,2049396,0.023942,0.059855,-9.569624,-0.013856,0.017054,-0.023715
1704887694,2049423,0.045490,-0.059855,-9.421184,-0.017054,0.018919,-0.019985
1704887694,2049448,0.019154,0.064643,-9.473856,-0.009859,0.018652,-0.022383
1704887694,2049472,0.021548,0.000000,-9.435549,-0.014922,0.017320,-0.022116
1704887694,2049497,0.090980,-0.007183,-9.524135,-0.017320,0.017320,-0.022649
1704887694,2049521,0.095768,-0.038307,-9.363723,-0.014922,0.019185,-0.022916
1704887694,2049546,0.062249,0.057461,-9.483433,-0.014123,0.015988,-0.024515
1704887694,2049570,-0.016759,0.067038,-9.430760,-0.014123,0.016787,-0.023182
1704887694,2049597,0.014365,0.023942,-9.495404,-0.014123,0.017587,-0.022116
1704887694,2049622,0.071826,-0.004788,-9.449914,-0.012257,0.017853,-0.021583
1704887694,2049646,0.043096,-0.011971,-9.418790,-0.014389,0.018919,-0.023449
1704887694,2049670,0.023942,0.038307,-9.385271,-0.013323,0.015988,-0.024248
1704887694,2049695,0.069432,-0.038307,-9.516952,-0.014123,0.019718,-0.020251
1704887694,2049719,0.023942,0.023942,-9.421184,-0.012524,0.017853,-0.020251
1704887694,2049746,0.055067,0.002394,-9.531317,-0.014655,0.016521,-0.017853
1704887694,2049770,0.009577,-0.004788,-9.435549,-0.014655,0.019452,-0.020784
1704887694,2049795,0.047884,-0.007183,-9.428367,-0.011458,0.017853,-0.022383
1704887694,2049820,0.023942,0.004788,-9.464279,-0.013057,0.017054,-0.019985
1704887694,2049844,0.043096,0.047884,-9.512163,-0.011991,0.019452,-0.022383
1704887694,2049869,0.083797,-0.004788,-9.483433,-0.015721,0.016254,-0.024515
1704887694,2049894,0.083797,0.050278,-9.433155,-0.012790,0.018119,-0.022383
1704887694,2049921,0.031125,-0.035913,-9.375694,-0.013057,0.015455,-0.021051
1704887694,2049946,0.033519,0.016759,-9.588778,-0.013590,0.016521,-0.021317
1704887694,2049970,0.021548,-0.055067,-9.325416,-0.011991,0.014922,-0.020784
1704887694,2049995,0.076614,-0.028730,-9.339781,-0.011458,0.020518,-0.023182
1704887694,2050020,0.021548,-0.004788,-9.507375,-0.017853,0.017853,-0.024248
1704887695,2050045,0.057461,0.045490,-9.442732,-0.014123,0.018919,-0.026113
1704887695,2050069,0.071826,0.000000,-9.440337,-0.015188,0.021051,-0.022649
1704887695,2050097,0.038307,0.026336,-9.394848,-0.010392,0.018919,-0.022649
1704887695,2050121,0.028730,0.026336,-9.514558,-0.016254,0.018119,-0.022649
1704887695,2050146,0.069432,0.000000,-9.442732,-0.010658,0.018119,-0.024515
1704887695,2050171,0.026336,-0.009577,-9.461885,-0.013590,0.017054,-0.024248
1704887695,2050195,0.067038,-0.059855,-9.457097,-0.010925,0.015721,-0.022916
1704887695,2050220,0.052672,-0.083797,-9.464279,-0.010925,0.018919,-0.023449
1704887695,2050245,0.069432,0.067038,-9.481039,-0.014389,0.019452,-0.022649
1704887695,2050272,0.112527,-0.035913,-9.495404,-0.013057,0.016254,-0.022916
1704887695,2050297,0.045490,-0.011971,-9.493010,-0.011991,0.017054,-0.019452
1704887695,2050322,0.031125,0.021548,-9.406818,-0.013057,0.018119,-0.021850
1704887695,2050346,0.004788,-0.038307,-9.454702,-0.012257,0.016521,-0.019185
1704887695,2050371,0.038307,0.019154,-9.378088,-0.013323,0.015988,-0.019452
1704887695,2050396,0.000000,-0.011971,-9.466674,-0.014655,0.014655,-0.024248
1704887695,2050423,0.117316,-0.035913,-9.493010,-0.014389,0.016787,-0.021850
1704887695,2050448,0.023942,0.014365,-9.433155,-0.013856,0.016787,-0.022649
1704887695,2050473,0.019154,0.026336,-9.545682,-0.015455,0.020251,-0.024515
1704887695,2050498,0.031125,0.016759,-9.454702,-0.013856,0.017320,-0.023182
1704887695,2050522,0.050278,0.055067,-9.521740,-0.012257,0.017320,-0.019452
1704887695,2050547,0.071826,-0.057461,-9.461885,-0.015988,0.017587,-0.023182
1704887695,2050572,0.088585,0.019154,-9.447520,-0.012790,0.015188,-0.021850
1704887695,2050599,0.057461,-0.043096,-9.461885,-0.013856,0.019985,-0.023182
1704887695,2050624,0.023942,0.031125,-9.543288,-0.012524,0.019185,-0.019452
1704887695,2050648,0.045490,-0.019154,-9.521740,-0.012257,0.020518,-0.023982
1704887695,2050673,0.079009,-0.040701,-9.490616,-0.016521,0.018919,-0.020251
1704887695,2050698,0.031125,-0.038307,-9.385271,-0.013590,0.016254,-0.023182
1704887695,2050723,0.014365,0.067038,-9.473856,-0.011724,0.019185,-0.019452
1704887695,2050747,0.019154,0.014365,-9.464279,-0.016521,0.018119,-0.019985
1704887695,2050775,0.088585,0.031125,-9.485827,-0.014123,0.018386,-0.021850
1704887695,2050799,0.031125,-0.007183,-9.483433,-0.011724,0.017054,-0.021051
1704887695,2050824,0.076614,-0.004788,-9.473856,-0.014655,0.014123,-0.023715
1704887695,2050849,0.086191,0.033519,-9.409213,-0.013323,0.014655,-0.020784
1704887695,2050874,0.038307,0.059855,-9.459491,-0.014123,0.017853,-0.022116
1704887695,2050898,0.110133,-0.057461,-9.466674,-0.013323,0.019452,-0.022383
1704887695,2050925,0.057461,0.009577,-9.485827,-0.013856,0.019718,-0.024248
1704887695,2050950,0.043096,0.009577,-9.430760,-0.015721,0.018386,-0.022383
1704887695,2050975,0.050278,-0.004788,-9.440337,-0.013590,0.018119,-0.021051
1704887695,2051000,0.009577,-0.038307,-9.447520,-0.013323,0.017320,-0.021583
1704887695,2051024,0.045490,-0.019154,-9.461885,-0.012524,0.016787,-0.023449
1704887696,2051049,0.045490,0.033519,-9.545682,-0.014655,0.018386,-0.021850
1704887696,2051074,0.014365,0.026336,-9.414001,-0.014123,0.018119,-0.021051
1704887696,2051108,0.134075,0.014365,-9.469068,-0.011724,0.017853,-0.022649
1704887696,2051134,0.019154,0.076614,-9.478644,-0.015721,0.015721,-0.023182
1704887696,2051158,0.045490,-0.009577,-9.358934,-0.014123,0.015721,-0.022116
1704887696,2051182,0.038307,0.002394,-9.411607,-0.013856,0.019185,-0.020251
1704887696,2051207,0.028730,0.011971,-9.504981,-0.011191,0.013590,-0.022916
1704887696,2051231,0.047884,0.059855,-9.442732,-0.013856,0.013057,-0.021850
1704887696,2051256,0.033519,-0.004788,-9.409213,-0.012257,0.019452,-0.019985
1704887696,2051282,0.050278,0.043096,-9.459491,-0.013057,0.016787,-0.020518
1704887696,2051307,0.067038,-0.004788,-9.442732,-0.014123,0.017054,-0.019718
1704887696,2051331,0.069432,-0.021548,-9.411607,-0.015455,0.019718,-0.021317
1704887696,2051356,0.069432,0.021548,-9.390059,-0.013590,0.017587,-0.022383
1704887696,2051380,0.131681,0.052672,-9.521740,-0.016254,0.020251,-0.022649
1704887696,2051405,0.011971,0.043096,-9.514558,-0.011458,0.012524,-0.025580
1704887696,2051431,0.047884,0.045490,-9.457097,-0.013856,0.017587,-0.021850
1704887696,2051456,0.009577,-0.004788,-9.435549,-0.012790,0.020251,-0.025047
1704887696,2051480,0.023942,0.014365,-9.423578,-0.014389,0.016521,-0.023182
1704887696,2051505,0.067038,0.007183,-9.476251,-0.013590,0.017054,-0.025847
1704887696,2051529,0.055067,0.021548,-9.488221,-0.014123,0.015455,-0.021850
1704887696,2051554,0.045490,0.031125,-9.543288,-0.013057,0.016521,-0.020784
1704887696,2051578,0.088585,0.045490,-9.445126,-0.012790,0.016254,-0.025047
1704887696,2051605,0.040701,-0.019154,-9.512163,-0.017320,0.014389,-0.022916
1704887696,2051629,0.071826,0.033519,-9.454702,-0.012524,0.017054,-0.022383
1704887696,2051654,0.083797,-0.031125,-9.433155,-0.014922,0.018386,-0.020518
1704887696,2051678,0.028730,0.016759,-9.533711,-0.014123,0.015188,-0.021850
1704887696,2051703,0.043096,-0.038307,-9.356541,-0.013323,0.019452,-0.023449
1704887696,2051727,0.016759,0.009577,-9.421184,-0.014655,0.015988,-0.021317
1704887696,2051751,0.059855,-0.011971,-9.516952,-0.011458,0.020518,-0.023715
1704887696,2051778,0.086191,0.011971,-9.385271,-0.014655,0.013856,-0.022383
1704887696,2051803,0.074220,-0.023942,-9.421184,-0.014922,0.016787,-0.021317
1704887696,2051827,0.047884,0.033519,-9.483433,-0.013856,0.020784,-0.022916
1704887696,2051852,0.019154,0.021548,-9.437943,-0.013856,0.018919,-0.020518
1704887696,2051876,0.062249,0.071826,-9.406818,-0.009593,0.014655,-0.023982
1704887696,2051901,0.047884,-0.019154,-9.473856,-0.014922,0.020518,-0.022649
1704887696,2051925,0.043096,-0.021548,-9.442732,-0.013856,0.015455,-0.021850
1704887696,2051952,0.057461,-0.035913,-9.497798,-0.013590,0.017587,-0.022116
1704887696,2051976,0.055067,0.002394,-9.476251,-0.011724,0.020784,-0.023182
1704887696,2052001,0.031125,0.043096,-9.457097,-0.015721,0.018652,-0.017853
1704887696,2052025,0.055067,-0.067038,-9.461885,-0.012257,0.019452,-0.024781
1704887697,2052050,0.040701,0.019154,-9.416395,-0.015455,0.013856,-0.022916
1704887697,2052074,-0.004788,-0.021548,-9.526528,-0.012790,0.018652,-0.024515
1704887697,2052101,0.098162,0.019154,-9.430760,-0.010925,0.017587,-0.021850
1704887697,2052125,0.038307,0.045490,-9.516952,-0.013590,0.017054,-0.024781
1704887697,2052150,0.081403,-0.011971,-9.428367,-0.011458,0.021051,-0.021051
1704887697,2052174,-0.023942,0.000000,-9.437943,-0.014389,0.015455,-0.022649
1704887697,2052199,0.102951,0.016759,-9.473856,-0.013590,0.016787,-0.022383
1704887697,2052223,-0.014365,0.021548,-9.502586,-0.015988,0.017054,-0.025847
1704887697,2052248,0.007183,-0.021548,-9.416395,-0.013856,0.015455,-0.022116
1704887697,2052274,0.064643,0.043096,-9.425972,-0.012790,0.017054,-0.018919
1704887697,2052299,0.083797,0.007183,-9.411607,-0.013590,0.013057,-0.022916
1704887697,2052323,0.009577,-0.047884,-9.504981,-0.011991,0.015721,-0.020518
1704887697,2052347,-0.014365,-0.014365,-9.507375,-0.011991,0.017853,-0.024248
1704887697,2052372,0.031125,-0.033519,-9.425972,-0.012790,0.014655,-0.018652
1704887697,2052396,0.009577,0.019154,-9.437943,-0.014389,0.018386,-0.020784
1704887697,2052421,0.035913,0.028730,-9.476251,-0.014389,0.016787,-0.021850
1704887697,2052448,0.011971,0.021548,-9.476251,-0.014922,0.018919,-0.023715
1704887697,2052472,0.059855,0.000000,-9.421184,-0.010658,0.018919,-0.023715
1704887697,2052497,-0.004788,-0.002394,-9.512163,-0.013057,0.016521,-0.023449
1704887697,2052522,0.035913,0.023942,-9.473856,-0.014389,0.015455,-0.023715
1704887697,2052546,0.062249,-0.028730,-9.473856,-0.013590,0.017853,-0.022649
1704887697,2052571,0.112527,-0.050278,-9.603143,-0.012790,0.018919,-0.019452
1704887697,2052598,0.088585,-0.014365,-9.531317,-0.009593,0.018386,-0.021051
1704887697,2052623,0.098162,-0.007183,-9.452309,-0.014655,0.016254,-0.021317
1704887697,2052648,0.071826,-0.035913,-9.428367,-0.015988,0.019452,-0.022116
1704887697,2052672,0.009577,0.026336,-9.471462,-0.011991,0.015988,-0.021051
1704887697,2052697,0.090980,-0.035913,-9.437943,-0.013590,0.019185,-0.021051
1704887697,2052722,0.095768,-0.011971,-9.509769,-0.010925,0.016254,-0.024515
1704887697,2052746,0.016759,-0.009577,-9.454702,-0.013856,0.016254,-0.023182
1704887697,2052774,0.040701,-0.035913,-9.481039,-0.013856,0.016254,-0.022649
1704887697,2052798,0.057461,0.033519,-9.392453,-0.011458,0.017054,-0.021317
1704887697,2052823,0.026336,-0.052672,-9.488221,-0.012257,0.019718,-0.022916
1704887697,2052848,0.052672,0.040701,-9.430760,-0.014655,0.020518,-0.020784
1704887697,2052873,0.026336,0.033519,-9.440337,-0.013856,0.021583,-0.022116
1704887697,2052897,0.016759,0.019154,-9.440337,-0.011724,0.019452,-0.021850
1704887697,2052922,0.057461,-0.002394,-9.504981,-0.013856,0.018919,-0.022916
1704887697,2052949,0.040701,-0.004788,-9.524135,-0.012790,0.014389,-0.022116
1704887697,2052974,-0.009577,0.023942,-9.411607,-0.013323,0.018919,-0.020518
1704887697,2052999,0.059855,0.035913,-9.421184,-0.014389,0.018919,-0.021583
1704887697,2053024,0.076614,-0.004788,-9.454702,-0.014389,0.016787,-0.022916
1704887698,2053048,0.038307,0.002394,-9.473856,-0.012790,0.013590,-0.025047
1704887698,2053073,0.050278,0.000000,-9.493010,-0.015721,0.017587,-0.022383
1704887698,2053100,0.031125,0.000000,-9.636662,-0.011991,0.015988,-0.023182
1704887698,2053125,0.038307,-0.019154,-9.490616,-0.012524,0.015988,-0.023982
1704887698,2053150,0.009577,-0.004788,-9.454702,-0.014922,0.015721,-0.023182
1704887698,2053175,0.081403,-0.028730,-9.504981,-0.013590,0.015721,-0.022116
1704887698,2053199,0.067038,0.040701,-9.531317,-0.011724,0.018652,-0.021051
1704887698,2053224,0.028730,-0.004788,-9.363723,-0.011191,0.016254,-0.022116
1704887698,2053249,0.055067,-0.002394,-9.493010,-0.010126,0.019985,-0.021583
1704887698,2053276,0.110133,0.071826,-9.390059,-0.013057,0.017320,-0.023715
1704887698,2053301,0.026336,0.023942,-9.356541,-0.014922,0.016787,-0.023715
1704887698,2053326,0.028730,0.011971,-9.416395,-0.013057,0.019185,-0.022649
1704887698,2053350,0.067038,-0.016759,-9.356541,-0.013590,0.017587,-0.022383
1704887698,2053375,0.038307,0.000000,-9.411607,-0.012524,0.016254,-0.023982
1704887698,2053400,0.050278,0.004788,-9.414001,-0.015721,0.018119,-0.019718
1704887698,2053425,0.069432,0.016759,-9.461885,-0.012257,0.017853,-0.022383
1704887698,2053452,0.074220,0.004788,-9.461885,-0.014389,0.016787,-0.019985
1704887698,2053477,0.110133,0.028730,-9.406818,-0.014123,0.017587,-0.023715
1704887698,2053502,0.057461,0.023942,-9.387665,-0.015188,0.020251,-0.020518
1704887698,2053526,0.050278,-0.019154,-9.478644,-0.013856,0.015455,-0.026113
1704887698,2053551,0.093374,0.007183,-9.481039,-0.013856,0.017320,-0.023715
1704887698,2053576,0.028730,-0.057461,-9.402030,-0.015988,0.019718,-0.022383
1704887698,2053603,0.062249,-0.064643,-9.409213,-0.012524,0.019718,-0.020518
1704887698,2053628,-0.009577,0.057461,-9.512163,-0.012790,0.020784,-0.023182
1704887698,2053652,0.074220,0.002394,-9.490616,-0.015188,0.014123,-0.021850
1704887698,2053677,0.011971,-0.004788,-9.440337,-0.015188,0.018119,-0.020784
1704887698,2053702,0.083797,0.026336,-9.524135,-0.013323,0.017587,-0.020518
1704887698,2053726,0.021548,-0.055067,-9.433155,-0.014655,0.014389,-0.023449
1704887698,2053751,0.117316,-0.057461,-9.507375,-0.011991,0.015188,-0.023182
1704887698,2053786,0.038307,0.035913,-9.409213,-0.014922,0.017320,-0.021850
1704887698,2053811,0.002394,0.000000,-9.397242,-0.014922,0.016521,-0.025047
1704887698,2053836,0.055067,-0.047884,-9.454702,-0.013590,0.019452,-0.020251
1704887698,2053860,0.057461,0.026336,-9.414001,-0.015188,0.021051,-0.019718
1704887698,2053885,0.071826,-0.016759,-9.435549,-0.013057,0.014655,-0.019985
1704887698,2053909,0.100556,-0.016759,-9.533711,-0.012790,0.021850,-0.021051
1704887698,2053933,0.043096,0.031125,-9.502586,-0.011724,0.018386,-0.023182
1704887698,2053960,0.047884,0.023942,-9.464279,-0.015721,0.018919,-0.023982
1704887698,2053985,0.050278,0.035913,-9.411607,-0.014655,0.013856,-0.019718
1704887698,2054009,0.095768,0.007183,-9.411607,-0.014922,0.017587,-0.024515
1704887699,2054033,0.038307,0.033519,-9.368511,-0.013057,0.021583,-0.022383
1704887699,2054058,0.057461,0.035913,-9.406818,-0.014389,0.020251,-0.023182
1704887699,2054082,0.071826,-0.045490,-9.485827,-0.013856,0.020518,-0.019452
1704887699,2054107,0.031125,0.009577,-9.464279,-0.014389,0.018386,-0.022116
1704887699,2054134,0.021548,0.009577,-9.550470,-0.011991,0.018652,-0.022116
1704887699,2054158,0.031125,-0.057461,-9.507375,-0.013057,0.017320,-0.023715
1704887699,2054182,0.016759,0.057461,-9.476251,-0.015721,0.018919,-0.020251
1704887699,2054207,0.026336,0.000000,-9.464279,-0.013323,0.017054,-0.019718
1704887699,2054231,0.057461,-0.043096,-9.512163,-0.013590,0.017054,-0.021583
1704887699,2054256,0.035913,0.019154,-9.423578,-0.014389,0.018919,-0.021583
1704887699,2054283,0.052672,0.007183,-9.418790,-0.010126,0.019452,-0.021051
1704887699,2054307,0.040701,0.021548,-9.457097,-0.013323,0.017054,-0.020518
1704887699,2054331,0.040701,0.000000,-9.512163,-0.012524,0.018386,-0.023182
1704887699,2054356,0.004788,0.043096,-9.363723,-0.014655,0.018119,-0.019452
1704887699,2054380,0.043096,-0.026336,-9.476251,-0.014123,0.016787,-0.024515
1704887699,2054405,0.045490,-0.009577,-9.502586,-0.013057,0.018919,-0.021850
1704887699,2054429,0.064643,0.050278,-9.430760,-0.012257,0.021051,-0.022116
1704887699,2054456,0.050278,0.000000,-9.406818,-0.013323,0.019452,-0.020518
1704887699,2054480,0.069432,0.033519,-9.466674,-0.015455,0.015455,-0.020251
1704887699,2054505,0.110133,0.038307,-9.399636,-0.013856,0.014655,-0.026113
1704887699,2054529,0.045490,0.002394,-9.526528,-0.014389,0.016787,-0.023449
1704887699,2054554,0.093374,-0.011971,-9.478644,-0.013323,0.020251,-0.020784
1704887699,2054578,0.040701,-0.031125,-9.351752,-0.017054,0.018119,-0.022383
1704887699,2054603,0.040701,0.014365,-9.531317,-0.014655,0.018386,-0.022916
1704887699,2054630,0.110133,-0.007183,-9.516952,-0.014389,0.019452,-0.021317
1704887699,2054654,0.057461,0.002394,-9.512163,-0.016787,0.018386,-0.023715
1704887699,2054678,0.014365,0.043096,-9.478644,-0.010925,0.015988,-0.026113
1704887699,2054703,0.067038,0.011971,-9.545682,-0.014655,0.020251,-0.019985
1704887699,2054727,0.023942,0.079009,-9.476251,-0.013856,0.016521,-0.021051
1704887699,2054752,0.076614,0.023942,-9.409213,-0.014389,0.018652,-0.019185
1704887699,2054779,0.074220,0.043096,-9.481039,-0.013856,0.016787,-0.022649
1704887699,2054803,0.021548,0.023942,-9.469068,-0.014389,0.018652,-0.022116
1704887699,2054827,0.050278,0.035913,-9.430760,-0.014389,0.018919,-0.021583
1704887699,2054852,0.043096,0.028730,-9.485827,-0.013590,0.016787,-0.023182
1704887699,2054876,0.074220,-0.011971,-9.423578,-0.015988,0.014922,-0.025047
1704887699,2054901,0.052672,-0.007183,-9.397242,-0.011724,0.023715,-0.022383
1704887699,2054925,0.019154,0.023942,-9.562442,-0.014389,0.017320,-0.021317
1704887699,2054952,0.062249,0.033519,-9.562442,-0.013590,0.017320,-0.023715
1704887699,2054976,0.059855,0.055067,-9.459491,-0.013323,0.015455,-0.022383
1704887699,2055001,0.064643,0.031125,-9.320627,-0.013057,0.014922,-0.020784
1704887699,2055025,0.095768,0.028730,-9.433155,-0.014123,0.015455,-0.020784
1704887700,2055049,0.045490,0.002394,-9.531317,-0.014655,0.017054,-0.021051
1704887700,2055074,-0.007183,0.057461,-9.504981,-0.012790,0.015721,-0.021583
1704887700,2055098,0.011971,-0.045490,-9.449914,-0.013590,0.022116,-0.021317
1704887700,2055125,0.076614,-0.004788,-9.461885,-0.013856,0.018386,-0.019985
1704887700,2055150,0.110133,-0.028730,-9.469068,-0.011458,0.018119,-0.020518
1704887700,2055174,0.043096,0.055067,-9.588778,-0.016521,0.017320,-0.023715
1704887700,2055199,0.052672,0.023942,-9.437943,-0.011191,0.020251,-0.022916
1704887700,2055224,0.071826,-0.019154,-9.471462,-0.013590,0.015188,-0.020784
1704887700,2055248,0.045490,-0.026336,-9.473856,-0.011724,0.016521,-0.021850
1704887700,2055273,0.031125,0.031125,-9.557653,-0.017054,0.018919,-0.021051
1704887700,2055297,-0.026336,0.014365,-9.476251,-0.009859,0.018652,-0.018386
1704887700,2055321,0.064643,-0.007183,-9.485827,-0.012790,0.022116,-0.018386
1704887700,2055346,0.043096,0.000000,-9.418790,-0.010658,0.018652,-0.022916
1704887700,2055371,0.038307,0.079009,-9.306262,-0.014655,0.020784,-0.022116
1704887700,2055396,0.114922,-0.021548,-9.437943,-0.010925,0.019718,-0.020251
1704887700,2055420,0.007183,-0.011971,-9.490616,-0.012790,0.019452,-0.019185
1704887700,2055448,0.016759,-0.011971,-9.483433,-0.013590,0.019185,-0.022116
1704887700,2055472,0.074220,0.021548,-9.349358,-0.015188,0.017320,-0.026113
1704887700,2055497,0.035913,0.079009,-9.447520,-0.014655,0.017320,-0.018386
1704887700,2055522,0.011971,-0.040701,-9.473856,-0.014655,0.016787,-0.019985
1704887700,2055547,0.076614,0.050278,-9.488221,-0.013057,0.018119,-0.019718
1704887700,2055571,0.002394,-0.035913,-9.363723,-0.016521,0.017587,-0.022116
1704887700,2055596,0.062249,0.038307,-9.509769,-0.013856,0.020784,-0.022916
1704887700,2055623,-0.002394,0.038307,-9.421184,-0.011991,0.018919,-0.022649
1704887700,2055648,0.040701,0.045490,-9.483433,-0.014389,0.018386,-0.021051
1704887700,2055673,0.076614,0.009577,-9.394848,-0.015188,0.019718,-0.022649
1704887700,2055698,0.050278,0.031125,-9.514558,-0.014655,0.023715,-0.021051
1704887700,2055722,0.057461,0.014365,-9.543288,-0.011991,0.019985,-0.023449
1704887700,2055747,0.019154,0.021548,-9.440337,-0.013057,0.015721,-0.022383
1704887700,2055772,0.069432,0.035913,-9.433155,-0.012257,0.017853,-0.021583
1704887700,2055799,-0.009577,-0.011971,-9.514558,-0.013323,0.017853,-0.023715
1704887700,2055824,0.062249,-0.090980,-9.478644,-0.014389,0.019185,-0.019185
1704887700,2055849,0.067038,0.040701,-9.495404,-0.012524,0.014655,-0.022383
1704887700,2055873,0.062249,0.021548,-9.385271,-0.014389,0.018652,-0.021583
1704887700,2055898,0.148441,-0.031125,-9.437943,-0.012790,0.017320,-0.020518
1704887700,2055923,0.028730,-0.004788,-9.552865,-0.010392,0.018119,-0.022116
1704887700,2055950,0.021548,-0.031125,-9.538500,-0.011724,0.017320,-0.022383
1704887700,2055975,0.055067,-0.002394,-9.493010,-0.015188,0.018119,-0.025047
1704887700,2055999,0.009577,0.004788,-9.516952,-0.013590,0.019452,-0.021051
1704887700,2056024,0.083797,0.045490,-9.466674,-0.012524,0.015455,-0.023182
1704887701,2056049,0.026336,0.014365,-9.454702,-0.015721,0.019718,-0.023449
1704887701,2056074,0.105345,-0.019154,-9.363723,-0.012524,0.013590,-0.021850
1704887701,2056098,0.019154,0.014365,-9.500193,-0.012524,0.017054,-0.021850
1704887701,2056126,0.071826,0.011971,-9.603143,-0.016521,0.017587,-0.021583
1704887701,2056150,0.079009,-0.004788,-9.490616,-0.012790,0.018652,-0.020784
1704887701,2056175,0.043096,0.000000,-9.416395,-0.017587,0.015455,-0.022383
1704887701,2056200,0.057461,-0.059855,-9.528923,-0.012524,0.014655,-0.022649
1704887701,2056225,0.067038,0.002394,-9.423578,-0.011991,0.015988,-0.022116
1704887701,2056249,0.028730,-0.047884,-9.459491,-0.016787,0.014922,-0.023449
1704887701,2056274,0.050278,-0.033519,-9.495404,-0.015188,0.017320,-0.025580
1704887701,2056301,0.079009,0.038307,-9.440337,-0.011724,0.020518,-0.022916
1704887701,2056326,0.067038,0.062249,-9.478644,-0.011458,0.018919,-0.024781
1704887701,2056351,0.007183,0.016759,-9.502586,-0.016787,0.018386,-0.022383
1704887701,2056375,0.076614,0.033519,-9.502586,-0.014655,0.019985,-0.023982
1704887701,2056400,0.035913,0.000000,-9.485827,-0.014389,0.018119,-0.024515
1704887701,2056425,0.016759,-0.050278,-9.469068,-0.008260,0.017853,-0.018919
1704887701,2056459,0.050278,-0.014365,-9.478644,-0.013590,0.017320,-0.023182
1704887701,2056485,0.095768,0.040701,-9.363723,-0.014389,0.014655,-0.019985
1704887701,2056509,0.031125,-0.038307,-9.459491,-0.013057,0.017320,-0.022916
1704887701,2056534,0.040701,0.059855,-9.469068,-0.011991,0.016787,-0.022916
1704887701,2056558,0.007183,0.000000,-9.452309,-0.015188,0.019452,-0.023715
1704887701,2056582,0.014365,0.026336,-9.476251,-0.014389,0.018119,-0.020518
1704887701,2056607,0.114922,-0.011971,-9.464279,-0.013323,0.015721,-0.023449
1704887701,2056633,0.026336,-0.014365,-9.536105,-0.015988,0.018919,-0.024248
1704887701,2056658,0.055067,-0.002394,-9.543288,-0.014123,0.016254,-0.024515
1704887701,2056682,0.083797,-0.009577,-9.533711,-0.011724,0.019985,-0.022916
1704887701,2056707,0.098162,0.000000,-9.495404,-0.013590,0.013590,-0.019452
1704887701,2056731,0.045490,-0.004788,-9.461885,-0.013856,0.018652,-0.020784
1704887701,2056756,0.052672,-0.055067,-9.440337,-0.013856,0.015455,-0.022649
1704887701,2056780,0.045490,-0.040701,-9.471462,-0.014389,0.019452,-0.022383
1704887701,2056807,0.062249,0.007183,-9.500193,-0.015988,0.018386,-0.020784
1704887701,2056831,0.057461,0.007183,-9.433155,-0.009326,0.019985,-0.021850
1704887701,2056856,0.119710,0.004788,-9.473856,-0.013856,0.015455,-0.021317
1704887701,2056880,0.043096,0.000000,-9.449914,-0.013323,0.017587,-0.019985
1704887701,2056905,0.062249,0.002394,-9.504981,-0.012257,0.017320,-0.023449
1704887701,2056929,0.023942,-0.023942,-9.538500,-0.012790,0.023982,-0.023449
1704887701,2056956,0.004788,0.009577,-9.531317,-0.012790,0.021850,-0.021051
1704887701,2056980,0.052672,-0.038307,-9.411607,-0.013856,0.016254,-0.021051
1704887701,2057005,0.057461,0.011971,-9.495404,-0.015188,0.018652,-0.022116
1704887701,2057029,0.052672,0.002394,-9.411607,-0.011991,0.018119,-0.022383
1704887702,2057054,0.040701,-0.023942,-9.447520,-0.013057,0.015455,-0.024781
1704887702,2057078,0.071826,0.000000,-9.519346,-0.014655,0.021051,-0.022116
1704887702,2057103,0.067038,0.002394,-9.514558,-0.013590,0.017853,-0.022383
1704887702,2057129,0.083797,0.000000,-9.433155,-0.015188,0.018119,-0.024248
1704887702,2057154,0.016759,0.052672,-9.313444,-0.013856,0.021051,-0.021850
1704887702,2057178,0.050278,-0.014365,-9.569624,-0.012524,0.014922,-0.022116
1704887702,2057203,-0.004788,-0.057461,-9.425972,-0.010658,0.016521,-0.020784
1704887702,2057227,0.040701,0.019154,-9.473856,-0.011724,0.016254,-0.019718
1704887702,2057252,0.033519,0.045490,-9.521740,-0.012524,0.016787,-0.022116
1704887702,2057276,0.069432,0.000000,-9.500193,-0.013057,0.017054,-0.022649
1704887702,2057303,0.069432,-0.028730,-9.442732,-0.013057,0.014655,-0.021850
1704887702,2057327,0.062249,-0.016759,-9.428367,-0.013856,0.021051,-0.021583
1704887702,2057352,0.086191,-0.074220,-9.459491,-0.015721,0.019985,-0.024781
1704887702,2057376,0.031125,-0.040701,-9.402030,-0.014389,0.019185,-0.025047
1704887702,2057401,0.050278,0.035913,-9.514558,-0.013856,0.019718,-0.021850
1704887702,2057426,0.057461,-0.043096,-9.495404,-0.014389,0.020251,-0.022116
1704887702,2057450,0.064643,-0.052672,-9.552865,-0.012790,0.015721,-0.022116
1704887702,2057477,0.045490,-0.052672,-9.540894,-0.014123,0.015188,-0.018386
1704887702,2057501,0.028730,0.016759,-9.437943,-0.012790,0.018652,-0.022383
1704887702,2057526,0.031125,-0.009577,-9.452309,-0.012257,0.016254,-0.022116
1704887702,2057550,0.064643,0.050278,-9.414001,-0.014922,0.016521,-0.021317
1704887702,2057575,0.000000,0.033519,-9.500193,-0.013323,0.019185,-0.023449
1704887702,2057599,0.000000,-0.007183,-9.538500,-0.016521,0.017587,-0.021317
1704887702,2057626,0.016759,0.009577,-9.490616,-0.014922,0.013590,-0.023449
1704887702,2057650,-0.021548,0.014365,-9.469068,-0.012790,0.017853,-0.022649
1704887702,2057675,0.071826,-0.023942,-9.447520,-0.012524,0.021051,-0.021583
1704887702,2057699,0.076614,-0.035913,-9.497798,-0.015188,0.017320,-0.019985
1704887702,2057724,0.079009,0.014365,-9.449914,-0.014922,0.017853,-0.021317
1704887702,2057748,0.011971,-0.026336,-9.473856,-0.013590,0.015988,-0.023182
1704887702,2057772,0.071826,-0.028730,-9.406818,-0.014389,0.018119,-0.023449
1704887702,2057799,0.088585,0.011971,-9.516952,-0.012257,0.017320,-0.020784
1704887702,2057824,0.016759,-0.055067,-9.421184,-0.010392,0.015455,-0.022116
1704887702,2057849,-0.043096,0.014365,-9.476251,-0.014655,0.018119,-0.024248
1704887702,2057873,0.105345,-0.040701,-9.425972,-0.013856,0.015455,-0.022916
1704887702,2057898,0.026336,0.019154,-9.524135,-0.013590,0.016787,-0.022116
1704887702,2057923,0.033519,-0.021548,-9.466674,-0.013323,0.014922,-0.021317
1704887702,2057948,0.050278,-0.011971,-9.543288,-0.016521,0.018652,-0.021317
1704887702,2057975,0.117316,-0.071826,-9.473856,-0.012257,0.018386,-0.023982
1704887702,2057999,0.033519,0.002394,-9.457097,-0.013323,0.017320,-0.023982
1704887702,2058024,0.021548,0.021548,-9.502586,-0.012524,0.018119,-0.022116
1704887703,2058049,0.067038,-0.028730,-9.428367,-0.015188,0.018652,-0.023715
1704887703,2058074,0.126893,0.000000,-9.418790,-0.014922,0.017054,-0.024781
1704887703,2058109,0.057461,-0.023942,-9.509769,-0.011724,0.021051,-0.024248
1704887703,2058136,0.047884,-0.019154,-9.416395,-0.011724,0.016521,-0.022383
1704887703,2058161,0.069432,-0.011971,-9.433155,-0.014655,0.015721,-0.019185
1704887703,2058186,0.040701,-0.023942,-9.504981,-0.015455,0.019185,-0.021850
1704887703,2058210,0.100556,-0.021548,-9.490616,-0.013590,0.017587,-0.019185
1704887703,2058235,0.021548,0.019154,-9.512163,-0.014389,0.014922,-0.020784
1704887703,2058260,0.047884,0.009577,-9.454702,-0.014655,0.019185,-0.019985
1704887703,2058285,0.055067,0.035913,-9.495404,-0.011458,0.017320,-0.022649
1704887703,2058312,0.064643,0.002394,-9.567230,-0.014922,0.014389,-0.021583
1704887703,2058336,0.009577,-0.011971,-9.469068,-0.014123,0.015455,-0.025314
1704887703,2058361,0.093374,-0.043096,-9.528923,-0.013323,0.017320,-0.019185
1704887703,2058386,0.093374,0.059855,-9.512163,-0.010658,0.014123,-0.024248
1704887703,2058411,0.112527,0.019154,-9.490616,-0.013590,0.018119,-0.021583
1704887703,2058435,0.031125,0.067038,-9.459491,-0.015988,0.018119,-0.020251
1704887703,2058460,0.002394,0.002394,-9.445126,-0.016254,0.016787,-0.021317
1704887703,2058487,0.045490,0.057461,-9.433155,-0.013323,0.016787,-0.020784
1704887703,2058512,0.038307,-0.011971,-9.531317,-0.012790,0.020251,-0.019452
1704887703,2058537,0.088585,0.038307,-9.483433,-0.014655,0.015721,-0.022916
1704887703,2058562,0.028730,-0.002394,-9.495404,-0.014655,0.016254,-0.022649
1704887703,2058586,0.052672,-0.062249,-9.406818,-0.012257,0.015721,-0.023182
1704887703,2058611,-0.011971,0.011971,-9.526528,-0.012790,0.019718,-0.022649
1704887703,2058638,0.083797,0.031125,-9.454702,-0.015988,0.017853,-0.020518
1704887703,2058663,0.023942,-0.023942,-9.442732,-0.015188,0.015455,-0.022383
1704887703,2058688,0.081403,0.007183,-9.490616,-0.012790,0.017320,-0.022916
1704887703,2058713,0.088585,-0.047884,-9.504981,-0.011991,0.018119,-0.023182
1704887703,2058737,0.043096,-0.043096,-9.445126,-0.012790,0.019185,-0.022649
1704887703,2058762,0.000000,0.019154,-9.459491,-0.013323,0.013590,-0.026380
1704887703,2058787,0.124498,0.007183,-9.502586,-0.014123,0.014922,-0.020784
1704887703,2058814,0.045490,-0.009577,-9.502586,-0.013323,0.014389,-0.022916
1704887703,2058839,0.083797,-0.026336,-9.507375,-0.013323,0.019452,-0.023182
1704887703,2058864,0.086191,-0.009577,-9.418790,-0.015188,0.016254,-0.021317
1704887703,2058888,0.019154,-0.019154,-9.423578,-0.012257,0.016521,-0.020251
1704887703,2058913,0.114922,0.000000,-9.442732,-0.015988,0.015988,-0.020518
1704887703,2058938,-0.002394,-0.052672,-9.390059,-0.012257,0.018386,-0.021583
1704887703,2058963,0.021548,0.007183,-9.473856,-0.011991,0.019185,-0.022383
1704887703,2058990,-0.002394,-0.038307,-9.442732,-0.013590,0.018386,-0.023449
1704887703,2059014,0.064643,0.009577,-9.440337,-0.015188,0.016787,-0.019985
1704887704,2059039,0.090980,-0.033519,-9.514558,-0.014123,0.014655,-0.023715
1704887704,2059064,-0.026336,0.074220,-9.423578,-0.014389,0.015988,-0.022383
1704887704,2059088,0.057461,-0.026336,-9.445126,-0.015188,0.016254,-0.022649
1704887704,2059113,0.043096,0.040701,-9.531317,-0.010925,0.017853,-0.021850
1704887704,2059148,0.043096,0.021548,-9.471462,-0.013057,0.014123,-0.020784
1704887704,2059173,0.023942,-0.016759,-9.423578,-0.014389,0.017853,-0.024248
1704887704,2059198,0.079009,-0.014365,-9.363723,-0.012790,0.017320,-0.022116
1704887704,2059222,0.000000,0.052672,-9.397242,-0.014655,0.013856,-0.019985
1704887704,2059246,0.023942,0.050278,-9.485827,-0.014922,0.019718,-0.021583
1704887704,2059271,0.007183,0.035913,-9.447520,-0.014123,0.017320,-0.023449
1704887704,2059295,0.088585,0.038307,-9.488221,-0.014655,0.018652,-0.023449
1704887704,2059322,0.055067,-0.016759,-9.428367,-0.013323,0.017320,-0.022649
1704887704,2059346,0.095768,0.004788,-9.526528,-0.016521,0.014123,-0.024515
1704887704,2059371,0.055067,-0.019154,-9.421184,-0.012790,0.020784,-0.021051
1704887704,2059395,0.083797,0.038307,-9.397242,-0.013590,0.016521,-0.023182
1704887704,2059420,0.090980,0.016759,-9.375694,-0.012524,0.015721,-0.022383
1704887704,2059444,0.045490,-0.009577,-9.440337,-0.014655,0.018119,-0.021317
1704887704,2059469,0.055067,-0.002394,-9.390059,-0.011458,0.020251,-0.019985
1704887704,2059495,0.095768,0.055067,-9.500193,-0.011991,0.015721,-0.020784
1704887704,2059520,0.081403,-0.028730,-9.361329,-0.010126,0.015721,-0.023182
1704887704,2059544,0.038307,0.031125,-9.454702,-0.011724,0.018386,-0.024781
1704887704,2059569,0.098162,0.028730,-9.504981,-0.013856,0.020251,-0.022916
1704887704,2059593,0.098162,0.055067,-9.423578,-0.011724,0.018652,-0.021850
1704887704,2059618,-0.014365,-0.019154,-9.543288,-0.013856,0.017054,-0.021583
1704887704,2059645,0.033519,-0.009577,-9.414001,-0.015721,0.018119,-0.020251
1704887704,2059669,0.086191,-0.023942,-9.442732,-0.012257,0.017054,-0.022116
1704887704,2059693,0.057461,0.004788,-9.425972,-0.014389,0.021583,-0.020518
1704887704,2059718,0.079009,-0.045490,-9.346964,-0.014389,0.020251,-0.022916
1704887704,2059742,0.107739,0.031125,-9.478644,-0.008793,0.016787,-0.022383
1704887704,2059767,0.011971,0.019154,-9.485827,-0.013590,0.018652,-0.023449
1704887704,2059791,0.057461,-0.023942,-9.485827,-0.014922,0.015188,-0.021051
1704887704,2059818,0.031125,0.052672,-9.466674,-0.014123,0.017587,-0.023715
1704887704,2059843,0.021548,0.043096,-9.449914,-0.011191,0.013590,-0.020784
1704887704,2059867,0.088585,0.021548,-9.385271,-0.012524,0.017853,-0.021850
1704887704,2059891,0.045490,0.026336,-9.464279,-0.014389,0.019985,-0.018119
1704887704,2059916,0.062249,0.023942,-9.454702,-0.015988,0.017587,-0.024248
1704887704,2059940,0.023942,-0.016759,-9.473856,-0.015188,0.017853,-0.020251
1704887704,2059965,0.088585,0.057461,-9.519346,-0.012524,0.017320,-0.022916
1704887704,2059992,0.095768,0.045490,-9.402030,-0.013590,0.017320,-0.022383
1704887704,2060016,0.033519,0.064643,-9.567230,-0.014389,0.016787,-0.022383
1704887705,2060041,0.045490,-0.038307,-9.366117,-0.014389,0.019452,-0.023715
1704887705,2060065,0.031125,-0.011971,-9.406818,-0.012790,0.019452,-0.021583
1704887705,2060089,0.040701,-0.011971,-9.457097,-0.013856,0.018119,-0.021317
1704887705,2060114,0.088585,0.064643,-9.449914,-0.013057,0.016254,-0.022649
1704887705,2060138,0.105345,-0.067038,-9.514558,-0.014655,0.017320,-0.019185
1704887705,2060165,0.090980,0.023942,-9.447520,-0.014123,0.017587,-0.024248
1704887705,2060190,0.079009,-0.038307,-9.461885,-0.018919,0.021850,-0.023982
1704887705,2060214,0.057461,-0.011971,-9.442732,-0.013590,0.015721,-0.022649
1704887705,2060239,0.052672,-0.011971,-9.416395,-0.012257,0.017587,-0.023449
1704887705,2060263,0.023942,-0.014365,-9.469068,-0.014123,0.018919,-0.020784
1704887705,2060287,0.028730,-0.040701,-9.437943,-0.016521,0.018652,-0.025047
1704887705,2060314,0.076614,0.040701,-9.435549,-0.010925,0.016521,-0.023982
1704887705,2060339,0.055067,-0.023942,-9.411607,-0.016254,0.017320,-0.022916
1704887705,2060363,0.050278,0.009577,-9.536105,-0.012257,0.013057,-0.019185
1704887705,2060387,0.098162,-0.050278,-9.418790,-0.010925,0.015188,-0.020784
1704887705,2060412,-0.011971,0.050278,-9.414001,-0.012524,0.017853,-0.024248
1704887705,2060436,0.016759,0.014365,-9.579201,-0.015455,0.020251,-0.021051
1704887705,2060461,0.057461,-0.033519,-9.550470,-0.014655,0.016254,-0.023182
1704887705,2060487,0.038307,0.011971,-9.473856,-0.012524,0.019718,-0.022383
1704887705,2060512,0.035913,-0.062249,-9.519346,-0.014655,0.019718,-0.022383
1704887705,2060537,0.067038,-0.052672,-9.409213,-0.013323,0.016787,-0.021051
1704887705,2060562,0.086191,0.004788,-9.433155,-0.013057,0.017054,-0.024248
1704887705,2060586,0.076614,-0.021548,-9.425972,-0.017054,0.018652,-0.023715
1704887705,2060611,0.028730,-0.011971,-9.485827,-0.010126,0.017054,-0.020251
1704887705,2060636,0.047884,0.019154,-9.469068,-0.013856,0.019985,-0.020251
1704887705,2060663,0.057461,0.002394,-9.481039,-0.012790,0.017054,-0.024781
1704887705,2060687,0.069432,0.019154,-9.442732,-0.012257,0.015188,-0.021850
1704887705,2060712,0.088585,0.000000,-9.428367,-0.012790,0.021051,-0.025580
1704887705,2060737,0.045490,-0.023942,-9.437943,-0.014655,0.021051,-0.022916
1704887705,2060762,0.088585,0.023942,-9.404425,-0.013323,0.015455,-0.024781
1704887705,2060786,0.009577,0.023942,-9.461885,-0.017853,0.018386,-0.024248
1704887705,2060814,0.040701,0.007183,-9.433155,-0.009593,0.018652,-0.022916
1704887705,2060838,0.043096,-0.002394,-9.428367,-0.010658,0.018119,-0.022383
1704887705,2060863,0.011971,-0.002394,-9.481039,-0.011724,0.019452,-0.022116
1704887705,2060888,0.122104,-0.019154,-9.416395,-0.015988,0.020518,-0.023182
1704887705,2060913,0.023942,-0.016759,-9.428367,-0.012790,0.017853,-0.024248
1704887705,2060937,0.045490,0.021548,-9.524135,-0.014922,0.012524,-0.021583
1704887705,2060962,0.090980,0.028730,-9.397242,-0.015455,0.016254,-0.021051
1704887705,2060989,0.081403,0.019154,-9.447520,-0.012257,0.015721,-0.021850
1704887705,2061014,0.069432,0.014365,-9.392453,-0.014389,0.015721,-0.021850
1704887706,2061039,0.016759,0.043096,-9.447520,-0.016521,0.017853,-0.022383
1704887706,2061064,0.026336,-0.009577,-9.437943,-0.013590,0.020784,-0.021317
1704887706,2061088,0.071826,0.021548,-9.516952,-0.013057,0.019185,-0.019718
1704887706,2061113,0.023942,-0.009577,-9.442732,-0.014123,0.017853,-0.021317
1704887706,2061138,0.057461,0.045490,-9.457097,-0.014389,0.018119,-0.024248
1704887706,2061165,0.040701,-0.019154,-9.437943,-0.013590,0.021051,-0.023182
1704887706,2061190,0.014365,-0.011971,-9.421184,-0.011991,0.021317,-0.021850
1704887706,2061215,0.076614,0.038307,-9.461885,-0.014389,0.017853,-0.021051
1704887706,2061239,0.067038,0.007183,-9.466674,-0.010658,0.013590,-0.024781
1704887706,2061264,0.038307,0.035913,-9.449914,-0.014922,0.018119,-0.020518
1704887706,2061289,0.031125,-0.009577,-9.423578,-0.012790,0.015721,-0.019985
1704887706,2061316,0.079009,-0.004788,-9.442732,-0.013057,0.017320,-0.021583
1704887706,2061341,0.038307,0.000000,-9.442732,-0.013856,0.016254,-0.024781
1704887706,2061365,0.114922,0.002394,-9.469068,-0.011724,0.015721,-0.024248
1704887706,2061390,0.043096,0.035913,-9.385271,-0.013323,0.016254,-0.019452
1704887706,2061415,0.038307,0.014365,-9.423578,-0.011724,0.016521,-0.021850
1704887706,2061440,0.076614,0.043096,-9.524135,-0.014655,0.018919,-0.021051
1704887706,2061465,0.047884,-0.021548,-9.358934,-0.016521,0.018119,-0.023182
1704887706,2061492,0.074220,-0.055067,-9.461885,-0.013323,0.016521,-0.021317
1704887706,2061517,0.040701,0.016759,-9.471462,-0.010126,0.015455,-0.023715
1704887706,2061541,0.050278,0.000000,-9.430760,-0.011991,0.019185,-0.022383
1704887706,2061566,-0.014365,-0.004788,-9.459491,-0.013323,0.015721,-0.021850
1704887706,2061591,0.110133,-0.016759,-9.469068,-0.013590,0.015988,-0.024248
1704887706,2061616,0.076614,0.026336,-9.497798,-0.013057,0.015988,-0.023982
1704887706,2061640,0.074220,-0.016759,-9.406818,-0.015188,0.018386,-0.025047
1704887706,2061668,0.050278,0.009577,-9.504981,-0.013590,0.017587,-0.021850
1704887706,2061692,0.007183,0.016759,-9.363723,-0.013856,0.015455,-0.023182
1704887706,2061717,0.050278,-0.002394,-9.478644,-0.012790,0.017853,-0.022116
1704887706,2061742,0.110133,-0.016759,-9.473856,-0.010392,0.018119,-0.020518
1704887706,2061766,0.059855,0.016759,-9.519346,-0.015988,0.019985,-0.024515
1704887706,2061791,0.009577,0.014365,-9.500193,-0.012790,0.014922,-0.021317
1704887706,2061816,0.071826,0.052672,-9.493010,-0.013323,0.020518,-0.021850
1704887706,2061847,0.052672,0.000000,-9.502586,-0.008527,0.018919,-0.019185
1704887706,2061872,0.045490,0.014365,-9.397242,-0.011991,0.014922,-0.023182
1704887706,2061897,0.088585,0.023942,-9.514558,-0.014922,0.019452,-0.023182
1704887706,2061921,0.045490,-0.007183,-9.471462,-0.014922,0.016787,-0.020518
1704887706,2061945,0.004788,0.009577,-9.428367,-0.010658,0.018119,-0.022116
1704887706,2061970,0.064643,-0.021548,-9.457097,-0.011458,0.018919,-0.021051
1704887706,2061997,0.045490,0.033519,-9.512163,-0.012257,0.015721,-0.025047
1704887706,2062021,0.052672,-0.019154,-9.514558,-0.014389,0.015988,-0.023982
1704887707,2062046,0.081403,0.000000,-9.533711,-0.013856,0.015188,-0.018652
1704887707,2062070,0.014365,0.002394,-9.440337,-0.015721,0.013590,-0.023449
1704887707,2062095,0.040701,0.031125,-9.545682,-0.014389,0.015188,-0.019985
1704887707,2062119,0.069432,-0.023942,-9.452309,-0.018652,0.015188,-0.024781
1704887707,2062143,0.031125,-0.009577,-9.390059,-0.014123,0.016787,-0.025047
1704887707,2062170,0.023942,0.000000,-9.397242,-0.014389,0.013590,-0.023182
1704887707,2062195,0.023942,-0.007183,-9.473856,-0.015988,0.017320,-0.022916
1704887707,2062219,0.007183,0.007183,-9.459491,-0.012524,0.019452,-0.024248
1704887707,2062244,0.043096,0.016759,-9.423578,-0.012257,0.017320,-0.021317
1704887707,2062268,0.074220,-0.016759,-9.411607,-0.015455,0.017853,-0.020784
1704887707,2062293,0.026336,0.000000,-9.509769,-0.013057,0.016254,-0.021583
1704887707,2062317,0.081403,-0.031125,-9.440337,-0.013057,0.017587,-0.021850
1704887707,2062344,0.011971,-0.004788,-9.509769,-0.014389,0.019985,-0.021850
1704887707,2062369,0.038307,-0.033519,-9.442732,-0.012790,0.016521,-0.024248
1704887707,2062393,0.110133,-0.043096,-9.495404,-0.013590,0.017054,-0.020518
1704887707,2062418,0.064643,0.014365,-9.485827,-0.014389,0.017320,-0.023182
1704887707,2062442,-0.011971,0.000000,-9.461885,-0.015988,0.018652,-0.022649
1704887707,2062467,0.050278,0.023942,-9.447520,-0.017054,0.017853,-0.020784
1704887707,2062493,0.045490,-0.038307,-9.368511,-0.014389,0.017587,-0.019185
1704887707,2062518,0.026336,0.043096,-9.481039,-0.012524,0.019185,-0.023182
1704887707,2062542,0.105345,-0.014365,-9.418790,-0.016254,0.017587,-0.026113
1704887707,2062567,0.035913,0.004788,-9.514558,-0.012524,0.016787,-0.023982
1704887707,2062591,0.062249,0.038307,-9.473856,-0.014389,0.016521,-0.021317
1704887707,2062616,0.069432,-0.047884,-9.514558,-0.012257,0.016254,-0.023715
1704887707,2062640,0.040701,-0.009577,-9.464279,-0.011991,0.016521,-0.021317
1704887707,2062667,0.028730,0.007183,-9.473856,-0.014389,0.014922,-0.022916
1704887707,2062691,-0.026336,-0.023942,-9.435549,-0.012257,0.020251,-0.021850
1704887707,2062716,0.117316,-0.004788,-9.466674,-0.015455,0.014922,-0.021051
1704887707,2062740,0.090980,-0.019154,-9.476251,-0.012524,0.016254,-0.022649
1704887707,2062765,0.023942,0.019154,-9.428367,-0.013590,0.016787,-0.020784
1704887707,2062789,0.050278,-0.004788,-9.490616,-0.013323,0.017587,-0.020784
1704887707,2062814,0.038307,0.038307,-9.411607,-0.015455,0.015721,-0.023182
1704887707,2062840,0.045490,0.004788,-9.382876,-0.015455,0.017054,-0.023982
1704887707,2062865,0.038307,0.019154,-9.473856,-0.013057,0.016787,-0.022116
1704887707,2062889,0.090980,0.038307,-9.442732,-0.015455,0.017853,-0.020251
1704887707,2062914,0.007183,-0.047884,-9.457097,-0.013057,0.017054,-0.021850
1704887707,2062938,0.069432,-0.019154,-9.509769,-0.013057,0.017320,-0.022116
1704887707,2062963,0.107739,-0.023942,-9.536105,-0.012524,0.018652,-0.022649
1704887707,2062989,-0.007183,-0.043096,-9.502586,-0.011191,0.019452,-0.022916
1704887707,2063014,0.016759,-0.102951,-9.483433,-0.011191,0.019718,-0.019185
1704887708,2063038,0.047884,0.040701,-9.380483,-0.013323,0.019452,-0.022116
1704887708,2063063,0.069432,0.021548,-9.488221,-0.012790,0.020251,-0.021583
1704887708,2063087,0.095768,-0.014365,-9.425972,-0.012524,0.018652,-0.024248
1704887708,2063111,0.052672,-0.045490,-9.411607,-0.012790,0.015455,-0.022916
1704887708,2063136,0.004788,0.009577,-9.545682,-0.014123,0.014123,-0.021850
1704887708,2063163,0.023942,0.031125,-9.469068,-0.014655,0.019452,-0.022383
1704887708,2063187,0.100556,0.019154,-9.521740,-0.013057,0.016521,-0.021583
1704887708,2063212,-0.004788,-0.002394,-9.428367,-0.013323,0.017320,-0.021850
1704887708,2063237,0.129287,0.028730,-9.447520,-0.013057,0.018119,-0.023715
1704887708,2063261,0.055067,0.038307,-9.572019,-0.009593,0.017054,-0.017587
1704887708,2063286,0.055067,0.016759,-9.414001,-0.012790,0.021317,-0.020251
1704887708,2063311,0.064643,0.031125,-9.504981,-0.015188,0.016254,-0.022116
1704887708,2063338,0.086191,-0.004788,-9.519346,-0.013057,0.018119,-0.023982
1704887708,2063363,0.062249,-0.002394,-9.493010,-0.012790,0.018386,-0.022116
1704887708,2063387,0.093374,0.007183,-9.428367,-0.014655,0.022116,-0.023715
1704887708,2063412,0.129287,-0.031125,-9.476251,-0.013323,0.015988,-0.022649
1704887708,2063437,-0.004788,0.028730,-9.421184,-0.010925,0.017320,-0.021583
1704887708,2063462,0.043096,0.023942,-9.440337,-0.015988,0.018386,-0.021583
1704887708,2063489,0.040701,0.016759,-9.497798,-0.013057,0.017054,-0.025580
1704887708,2063514,0.069432,0.019154,-9.538500,-0.012524,0.018119,-0.021583
1704887708,2063538,0.047884,-0.002394,-9.392453,-0.013323,0.015721,-0.021317
1704887708,2063563,-0.002394,-0.004788,-9.390059,-0.012790,0.019452,-0.023182
1704887708,2063588,0.088585,-0.023942,-9.449914,-0.014922,0.018386,-0.022649
1704887708,2063613,0.009577,-0.023942,-9.406818,-0.014123,0.018119,-0.019985
1704887708,2063637,0.069432,0.002394,-9.543288,-0.011191,0.019985,-0.018652
1704887708,2063665,0.076614,-0.045490,-9.440337,-0.013856,0.019452,-0.026113
1704887708,2063689,-0.026336,0.040701,-9.588778,-0.014655,0.016787,-0.024781
1704887708,2063714,0.055067,0.000000,-9.440337,-0.012524,0.012790,-0.024515
1704887708,2063739,0.074220,-0.009577,-9.488221,-0.013323,0.014922,-0.022383
1704887708,2063764,0.122104,0.033519,-9.502586,-0.014655,0.017054,-0.022916
1704887708,2063788,0.064643,0.035913,-9.435549,-0.013590,0.016521,-0.024248
1704887708,2063813,0.040701,-0.021548,-9.440337,-0.014389,0.017054,-0.023182
1704887708,2063840,0.059855,-0.007183,-9.449914,-0.011991,0.016787,-0.022649
1704887708,2063865,0.011971,0.031125,-9.531317,-0.013856,0.017054,-0.022116
1704887708,2063890,-0.043096,0.035913,-9.483433,-0.011991,0.019452,-0.021583
1704887708,2063915,0.026336,0.004788,-9.387665,-0.013856,0.021583,-0.023182
1704887708,2063939,0.083797,0.004788,-9.478644,-0.014123,0.018652,-0.022916
1704887708,2063964,0.004788,0.004788,-9.378088,-0.014123,0.018919,-0.018386
1704887708,2063991,0.093374,0.007183,-9.430760,-0.015455,0.018119,-0.025847
1704887708,2064016,0.071826,-0.031125,-9.416395,-0.013590,0.016521,-0.023182
1704887709,2064041,0.071826,0.055067,-9.399636,-0.013057,0.016521,-0.017853
1704887709,2064066,0.033519,0.007183,-9.423578,-0.013590,0.019718,-0.020784
1704887709,2064090,0.083797,-0.004788,-9.514558,-0.012790,0.018119,-0.022116
1704887709,2064115,0.047884,-0.009577,-9.368511,-0.015721,0.017054,-0.019985
1704887709,2064140,0.057461,0.074220,-9.495404,-0.013856,0.017587,-0.019718
1704887709,2064167,0.095768,-0.019154,-9.452309,-0.011458,0.019185,-0.022383
1704887709,2064192,0.038307,0.064643,-9.483433,-0.013856,0.017853,-0.019452
1704887709,2064217,0.059855,0.007183,-9.567230,-0.012790,0.017853,-0.021317
1704887709,2064241,0.102951,0.000000,-9.514558,-0.011724,0.022116,-0.022383
1704887709,2064266,0.014365,-0.028730,-9.466674,-0.015455,0.020518,-0.021317
1704887709,2064291,0.050278,0.021548,-9.406818,-0.012790,0.019718,-0.022916
1704887709,2064316,0.081403,0.081403,-9.500193,-0.012790,0.016787,-0.021850
1704887709,2064343,0.043096,0.000000,-9.447520,-0.013323,0.019452,-0.020518
1704887709,2064367,0.026336,0.026336,-9.476251,-0.011458,0.014922,-0.023449
1704887709,2064392,0.023942,0.057461,-9.449914,-0.010658,0.017853,-0.019985
1704887709,2064417,0.011971,-0.009577,-9.507375,-0.015721,0.014655,-0.023182
1704887709,2064442,0.090980,0.047884,-9.406818,-0.012257,0.018119,-0.023182
1704887709,2064466,0.081403,-0.031125,-9.416395,-0.015988,0.016787,-0.019718
1704887709,2064491,0.100556,-0.009577,-9.497798,-0.013856,0.017853,-0.023182
1704887709,2064526,0.043096,0.040701,-9.507375,-0.011458,0.018119,-0.023982
1704887709,2064551,0.081403,-0.011971,-9.471462,-0.011991,0.017054,-0.024248
1704887709,2064575,0.050278,0.009577,-9.493010,-0.013057,0.018119,-0.022383
1704887709,2064600,0.050278,0.004788,-9.428367,-0.011458,0.020251,-0.021583
1704887709,2064624,0.047884,0.014365,-9.423578,-0.012524,0.015455,-0.021850
1704887709,2064649,0.000000,0.028730,-9.373300,-0.014655,0.018119,-0.021317
1704887709,2064675,0.083797,-0.055067,-9.490616,-0.014655,0.020518,-0.020518
1704887709,2064700,0.059855,0.023942,-9.421184,-0.015455,0.018652,-0.020251
1704887709,2064724,0.069432,0.011971,-9.483433,-0.011724,0.017587,-0.021583
1704887709,2064749,0.057461,-0.031125,-9.452309,-0.015188,0.018386,-0.021583
1704887709,2064773,0.016759,0.038307,-9.497798,-0.015721,0.016254,-0.022116
1704887709,2064798,0.076614,-0.031125,-9.459491,-0.013057,0.017320,-0.020251
1704887709,2064822,-0.026336,0.035913,-9.519346,-0.014123,0.016521,-0.024515
1704887709,2064849,0.021548,0.009577,-9.469068,-0.016521,0.018119,-0.022649
1704887709,2064873,0.064643,0.035913,-9.437943,-0.013856,0.018919,-0.023715
1704887709,2064898,0.016759,0.055067,-9.476251,-0.013057,0.016521,-0.021317
1704887709,2064922,0.052672,0.002394,-9.461885,-0.015988,0.015188,-0.022649
1704887709,2064947,0.074220,0.031125,-9.502586,-0.012790,0.018119,-0.025314
1704887709,2064971,0.011971,0.000000,-9.334992,-0.014922,0.015721,-0.021051
1704887709,2064996,0.114922,-0.009577,-9.528923,-0.013057,0.019185,-0.020251
1704887709,2065022,0.088585,0.028730,-9.382876,-0.015988,0.016254,-0.021850
1704887710,2065047,0.088585,0.033519,-9.416395,-0.015721,0.015988,-0.022649
1704887710,2065071,0.023942,-0.062249,-9.433155,-0.010658,0.018652,-0.020251
1704887710,2065096,0.016759,0.009577,-9.526528,-0.013323,0.022649,-0.021583
1704887710,2065120,0.093374,0.009577,-9.385271,-0.012524,0.015455,-0.022916
1704887710,2065145,0.098162,0.007183,-9.583989,-0.013590,0.015188,-0.022916
1704887710,2065171,0.062249,0.045490,-9.397242,-0.012524,0.017320,-0.021583
1704887710,2065196,0.076614,-0.047884,-9.382876,-0.015455,0.014123,-0.020518
1704887710,2065220,0.064643,0.000000,-9.502586,-0.012257,0.016521,-0.020251
1704887710,2065245,0.033519,0.031125,-9.519346,-0.013856,0.016787,-0.018386
1704887710,2065269,0.031125,0.021548,-9.483433,-0.013323,0.018386,-0.022116
1704887710,2065294,0.026336,-0.011971,-9.430760,-0.011191,0.018386,-0.020251
1704887710,2065318,0.043096,-0.031125,-9.469068,-0.013057,0.017853,-0.019985
1704887710,2065345,0.090980,-0.064643,-9.471462,-0.015721,0.020518,-0.022649
1704887710,2065369,0.033519,0.035913,-9.411607,-0.012257,0.019452,-0.023182
1704887710,2065394,0.064643,0.002394,-9.502586,-0.015988,0.020784,-0.021317
1704887710,2065419,0.047884,0.002394,-9.504981,-0.010925,0.016254,-0.023715
1704887710,2065443,0.088585,-0.033519,-9.466674,-0.016254,0.017320,-0.022383
1704887710,2065467,0.098162,0.021548,-9.452309,-0.011458,0.016787,-0.021317
1704887710,2065492,0.093374,-0.033519,-9.533711,-0.013057,0.022116,-0.023449
1704887710,2065519,0.002394,0.045490,-9.425972,-0.013856,0.020251,-0.023715
1704887710,2065543,0.026336,-0.004788,-9.562442,-0.014123,0.017587,-0.022649
1704887710,2065568,0.076614,0.019154,-9.416395,-0.011991,0.016254,-0.023182
1704887710,2065592,0.110133,-0.023942,-9.380483,-0.010925,0.018119,-0.023715
1704887710,2065617,0.035913,0.045490,-9.473856,-0.011991,0.017853,-0.021850
1704887710,2065641,0.090980,0.047884,-9.454702,-0.013323,0.016521,-0.021850
1704887710,2065665,0.031125,0.021548,-9.454702,-0.015188,0.018652,-0.023182
1704887710,2065692,0.031125,0.014365,-9.471462,-0.010925,0.016521,-0.021051
1704887710,2065717,0.045490,0.047884,-9.394848,-0.015721,0.014655,-0.025314
1704887710,2065741,0.016759,0.002394,-9.471462,-0.011991,0.015721,-0.019452
1704887710,2065765,0.071826,0.004788,-9.404425,-0.012790,0.021051,-0.021850
1704887710,2065790,0.038307,-0.016759,-9.442732,-0.007994,0.017587,-0.021583
1704887710,2065814,0.021548,0.009577,-9.433155,-0.014389,0.018652,-0.023982
1704887710,2065841,0.045490,0.014365,-9.428367,-0.013856,0.017587,-0.020784
1704887710,2065866,0.011971,0.016759,-9.497798,-0.014655,0.018119,-0.023715
1704887710,2065890,0.079009,-0.011971,-9.500193,-0.014655,0.017054,-0.020518
1704887710,2065915,0.064643,0.026336,-9.461885,-0.016254,0.015721,-0.021583
1704887710,2065940,0.026336,-0.016759,-9.454702,-0.014655,0.016521,-0.021583
1704887710,2065965,0.021548,-0.014365,-9.521740,-0.013323,0.022116,-0.020784
1704887710,2065989,0.059855,0.026336,-9.445126,-0.014655,0.019452,-0.022116
1704887710,2066016,0.064643,0.026336,-9.519346,-0.013057,0.014123,-0.022916
1704887711,2066041,0.057461,-0.007183,-9.538500,-0.014922,0.019185,-0.020518
1704887711,2066066,0.064643,-0.079009,-9.564836,-0.013856,0.019185,-0.024515
1704887711,2066091,0.083797,0.033519,-9.440337,-0.015455,0.016254,-0.021583
1704887711,2066116,0.057461,0.014365,-9.421184,-0.013323,0.018386,-0.022649
1704887711,2066140,0.004788,-0.064643,-9.490616,-0.014389,0.018119,-0.022383
1704887711,2066165,0.014365,-0.043096,-9.452309,-0.014655,0.017587,-0.022916
1704887711,2066192,0.035913,0.002394,-9.464279,-0.015188,0.018652,-0.020784
1704887711,2066217,0.004788,-0.026336,-9.416395,-0.015188,0.019718,-0.023715
1704887711,2066242,0.074220,-0.040701,-9.504981,-0.015455,0.018119,-0.022916
1704887711,2066267,0.043096,-0.023942,-9.500193,-0.013856,0.015188,-0.021317
1704887711,2066291,0.033519,-0.016759,-9.433155,-0.013057,0.019718,-0.020784
1704887711,2066316,0.083797,0.028730,-9.497798,-0.013057,0.022649,-0.022916
1704887711,2066343,0.050278,0.007183,-9.481039,-0.013323,0.016521,-0.021051
1704887711,2066368,0.019154,-0.040701,-9.437943,-0.016787,0.019185,-0.023449
1704887711,2066393,0.047884,0.074220,-9.528923,-0.014389,0.021850,-0.019985
1704887711,2066418,0.090980,0.050278,-9.483433,-0.015455,0.016787,-0.023182
1704887711,2066443,0.038307,0.023942,-9.464279,-0.011724,0.018652,-0.021317
1704887711,2066467,0.028730,0.019154,-9.473856,-0.012257,0.013323,-0.023449
1704887711,2066492,0.110133,0.021548,-9.442732,-0.013856,0.018119,-0.020518
1704887711,2066519,0.095768,0.002394,-9.471462,-0.015721,0.019185,-0.023182
1704887711,2066544,0.045490,0.038307,-9.483433,-0.013057,0.018919,-0.024248
1704887711,2066569,0.050278,-0.023942,-9.339781,-0.014655,0.015455,-0.023449
1704887711,2066594,0.047884,-0.021548,-9.512163,-0.014389,0.017853,-0.023182
1704887711,2066619,0.011971,-0.004788,-9.442732,-0.011991,0.018652,-0.019985
1704887711,2066643,0.052672,-0.033519,-9.543288,-0.014922,0.021583,-0.026380
1704887711,2066668,0.000000,-0.004788,-9.461885,-0.011724,0.016254,-0.021051
1704887711,2066695,0.016759,0.016759,-9.533711,-0.012790,0.015455,-0.023449
1704887711,2066720,0.055067,0.031125,-9.538500,-0.013590,0.021583,-0.022649
1704887711,2066745,0.062249,0.026336,-9.425972,-0.013057,0.017853,-0.023982
1704887711,2066769,0.019154,-0.007183,-9.469068,-0.013590,0.017853,-0.023982
1704887711,2066794,0.057461,0.052672,-9.533711,-0.011458,0.021850,-0.022116
1704887711,2066819,0.064643,0.002394,-9.428367,-0.013590,0.020518,-0.020784
1704887711,2066846,0.052672,0.011971,-9.548077,-0.014389,0.017320,-0.023982
1704887711,2066871,0.045490,0.014365,-9.380483,-0.011724,0.016521,-0.024781
1704887711,2066896,0.023942,0.009577,-9.464279,-0.012257,0.020784,-0.021583
1704887711,2066920,0.064643,0.014365,-9.488221,-0.016521,0.019718,-0.023449
1704887711,2066945,0.055067,-0.004788,-9.567230,-0.011458,0.014655,-0.022116
1704887711,2066970,0.055067,0.014365,-9.473856,-0.013057,0.017853,-0.023449
1704887711,2066995,0.004788,-0.014365,-9.406818,-0.012257,0.017320,-0.019718
1704887711,2067022,0.067038,0.047884,-9.447520,-0.013856,0.021850,-0.023982
