timestamp,millis,AccX,AccY,AccZ,GyroX,GyroY,GyroZ
1703069652,1837372,0.196325,0.074220,-9.459491
1703069652,1837392,0.162806,0.000000,-9.500193
1703069652,1837413,0.256180,-0.011971,-9.409213
1703069652,1837433,0.184354,0.052672,-9.469068
1703069652,1837453,0.179565,0.014365,-9.459491
1703069652,1837473,0.162806,0.016759,-9.521740
1703069652,1837496,0.239420,0.023942,-9.404425
1703069652,1837516,0.201113,0.031125,-9.545682
1703069652,1837536,0.186748,0.009577,-9.469068
1703069652,1837557,0.167594,0.069432,-9.449914
1703069652,1837577,0.260968,0.011971,-9.543288
1703069652,1837597,0.208296,-0.011971,-9.457097
1703069652,1837617,0.198719,0.026336,-9.414001
1703069652,1837638,0.205901,0.038307,-9.536105
1703069652,1837658,0.203507,0.076614,-9.514558
1703069652,1837678,0.253785,0.002394,-9.425972
1703069652,1837701,0.220267,0.023942,-9.409213
1703069652,1837721,0.153229,0.071826,-9.399636
1703069652,1837741,0.225055,0.050278,-9.337387
1703069652,1837762,0.172383,0.023942,-9.524135
1703069652,1837782,0.174777,0.014365,-9.481039
1703069652,1837802,0.239420,0.019154,-9.466674
1703069652,1837822,0.237026,0.011971,-9.459491
1703069652,1837843,0.246603,-0.007183,-9.555259
1703069652,1837863,0.268151,0.011971,-9.449914
1703069652,1837883,0.296881,0.067038,-9.512163
1703069652,1837903,0.263362,0.062249,-9.497798
1703069652,1837926,0.191536,0.016759,-9.495404
1703069652,1837946,0.225055,0.031125,-9.442732
1703069652,1837966,0.184354,0.059855,-9.488221
1703069652,1837987,0.186748,0.000000,-9.452309
1703069652,1838007,0.220267,0.062249,-9.433155
1703069652,1838027,0.181959,0.057461,-9.483433
1703069652,1838047,0.225055,0.052672,-9.526528
1703069652,1838068,0.234632,0.021548,-9.435549
1703069652,1838088,0.186748,0.043096,-9.392453
1703069652,1838108,0.220267,0.031125,-9.380483
1703069652,1838128,0.191536,0.014365,-9.390059
1703069652,1838151,0.181959,-0.007183,-9.433155
1703069652,1838171,0.263362,0.064643,-9.464279
1703069652,1838192,0.253785,-0.023942,-9.423578
1703069652,1838212,0.210690,0.055067,-9.447520
1703069652,1838232,0.210690,0.021548,-9.399636
1703069652,1838252,0.162806,-0.004788,-9.457097
1703069652,1838273,0.158017,0.067038,-9.414001
1703069652,1838293,0.220267,0.016759,-9.493010
1703069652,1838313,0.213084,0.023942,-9.543288
1703069652,1838333,0.253785,0.019154,-9.481039
1703069653,1838354,0.213084,-0.038307,-9.457097
1703069653,1838376,0.162806,0.031125,-9.485827
1703069653,1838396,0.222661,0.007183,-9.476251
1703069653,1838417,0.208296,0.052672,-9.461885
1703069653,1838437,0.165200,-0.016759,-9.567230
1703069653,1838457,0.203507,0.052672,-9.521740
1703069653,1838477,0.136469,-0.014365,-9.526528
1703069653,1838498,0.141258,0.052672,-9.521740
1703069653,1838518,0.177171,0.079009,-9.514558
1703069653,1838538,0.222661,-0.021548,-9.459491
1703069653,1838558,0.179565,-0.023942,-9.421184
1703069653,1838579,0.126893,0.035913,-9.471462
1703069653,1838601,0.148441,0.009577,-9.509769
1703069653,1838621,0.208296,0.031125,-9.433155
1703069653,1838642,0.172383,0.016759,-9.502586
1703069653,1838662,0.169988,0.067038,-9.423578
1703069653,1838682,0.208296,0.043096,-9.430760
1703069653,1838702,0.134075,0.023942,-9.495404
1703069653,1838722,0.160412,0.016759,-9.461885
1703069653,1838743,0.174777,0.028730,-9.440337
1703069653,1838763,0.186748,0.076614,-9.490616
1703069653,1838783,0.234632,0.023942,-9.447520
1703069653,1838803,0.277727,0.069432,-9.485827
1703069653,1838826,0.210690,0.031125,-9.411607
1703069653,1838846,0.146046,0.040701,-9.380483
1703069653,1838867,0.174777,0.069432,-9.488221
1703069653,1838887,0.191536,0.035913,-9.461885
1703069653,1838907,0.268151,0.045490,-9.447520
1703069653,1838928,0.239420,0.069432,-9.469068
1703069653,1838948,0.169988,0.043096,-9.392453
1703069653,1838969,0.160412,0.007183,-9.469068
1703069653,1838989,0.174777,-0.009577,-9.471462
1703069653,1839010,0.232238,0.076614,-9.442732
1703069653,1839030,0.174777,0.102951,-9.476251
1703069653,1839053,0.205901,0.021548,-9.524135
1703069653,1839074,0.208296,0.019154,-9.433155
1703069653,1839094,0.165200,0.074220,-9.562442
1703069653,1839115,0.143652,0.031125,-9.358934
1703069653,1839135,0.193930,0.035913,-9.464279
1703069653,1839156,0.167594,0.035913,-9.512163
1703069653,1839176,0.177171,0.050278,-9.435549
1703069653,1839197,0.213084,0.040701,-9.440337
1703069653,1839218,0.205901,0.090980,-9.461885
1703069653,1839238,0.244209,0.026336,-9.416395
1703069653,1839261,0.189142,0.086191,-9.382876
1703069653,1839282,0.258574,-0.002394,-9.387665
1703069653,1839302,0.184354,0.043096,-9.416395
1703069653,1839323,0.124498,0.035913,-9.416395
1703069654,1839343,0.179565,0.071826,-9.473856
1703069654,1839364,0.167594,0.079009,-9.485827
1703069654,1839385,0.270545,0.055067,-9.564836
1703069654,1839405,0.213084,0.112527,-9.433155
1703069654,1839426,0.210690,0.059855,-9.421184
1703069654,1839446,0.167594,0.023942,-9.471462
1703069654,1839467,0.260968,0.050278,-9.437943
1703069654,1839490,0.169988,-0.009577,-9.416395
1703069654,1839511,0.181959,-0.035913,-9.521740
1703069654,1839531,0.203507,0.026336,-9.457097
1703069654,1839552,0.184354,0.016759,-9.423578
1703069654,1839572,0.196325,0.011971,-9.416395
1703069654,1839593,0.222661,0.014365,-9.416395
1703069654,1839613,0.126893,0.035913,-9.473856
1703069654,1839634,0.198719,0.079009,-9.414001
1703069654,1839655,0.225055,0.112527,-9.476251
1703069654,1839675,0.241814,0.000000,-9.476251
1703069654,1839696,0.227449,0.038307,-9.454702
1703069654,1839719,0.203507,0.026336,-9.485827
1703069654,1839739,0.220267,0.069432,-9.466674
1703069654,1839760,0.167594,0.079009,-9.399636
1703069654,1839780,0.220267,0.002394,-9.552865
1703069654,1839801,0.210690,0.023942,-9.390059
1703069654,1839822,0.234632,-0.031125,-9.397242
1703069654,1839842,0.193930,0.009577,-9.440337
1703069654,1839863,0.215478,0.026336,-9.473856
1703069654,1839883,0.253785,-0.007183,-9.411607
1703069654,1839904,0.205901,0.023942,-9.447520
1703069654,1839924,0.282516,0.002394,-9.452309
1703069654,1839947,0.181959,0.021548,-9.478644
1703069654,1839968,0.232238,0.062249,-9.485827
1703069654,1839988,0.181959,0.000000,-9.471462
1703069654,1840009,0.136469,0.038307,-9.366117
1703069654,1840029,0.248997,0.021548,-9.485827
1703069654,1840050,0.227449,-0.004788,-9.476251
1703069654,1840070,0.102951,0.086191,-9.497798
1703069654,1840091,0.167594,0.045490,-9.375694
1703069654,1840111,0.246603,0.098162,-9.373300
1703069654,1840132,0.193930,0.057461,-9.449914
1703069654,1840153,0.215478,-0.007183,-9.399636
1703069654,1840176,0.153229,0.026336,-9.454702
1703069654,1840196,0.196325,0.035913,-9.368511
1703069654,1840217,0.227449,0.014365,-9.423578
1703069654,1840237,0.191536,0.028730,-9.423578
1703069654,1840258,0.244209,0.035913,-9.449914
1703069654,1840278,0.270545,0.021548,-9.361329
1703069654,1840299,0.148441,-0.033519,-9.344569
1703069654,1840319,0.227449,0.002394,-9.423578
1703069655,1840340,0.193930,-0.009577,-9.447520
1703069655,1840360,0.181959,0.047884,-9.478644
1703069655,1840381,0.220267,0.016759,-9.473856
1703069655,1840404,0.134075,-0.031125,-9.521740
1703069655,1840425,0.134075,0.007183,-9.507375
1703069655,1840445,0.241814,0.062249,-9.567230
1703069655,1840465,0.191536,0.045490,-9.526528
1703069655,1840486,0.193930,0.023942,-9.488221
1703069655,1840506,0.186748,0.067038,-9.476251
1703069655,1840527,0.205901,0.031125,-9.476251
1703069655,1840547,0.205901,0.055067,-9.454702
1703069655,1840568,0.167594,0.023942,-9.560047
1703069655,1840588,0.193930,0.035913,-9.449914
1703069655,1840609,0.158017,0.055067,-9.504981
1703069655,1840639,0.201113,0.067038,-9.442732
1703069655,1840660,0.184354,0.064643,-9.449914
1703069655,1840681,0.146046,0.038307,-9.404425
1703069655,1840701,0.193930,0.038307,-9.454702
1703069655,1840721,0.237026,0.062249,-9.483433
1703069655,1840741,0.160412,0.076614,-9.344569
1703069655,1840761,0.174777,0.086191,-9.476251
1703069655,1840782,0.196325,0.002394,-9.399636
1703069655,1840802,0.222661,-0.038307,-9.464279
1703069655,1840822,0.186748,0.047884,-9.483433
1703069655,1840844,0.213084,0.009577,-9.433155
1703069655,1840865,0.220267,0.035913,-9.473856
1703069655,1840885,0.222661,0.028730,-9.552865
1703069655,1840905,0.193930,0.000000,-9.550470
1703069655,1840925,0.172383,0.047884,-9.397242
1703069655,1840946,0.191536,0.009577,-9.452309
1703069655,1840966,0.189142,0.028730,-9.392453
1703069655,1840986,0.239420,0.014365,-9.447520
1703069655,1841006,0.179565,0.033519,-9.509769
1703069655,1841027,0.205901,-0.023942,-9.526528
1703069655,1841047,0.213084,0.040701,-9.442732
1703069655,1841070,0.169988,-0.002394,-9.409213
1703069655,1841090,0.186748,0.031125,-9.502586
1703069655,1841110,0.227449,0.055067,-9.435549
1703069655,1841130,0.208296,0.000000,-9.423578
1703069655,1841151,0.193930,-0.021548,-9.502586
1703069655,1841171,0.203507,0.033519,-9.476251
1703069655,1841191,0.222661,-0.021548,-9.564836
1703069655,1841211,0.265756,0.050278,-9.466674
1703069655,1841232,0.220267,0.038307,-9.445126
1703069655,1841252,0.179565,0.059855,-9.416395
1703069655,1841272,0.217872,0.050278,-9.555259
1703069655,1841295,0.203507,0.014365,-9.430760
1703069655,1841315,0.191536,0.090980,-9.521740
1703069655,1841335,0.203507,0.035913,-9.459491
1703069656,1841355,0.186748,-0.038307,-9.404425
1703069656,1841376,0.167594,-0.045490,-9.399636
1703069656,1841396,0.201113,0.055067,-9.466674
1703069656,1841416,0.241814,-0.007183,-9.533711
1703069656,1841436,0.174777,0.014365,-9.406818
1703069656,1841457,0.186748,0.043096,-9.507375
1703069656,1841477,0.184354,0.021548,-9.437943
1703069656,1841497,0.253785,-0.011971,-9.423578
1703069656,1841520,0.208296,0.031125,-9.507375
1703069656,1841540,0.167594,0.086191,-9.449914
1703069656,1841560,0.179565,0.014365,-9.387665
1703069656,1841581,0.189142,0.081403,-9.543288
1703069656,1841601,0.148441,0.071826,-9.464279
1703069656,1841621,0.177171,0.009577,-9.435549
1703069656,1841641,0.205901,0.021548,-9.440337
1703069656,1841662,0.201113,0.059855,-9.485827
1703069656,1841682,0.234632,-0.023942,-9.411607
1703069656,1841702,0.141258,0.026336,-9.449914
1703069656,1841722,0.217872,0.040701,-9.409213
1703069656,1841745,0.196325,0.007183,-9.485827
1703069656,1841765,0.234632,0.114922,-9.447520
1703069656,1841785,0.220267,0.004788,-9.445126
1703069656,1841806,0.177171,0.021548,-9.481039
1703069656,1841826,0.239420,0.040701,-9.428367
1703069656,1841846,0.181959,0.028730,-9.509769
1703069656,1841866,0.160412,0.011971,-9.425972
1703069656,1841887,0.203507,0.040701,-9.363723
1703069656,1841907,0.186748,0.102951,-9.399636
1703069656,1841927,0.081403,0.043096,-9.447520
1703069656,1841947,0.186748,-0.002394,-9.445126
1703069656,1841970,0.251391,0.055067,-9.406818
1703069656,1841990,0.272939,0.011971,-9.473856
1703069656,1842010,0.191536,0.069432,-9.490616
1703069656,1842031,0.258574,0.035913,-9.504981
1703069656,1842051,0.229843,0.050278,-9.457097
1703069656,1842071,0.272939,0.000000,-9.464279
1703069656,1842092,0.210690,0.071826,-9.485827
1703069656,1842112,0.160412,0.004788,-9.414001
1703069656,1842132,0.201113,0.023942,-9.425972
1703069656,1842152,0.237026,0.023942,-9.435549
1703069656,1842173,0.141258,0.026336,-9.442732
1703069656,1842195,0.193930,0.057461,-9.478644
1703069656,1842215,0.203507,0.035913,-9.425972
1703069656,1842235,0.167594,-0.004788,-9.466674
1703069656,1842256,0.208296,-0.002394,-9.536105
1703069656,1842276,0.146046,0.028730,-9.516952
1703069656,1842296,0.213084,0.002394,-9.459491
1703069656,1842316,0.210690,0.011971,-9.454702
1703069656,1842336,0.155623,0.040701,-9.409213
1703069657,1842356,0.203507,0.023942,-9.473856
1703069657,1842377,0.241814,0.004788,-9.497798
1703069657,1842399,0.193930,0.057461,-9.512163
1703069657,1842420,0.208296,0.035913,-9.421184
1703069657,1842440,0.186748,0.038307,-9.445126
1703069657,1842461,0.158017,0.043096,-9.543288
1703069657,1842481,0.246603,-0.002394,-9.373300
1703069657,1842502,0.205901,0.028730,-9.469068
1703069657,1842522,0.222661,-0.011971,-9.581595
1703069657,1842543,0.160412,0.026336,-9.483433
1703069657,1842563,0.141258,0.095768,-9.514558
1703069657,1842584,0.205901,0.026336,-9.442732
1703069657,1842604,0.167594,0.074220,-9.485827
1703069657,1842627,0.186748,0.033519,-9.425972
1703069657,1842648,0.208296,0.038307,-9.461885
1703069657,1842668,0.165200,0.014365,-9.435549
1703069657,1842689,0.203507,0.023942,-9.414001
1703069657,1842709,0.169988,0.016759,-9.399636
1703069657,1842730,0.220267,0.038307,-9.435549
1703069657,1842750,0.169988,0.007183,-9.428367
1703069657,1842771,0.208296,0.019154,-9.442732
1703069657,1842791,0.186748,0.031125,-9.452309
1703069657,1842812,0.205901,-0.033519,-9.433155
1703069657,1842833,0.241814,0.011971,-9.457097
1703069657,1842856,0.201113,0.004788,-9.421184
1703069657,1842876,0.177171,0.059855,-9.473856
1703069657,1842897,0.153229,0.076614,-9.459491
1703069657,1842917,0.181959,-0.007183,-9.521740
1703069657,1842938,0.217872,0.023942,-9.469068
1703069657,1842958,0.177171,0.040701,-9.471462
1703069657,1842979,0.174777,-0.035913,-9.461885
1703069657,1843000,0.186748,0.055067,-9.519346
1703069657,1843020,0.136469,-0.004788,-9.423578
1703069657,1843041,0.172383,0.019154,-9.516952
1703069657,1843061,0.169988,0.059855,-9.454702
1703069657,1843084,0.225055,0.043096,-9.567230
1703069657,1843105,0.217872,0.081403,-9.449914
1703069657,1843126,0.141258,0.000000,-9.447520
1703069657,1843146,0.162806,-0.007183,-9.382876
1703069657,1843167,0.203507,0.019154,-9.464279
1703069657,1843187,0.165200,0.040701,-9.502586
1703069657,1843208,0.191536,0.026336,-9.409213
1703069657,1843228,0.241814,0.009577,-9.416395
1703069657,1843249,0.193930,-0.023942,-9.502586
1703069657,1843269,0.237026,-0.023942,-9.449914
1703069657,1843290,0.215478,0.052672,-9.509769
1703069657,1843313,0.205901,0.057461,-9.423578
1703069657,1843334,0.201113,-0.004788,-9.473856
1703069658,1843354,0.153229,0.016759,-9.481039
1703069658,1843375,0.217872,0.040701,-9.483433
1703069658,1843395,0.179565,0.023942,-9.469068
1703069658,1843416,0.201113,0.023942,-9.533711
1703069658,1843437,0.244209,-0.021548,-9.392453
1703069658,1843468,0.191536,0.016759,-9.397242
1703069658,1843488,0.232238,0.079009,-9.385271
1703069658,1843509,0.220267,0.035913,-9.504981
1703069658,1843529,0.177171,0.052672,-9.390059
1703069658,1843552,0.201113,0.014365,-9.445126
1703069658,1843573,0.193930,-0.035913,-9.548077
1703069658,1843593,0.165200,0.038307,-9.466674
1703069658,1843614,0.277727,0.000000,-9.387665
1703069658,1843634,0.165200,0.021548,-9.390059
1703069658,1843655,0.251391,0.019154,-9.423578
1703069658,1843675,0.189142,0.038307,-9.390059
1703069658,1843696,0.167594,0.088585,-9.476251
1703069658,1843716,0.184354,0.055067,-9.488221
1703069658,1843737,0.248997,0.050278,-9.392453
1703069658,1843757,0.241814,0.057461,-9.466674
1703069658,1843780,0.193930,0.031125,-9.476251
1703069658,1843801,0.234632,0.105345,-9.459491
1703069658,1843822,0.234632,0.047884,-9.524135
1703069658,1843842,0.220267,0.028730,-9.514558
1703069658,1843863,0.184354,-0.004788,-9.483433
1703069658,1843883,0.162806,0.038307,-9.466674
1703069658,1843904,0.241814,0.033519,-9.445126
1703069658,1843924,0.153229,0.074220,-9.449914
1703069658,1843945,0.153229,-0.004788,-9.483433
1703069658,1843965,0.153229,0.107739,-9.428367
1703069658,1843988,0.201113,0.045490,-9.452309
1703069658,1844009,0.193930,0.102951,-9.449914
1703069658,1844029,0.246603,0.043096,-9.471462
1703069658,1844050,0.208296,0.069432,-9.471462
1703069658,1844070,0.234632,-0.062249,-9.423578
1703069658,1844091,0.186748,0.083797,-9.567230
1703069658,1844111,0.138864,0.083797,-9.478644
1703069658,1844132,0.253785,0.102951,-9.469068
1703069658,1844152,0.148441,0.028730,-9.423578
1703069658,1844173,0.210690,0.067038,-9.404425
1703069658,1844193,0.220267,0.023942,-9.483433
1703069658,1844224,0.158017,-0.009577,-9.459491
1703069658,1844245,0.179565,0.043096,-9.442732
1703069658,1844265,0.158017,0.004788,-9.507375
1703069658,1844285,0.225055,0.004788,-9.402030
1703069658,1844305,0.205901,-0.004788,-9.449914
1703069658,1844325,0.225055,0.107739,-9.521740
1703069659,1844346,0.193930,0.069432,-9.488221
1703069659,1844366,0.210690,0.062249,-9.461885
1703069659,1844386,0.205901,-0.009577,-9.476251
1703069659,1844406,0.165200,0.064643,-9.428367
1703069659,1844427,0.229843,0.076614,-9.437943
1703069659,1844449,0.225055,0.045490,-9.442732
1703069659,1844469,0.208296,0.016759,-9.411607
1703069659,1844490,0.191536,0.009577,-9.488221
1703069659,1844510,0.191536,0.023942,-9.435549
1703069659,1844530,0.198719,0.011971,-9.454702
1703069659,1844550,0.160412,0.031125,-9.433155
1703069659,1844571,0.205901,-0.019154,-9.495404
1703069659,1844591,0.229843,0.074220,-9.469068
1703069659,1844611,0.222661,-0.019154,-9.390059
1703069659,1844631,0.246603,0.067038,-9.425972
1703069659,1844652,0.227449,0.043096,-9.471462
1703069659,1844674,0.222661,0.021548,-9.382876
1703069659,1844694,0.189142,0.023942,-9.488221
1703069659,1844715,0.213084,0.014365,-9.459491
1703069659,1844735,0.222661,0.004788,-9.430760
1703069659,1844755,0.208296,0.035913,-9.481039
1703069659,1844775,0.167594,0.000000,-9.387665
1703069659,1844796,0.225055,0.038307,-9.452309
1703069659,1844816,0.256180,0.055067,-9.459491
1703069659,1844836,0.186748,0.002394,-9.459491
1703069659,1844856,0.098162,0.033519,-9.504981
1703069659,1844877,0.191536,0.016759,-9.476251
1703069659,1844899,0.169988,0.076614,-9.502586
1703069659,1844920,0.122104,-0.004788,-9.507375
1703069659,1844940,0.227449,0.021548,-9.435549
1703069659,1844960,0.181959,-0.009577,-9.550470
1703069659,1844980,0.169988,0.035913,-9.469068
1703069659,1845001,0.160412,0.062249,-9.516952
1703069659,1845021,0.165200,0.052672,-9.442732
1703069659,1845041,0.179565,-0.014365,-9.428367
1703069659,1845061,0.203507,0.040701,-9.476251
1703069659,1845082,0.220267,0.083797,-9.445126
1703069659,1845102,0.186748,0.067038,-9.536105
1703069659,1845124,0.198719,-0.011971,-9.466674
1703069659,1845145,0.160412,0.052672,-9.466674
1703069659,1845165,0.169988,0.007183,-9.440337
1703069659,1845185,0.174777,0.031125,-9.428367
1703069659,1845205,0.234632,0.038307,-9.464279
1703069659,1845226,0.232238,0.067038,-9.414001
1703069659,1845246,0.160412,-0.035913,-9.449914
1703069659,1845266,0.234632,0.014365,-9.538500
1703069659,1845286,0.186748,0.079009,-9.394848
1703069659,1845307,0.169988,0.067038,-9.399636
1703069659,1845327,0.134075,0.023942,-9.437943
1703069660,1845350,0.181959,-0.019154,-9.430760
1703069660,1845370,0.201113,0.050278,-9.397242
1703069660,1845390,0.203507,0.052672,-9.481039
1703069660,1845410,0.239420,0.057461,-9.421184
1703069660,1845431,0.189142,0.016759,-9.442732
1703069660,1845451,0.191536,0.019154,-9.440337
1703069660,1845471,0.186748,0.028730,-9.402030
1703069660,1845491,0.148441,0.040701,-9.358934
1703069660,1845512,0.208296,0.028730,-9.445126
1703069660,1845532,0.179565,0.009577,-9.504981
1703069660,1845555,0.193930,0.004788,-9.349358
1703069660,1845575,0.208296,0.014365,-9.459491
1703069660,1845595,0.196325,0.026336,-9.437943
1703069660,1845615,0.179565,0.045490,-9.416395
1703069660,1845636,0.196325,0.021548,-9.433155
1703069660,1845656,0.174777,-0.016759,-9.459491
1703069660,1845676,0.177171,0.035913,-9.428367
1703069660,1845696,0.215478,0.088585,-9.488221
1703069660,1845717,0.225055,-0.016759,-9.548077
1703069660,1845737,0.186748,0.016759,-9.327810
1703069660,1845757,0.232238,0.052672,-9.385271
1703069660,1845780,0.220267,0.055067,-9.495404
1703069660,1845800,0.225055,0.052672,-9.425972
1703069660,1845820,0.165200,0.074220,-9.481039
1703069660,1845840,0.205901,0.031125,-9.512163
1703069660,1845860,0.184354,0.040701,-9.459491
1703069660,1845881,0.186748,0.004788,-9.433155
1703069660,1845901,0.153229,0.045490,-9.466674
1703069660,1845921,0.208296,0.059855,-9.459491
1703069660,1845941,0.229843,0.038307,-9.318233
1703069660,1845961,0.229843,0.004788,-9.447520
1703069660,1845982,0.158017,0.016759,-9.409213
1703069660,1846004,0.213084,0.016759,-9.512163
1703069660,1846025,0.193930,0.028730,-9.414001
1703069660,1846045,0.260968,0.040701,-9.346964
1703069660,1846066,0.198719,-0.004788,-9.610326
1703069660,1846086,0.177171,0.014365,-9.390059
1703069660,1846106,0.158017,-0.023942,-9.478644
1703069660,1846127,0.160412,0.007183,-9.457097
1703069660,1846147,0.225055,0.088585,-9.449914
1703069660,1846168,0.196325,0.016759,-9.493010
1703069660,1846188,0.177171,0.031125,-9.519346
1703069660,1846209,0.160412,0.031125,-9.478644
1703069660,1846232,0.153229,0.007183,-9.416395
1703069660,1846252,0.198719,0.055067,-9.344569
1703069660,1846273,0.148441,-0.004788,-9.490616
1703069660,1846293,0.205901,0.009577,-9.425972
1703069660,1846314,0.205901,0.038307,-9.543288
1703069660,1846335,0.181959,0.002394,-9.481039
1703069661,1846355,0.232238,0.033519,-9.540894
1703069661,1846376,0.203507,0.023942,-9.380483
1703069661,1846396,0.210690,-0.009577,-9.330204
1703069661,1846417,0.237026,0.047884,-9.433155
1703069661,1846437,0.138864,0.007183,-9.504981
1703069661,1846460,0.165200,0.055067,-9.464279
1703069661,1846481,0.122104,0.083797,-9.507375
1703069661,1846502,0.244209,0.057461,-9.404425
1703069661,1846522,0.232238,0.000000,-9.516952
1703069661,1846543,0.174777,0.004788,-9.457097
1703069661,1846563,0.169988,-0.007183,-9.581595
1703069661,1846584,0.155623,0.033519,-9.466674
1703069661,1846604,0.222661,-0.031125,-9.397242
1703069661,1846625,0.270545,0.021548,-9.502586
1703069661,1846646,0.229843,0.043096,-9.447520
1703069661,1846666,0.196325,0.081403,-9.411607
1703069661,1846689,0.181959,0.011971,-9.435549
1703069661,1846710,0.181959,0.000000,-9.540894
1703069661,1846730,0.162806,0.023942,-9.442732
1703069661,1846751,0.277727,0.021548,-9.497798
1703069661,1846771,0.186748,0.064643,-9.437943
1703069661,1846792,0.181959,0.119710,-9.442732
1703069661,1846813,0.196325,0.055067,-9.406818
1703069661,1846833,0.217872,0.000000,-9.399636
1703069661,1846854,0.229843,-0.021548,-9.291897
1703069661,1846874,0.172383,0.059855,-9.425972
1703069661,1846895,0.181959,-0.035913,-9.507375
1703069661,1846918,0.215478,0.035913,-9.516952
1703069661,1846938,0.181959,0.055067,-9.397242
1703069661,1846959,0.146046,0.062249,-9.528923
1703069661,1846980,0.179565,0.014365,-9.397242
1703069661,1847000,0.220267,0.090980,-9.466674
1703069661,1847021,0.186748,0.052672,-9.423578
1703069661,1847041,0.174777,-0.019154,-9.512163
1703069661,1847062,0.217872,0.019154,-9.574412
1703069661,1847083,0.155623,0.074220,-9.447520
1703069661,1847103,0.203507,0.057461,-9.562442
1703069661,1847126,0.193930,0.062249,-9.339781
1703069661,1847147,0.162806,0.052672,-9.497798
1703069661,1847167,0.148441,0.052672,-9.478644
1703069661,1847188,0.213084,0.004788,-9.514558
1703069661,1847208,0.181959,0.050278,-9.404425
1703069661,1847229,0.201113,0.019154,-9.447520
1703069661,1847249,0.158017,0.016759,-9.449914
1703069661,1847270,0.239420,0.050278,-9.368511
1703069661,1847290,0.181959,0.076614,-9.378088
1703069661,1847311,0.172383,-0.047884,-9.447520
1703069661,1847331,0.146046,0.026336,-9.414001
1703069662,1847354,0.131681,0.028730,-9.488221
1703069662,1847375,0.191536,0.062249,-9.485827
1703069662,1847396,0.196325,0.026336,-9.478644
1703069662,1847416,0.186748,0.074220,-9.390059
1703069662,1847437,0.222661,0.028730,-9.473856
1703069662,1847457,0.160412,0.007183,-9.528923
1703069662,1847478,0.181959,0.043096,-9.356541
1703069662,1847498,0.146046,0.007183,-9.421184
1703069662,1847519,0.217872,0.009577,-9.464279
1703069662,1847539,0.155623,-0.002394,-9.418790
1703069662,1847560,0.155623,0.038307,-9.440337
1703069662,1847583,0.181959,0.031125,-9.461885
1703069662,1847603,0.227449,0.059855,-9.512163
1703069662,1847624,0.256180,-0.004788,-9.437943
1703069662,1847644,0.141258,0.004788,-9.483433
1703069662,1847665,0.220267,0.021548,-9.421184
1703069662,1847685,0.201113,0.052672,-9.502586
1703069662,1847706,0.201113,0.079009,-9.385271
1703069662,1847726,0.196325,0.043096,-9.454702
1703069662,1847747,0.143652,0.028730,-9.411607
1703069662,1847767,0.205901,-0.038307,-9.495404
1703069662,1847788,0.148441,0.090980,-9.478644
1703069662,1847818,0.268151,0.033519,-9.445126
1703069662,1847839,0.246603,-0.011971,-9.449914
1703069662,1847860,0.213084,-0.009577,-9.509769
1703069662,1847880,0.184354,0.079009,-9.411607
1703069662,1847900,0.107739,0.064643,-9.454702
1703069662,1847920,0.179565,0.035913,-9.485827
1703069662,1847940,0.160412,0.045490,-9.437943
1703069662,1847961,0.225055,0.009577,-9.495404
1703069662,1847981,0.186748,0.031125,-9.507375
1703069662,1848001,0.227449,-0.009577,-9.512163
1703069662,1848021,0.225055,0.000000,-9.500193
1703069662,1848044,0.189142,0.021548,-9.435549
1703069662,1848064,0.174777,0.093374,-9.430760
1703069662,1848084,0.208296,-0.009577,-9.435549
1703069662,1848104,0.237026,0.052672,-9.461885
1703069662,1848125,0.193930,0.035913,-9.402030
1703069662,1848145,0.244209,0.026336,-9.464279
1703069662,1848165,0.227449,-0.009577,-9.447520
1703069662,1848185,0.126893,0.064643,-9.507375
1703069662,1848206,0.169988,0.047884,-9.500193
1703069662,1848226,0.225055,0.093374,-9.442732
1703069662,1848246,0.198719,0.000000,-9.428367
1703069662,1848269,0.196325,0.062249,-9.404425
1703069662,1848289,0.196325,-0.009577,-9.442732
1703069662,1848309,0.196325,0.071826,-9.358934
1703069662,1848329,0.203507,0.038307,-9.516952
1703069663,1848350,0.196325,0.083797,-9.495404
1703069663,1848370,0.210690,0.052672,-9.548077
1703069663,1848390,0.179565,0.079009,-9.483433
1703069663,1848411,0.227449,0.035913,-9.452309
1703069663,1848431,0.215478,0.009577,-9.433155
1703069663,1848451,0.179565,0.035913,-9.509769
1703069663,1848471,0.201113,0.052672,-9.495404
1703069663,1848494,0.179565,0.035913,-9.459491
1703069663,1848514,0.265756,0.014365,-9.447520
1703069663,1848534,0.146046,0.040701,-9.445126
1703069663,1848555,0.189142,0.016759,-9.442732
1703069663,1848575,0.174777,0.052672,-9.416395
1703069663,1848595,0.186748,0.052672,-9.402030
1703069663,1848615,0.203507,0.040701,-9.495404
1703069663,1848636,0.191536,0.079009,-9.473856
1703069663,1848656,0.284910,0.021548,-9.512163
1703069663,1848676,0.241814,0.002394,-9.404425
1703069663,1848699,0.191536,0.071826,-9.497798
1703069663,1848719,0.162806,0.021548,-9.536105
1703069663,1848739,0.181959,0.043096,-9.493010
1703069663,1848760,0.220267,0.014365,-9.531317
1703069663,1848780,0.186748,0.011971,-9.437943
1703069663,1848800,0.136469,0.059855,-9.375694
1703069663,1848820,0.169988,0.028730,-9.526528
1703069663,1848841,0.167594,-0.016759,-9.461885
1703069663,1848861,0.205901,0.057461,-9.543288
1703069663,1848881,0.215478,0.033519,-9.457097
1703069663,1848901,0.181959,0.028730,-9.583989
1703069663,1848924,0.198719,0.002394,-9.445126
1703069663,1848944,0.179565,0.019154,-9.485827
1703069663,1848964,0.227449,0.088585,-9.440337
1703069663,1848985,0.248997,0.016759,-9.514558
1703069663,1849005,0.205901,0.021548,-9.382876
1703069663,1849025,0.239420,0.002394,-9.418790
1703069663,1849045,0.189142,0.026336,-9.471462
1703069663,1849066,0.177171,0.009577,-9.409213
1703069663,1849086,0.208296,0.016759,-9.433155
1703069663,1849106,0.181959,0.014365,-9.519346
1703069663,1849126,0.201113,0.035913,-9.406818
1703069663,1849149,0.153229,0.035913,-9.447520
1703069663,1849169,0.184354,0.050278,-9.493010
1703069663,1849190,0.227449,0.052672,-9.385271
1703069663,1849210,0.232238,0.026336,-9.442732
1703069663,1849230,0.174777,0.011971,-9.471462
1703069663,1849250,0.234632,-0.007183,-9.488221
1703069663,1849271,0.148441,-0.007183,-9.392453
1703069663,1849291,0.191536,0.031125,-9.543288
1703069663,1849311,0.177171,0.033519,-9.478644
1703069663,1849331,0.160412,0.023942,-9.433155
1703069664,1849352,0.186748,0.021548,-9.536105
1703069664,1849374,0.179565,0.007183,-9.454702
1703069664,1849394,0.220267,0.035913,-9.437943
1703069664,1849415,0.203507,0.059855,-9.435549
1703069664,1849435,0.160412,-0.026336,-9.473856
1703069664,1849455,0.150835,0.040701,-9.361329
1703069664,1849475,0.258574,0.062249,-9.435549
1703069664,1849495,0.181959,0.045490,-9.586384
1703069664,1849515,0.198719,0.007183,-9.442732
1703069664,1849536,0.158017,-0.014365,-9.449914
1703069664,1849556,0.208296,0.107739,-9.526528
1703069664,1849576,0.239420,0.016759,-9.411607
1703069664,1849599,0.138864,0.035913,-9.356541
1703069664,1849619,0.181959,0.031125,-9.478644
1703069664,1849639,0.167594,0.023942,-9.481039
1703069664,1849660,0.225055,0.038307,-9.385271
1703069664,1849680,0.153229,0.040701,-9.502586
1703069664,1849701,0.179565,0.050278,-9.464279
1703069664,1849721,0.196325,0.002394,-9.502586
1703069664,1849742,0.165200,-0.002394,-9.466674
1703069664,1849762,0.184354,0.035913,-9.488221
1703069664,1849783,0.160412,-0.004788,-9.423578
1703069664,1849803,0.158017,0.052672,-9.488221
1703069664,1849826,0.253785,-0.004788,-9.531317
1703069664,1849847,0.239420,0.059855,-9.440337
1703069664,1849867,0.217872,-0.002394,-9.473856
1703069664,1849888,0.146046,-0.038307,-9.562442
1703069664,1849908,0.253785,0.021548,-9.514558
1703069664,1849929,0.141258,0.038307,-9.409213
1703069664,1849949,0.201113,-0.021548,-9.454702
1703069664,1849970,0.193930,0.043096,-9.399636
1703069664,1849991,0.162806,0.021548,-9.402030
1703069664,1850011,0.117316,0.007183,-9.457097
1703069664,1850032,0.227449,0.028730,-9.481039
1703069664,1850055,0.208296,0.045490,-9.356541
1703069664,1850075,0.201113,-0.009577,-9.483433
1703069664,1850096,0.220267,0.009577,-9.435549
1703069664,1850116,0.208296,0.057461,-9.502586
1703069664,1850137,0.181959,0.007183,-9.514558
1703069664,1850158,0.210690,0.023942,-9.459491
1703069664,1850178,0.184354,0.023942,-9.361329
1703069664,1850199,0.213084,0.047884,-9.394848
1703069664,1850219,0.239420,0.040701,-9.445126
1703069664,1850240,0.217872,0.026336,-9.454702
1703069664,1850263,0.184354,-0.007183,-9.483433
1703069664,1850283,0.210690,0.007183,-9.490616
1703069664,1850304,0.110133,0.007183,-9.466674
1703069664,1850325,0.227449,-0.004788,-9.466674
1703069665,1850345,0.177171,0.035913,-9.397242
1703069665,1850366,0.193930,0.081403,-9.447520
1703069665,1850386,0.210690,0.000000,-9.447520
1703069665,1850407,0.191536,0.098162,-9.497798
1703069665,1850427,0.150835,0.035913,-9.524135
1703069665,1850448,0.181959,0.021548,-9.416395
1703069665,1850469,0.232238,0.014365,-9.495404
1703069665,1850492,0.184354,0.052672,-9.437943
1703069665,1850512,0.174777,-0.035913,-9.464279
1703069665,1850533,0.181959,0.023942,-9.457097
1703069665,1850553,0.191536,0.064643,-9.440337
1703069665,1850574,0.210690,0.033519,-9.560047
1703069665,1850594,0.270545,-0.021548,-9.471462
1703069665,1850615,0.229843,-0.043096,-9.318233
1703069665,1850636,0.234632,0.047884,-9.531317
1703069665,1850656,0.186748,0.014365,-9.442732
1703069665,1850677,0.205901,0.086191,-9.437943
1703069665,1850697,0.217872,0.100556,-9.500193
1703069665,1850720,0.181959,0.009577,-9.385271
1703069665,1850741,0.210690,0.050278,-9.562442
1703069665,1850761,0.189142,0.043096,-9.409213
1703069665,1850782,0.220267,0.021548,-9.469068
1703069665,1850802,0.215478,0.007183,-9.483433
1703069665,1850823,0.124498,0.033519,-9.483433
1703069665,1850843,0.248997,0.043096,-9.445126
1703069665,1850864,0.217872,0.050278,-9.416395
1703069665,1850885,0.174777,-0.009577,-9.390059
1703069665,1850905,0.126893,0.047884,-9.399636
1703069665,1850926,0.205901,0.028730,-9.512163
1703069665,1850949,0.227449,0.009577,-9.416395
1703069665,1850969,0.227449,-0.021548,-9.421184
1703069665,1850990,0.160412,0.002394,-9.516952
1703069665,1851010,0.177171,0.002394,-9.449914
1703069665,1851031,0.167594,-0.016759,-9.461885
1703069665,1851051,0.244209,0.002394,-9.490616
1703069665,1851072,0.169988,0.033519,-9.416395
1703069665,1851092,0.174777,0.021548,-9.421184
1703069665,1851113,0.217872,0.028730,-9.433155
1703069665,1851133,0.181959,0.095768,-9.445126
1703069665,1851154,0.172383,-0.023942,-9.469068
1703069665,1851177,0.186748,0.028730,-9.464279
1703069665,1851197,0.181959,0.057461,-9.512163
1703069665,1851218,0.162806,0.004788,-9.433155
1703069665,1851238,0.244209,0.000000,-9.516952
1703069665,1851259,0.208296,0.059855,-9.509769
1703069665,1851279,0.198719,0.040701,-9.421184
1703069665,1851300,0.282516,0.026336,-9.442732
1703069665,1851320,0.227449,0.035913,-9.497798
1703069666,1851341,0.208296,0.004788,-9.402030
1703069666,1851361,0.181959,0.038307,-9.366117
1703069666,1851382,0.174777,0.019154,-9.528923
1703069666,1851412,0.210690,-0.040701,-9.418790
1703069666,1851434,0.158017,0.021548,-9.550470
1703069666,1851454,0.189142,0.021548,-9.385271
1703069666,1851474,0.227449,0.038307,-9.469068
1703069666,1851494,0.217872,0.043096,-9.394848
1703069666,1851514,0.189142,0.050278,-9.397242
1703069666,1851534,0.232238,0.004788,-9.421184
1703069666,1851555,0.234632,0.074220,-9.572019
1703069666,1851575,0.208296,0.069432,-9.485827
1703069666,1851595,0.241814,0.062249,-9.512163
1703069666,1851615,0.208296,0.050278,-9.495404
1703069666,1851638,0.177171,0.031125,-9.406818
1703069666,1851658,0.186748,-0.002394,-9.368511
1703069666,1851678,0.181959,0.000000,-9.418790
1703069666,1851699,0.227449,0.050278,-9.466674
1703069666,1851719,0.213084,-0.014365,-9.488221
1703069666,1851739,0.237026,-0.055067,-9.536105
1703069666,1851759,0.201113,0.028730,-9.404425
1703069666,1851780,0.275333,0.035913,-9.404425
1703069666,1851800,0.201113,0.057461,-9.481039
1703069666,1851820,0.172383,-0.019154,-9.433155
1703069666,1851843,0.248997,0.035913,-9.425972
1703069666,1851863,0.217872,0.062249,-9.387665
1703069666,1851883,0.203507,0.059855,-9.397242
1703069666,1851903,0.169988,0.026336,-9.447520
1703069666,1851924,0.260968,0.026336,-9.454702
1703069666,1851944,0.181959,0.009577,-9.495404
1703069666,1851964,0.205901,0.021548,-9.509769
1703069666,1851984,0.244209,0.035913,-9.512163
1703069666,1852005,0.181959,0.052672,-9.528923
1703069666,1852025,0.193930,0.014365,-9.495404
1703069666,1852045,0.232238,0.028730,-9.543288
1703069666,1852068,0.210690,0.064643,-9.457097
1703069666,1852088,0.239420,-0.016759,-9.404425
1703069666,1852108,0.258574,0.043096,-9.471462
1703069666,1852129,0.220267,0.045490,-9.473856
1703069666,1852149,0.229843,0.038307,-9.478644
1703069666,1852169,0.141258,0.028730,-9.366117
1703069666,1852189,0.258574,-0.004788,-9.449914
1703069666,1852210,0.248997,0.050278,-9.490616
1703069666,1852230,0.232238,0.011971,-9.416395
1703069666,1852250,0.201113,0.098162,-9.442732
1703069666,1852270,0.210690,-0.028730,-9.449914
1703069666,1852293,0.102951,0.047884,-9.406818
1703069666,1852313,0.287304,0.038307,-9.512163
1703069666,1852333,0.146046,0.052672,-9.516952
1703069667,1852354,0.251391,0.064643,-9.375694
1703069667,1852374,0.201113,0.047884,-9.483433
1703069667,1852394,0.193930,0.031125,-9.493010
1703069667,1852414,0.117316,0.047884,-9.373300
1703069667,1852435,0.136469,-0.002394,-9.449914
1703069667,1852455,0.251391,0.007183,-9.449914
1703069667,1852475,0.134075,0.071826,-9.461885
1703069667,1852496,0.177171,0.002394,-9.428367
1703069667,1852518,0.210690,0.014365,-9.483433
1703069667,1852538,0.155623,0.009577,-9.402030
1703069667,1852559,0.244209,-0.004788,-9.421184
1703069667,1852579,0.177171,0.043096,-9.437943
1703069667,1852599,0.155623,0.021548,-9.447520
1703069667,1852619,0.193930,0.009577,-9.461885
1703069667,1852640,0.210690,-0.028730,-9.469068
1703069667,1852660,0.189142,0.052672,-9.461885
1703069667,1852680,0.217872,0.033519,-9.481039
1703069667,1852700,0.114922,0.090980,-9.495404
1703069667,1852721,0.205901,0.028730,-9.473856
1703069667,1852743,0.227449,0.023942,-9.416395
1703069667,1852763,0.203507,0.019154,-9.447520
1703069667,1852784,0.148441,0.069432,-9.516952
1703069667,1852804,0.141258,0.052672,-9.399636
1703069667,1852824,0.256180,0.079009,-9.497798
1703069667,1852845,0.237026,0.016759,-9.495404
1703069667,1852865,0.186748,0.055067,-9.449914
1703069667,1852885,0.174777,0.043096,-9.430760
1703069667,1852905,0.232238,0.016759,-9.521740
1703069667,1852926,0.181959,-0.019154,-9.473856
1703069667,1852946,0.193930,-0.021548,-9.478644
1703069667,1852968,0.191536,-0.023942,-9.497798
1703069667,1852988,0.198719,0.052672,-9.507375
1703069667,1853009,0.184354,0.040701,-9.411607
1703069667,1853029,0.210690,0.050278,-9.538500
1703069667,1853049,0.148441,0.000000,-9.466674
1703069667,1853069,0.203507,0.052672,-9.454702
1703069667,1853089,0.244209,0.035913,-9.502586
1703069667,1853110,0.220267,0.069432,-9.504981
1703069667,1853130,0.205901,0.021548,-9.476251
1703069667,1853150,0.193930,0.019154,-9.524135
1703069667,1853170,0.174777,0.000000,-9.471462
1703069667,1853193,0.217872,0.009577,-9.354146
1703069667,1853213,0.225055,-0.014365,-9.447520
1703069667,1853234,0.174777,-0.009577,-9.540894
1703069667,1853254,0.179565,-0.002394,-9.447520
1703069667,1853275,0.141258,0.064643,-9.375694
1703069667,1853295,0.169988,0.038307,-9.531317
1703069667,1853316,0.205901,0.038307,-9.531317
1703069667,1853336,0.227449,-0.002394,-9.402030
1703069668,1853356,0.210690,0.064643,-9.562442
1703069668,1853377,0.141258,0.028730,-9.435549
1703069668,1853400,0.246603,0.064643,-9.454702
1703069668,1853421,0.155623,0.045490,-9.421184
1703069668,1853441,0.172383,0.062249,-9.368511
1703069668,1853462,0.234632,0.074220,-9.495404
1703069668,1853482,0.246603,0.002394,-9.423578
1703069668,1853503,0.239420,0.052672,-9.421184
1703069668,1853523,0.153229,0.016759,-9.349358
1703069668,1853544,0.193930,0.019154,-9.366117
1703069668,1853564,0.210690,0.071826,-9.469068
1703069668,1853585,0.186748,-0.016759,-9.464279
1703069668,1853605,0.203507,0.040701,-9.478644
1703069668,1853628,0.148441,0.040701,-9.452309
1703069668,1853649,0.215478,0.107739,-9.361329
1703069668,1853670,0.210690,0.071826,-9.481039
1703069668,1853690,0.203507,0.052672,-9.500193
1703069668,1853711,0.186748,0.040701,-9.521740
1703069668,1853731,0.167594,0.093374,-9.461885
1703069668,1853752,0.186748,0.057461,-9.452309
1703069668,1853772,0.213084,0.000000,-9.430760
1703069668,1853793,0.191536,0.043096,-9.363723
1703069668,1853814,0.167594,0.031125,-9.440337
1703069668,1853834,0.179565,0.021548,-9.409213
1703069668,1853857,0.169988,0.050278,-9.481039
1703069668,1853878,0.201113,0.059855,-9.512163
1703069668,1853898,0.225055,-0.002394,-9.449914
1703069668,1853919,0.169988,0.038307,-9.514558
1703069668,1853939,0.189142,-0.021548,-9.399636
1703069668,1853960,0.158017,0.014365,-9.416395
1703069668,1853981,0.217872,0.076614,-9.509769
1703069668,1854001,0.148441,0.045490,-9.466674
1703069668,1854022,0.186748,0.031125,-9.442732
1703069668,1854042,0.181959,-0.009577,-9.466674
1703069668,1854063,0.198719,0.038307,-9.516952
1703069668,1854086,0.229843,0.076614,-9.354146
1703069668,1854107,0.179565,0.004788,-9.514558
1703069668,1854127,0.184354,0.069432,-9.531317
1703069668,1854148,0.205901,0.057461,-9.418790
1703069668,1854168,0.215478,0.038307,-9.416395
1703069668,1854189,0.141258,0.002394,-9.548077
1703069668,1854209,0.184354,0.043096,-9.425972
1703069668,1854230,0.193930,0.021548,-9.445126
1703069668,1854251,0.220267,-0.014365,-9.502586
1703069668,1854271,0.189142,0.011971,-9.473856
1703069668,1854292,0.172383,0.059855,-9.399636
1703069668,1854325,0.167594,0.000000,-9.447520
1703069669,1854346,0.217872,0.031125,-9.392453
1703069669,1854366,0.225055,0.055067,-9.526528
1703069669,1854387,0.196325,-0.043096,-9.538500
1703069669,1854407,0.232238,0.076614,-9.433155
1703069669,1854428,0.225055,0.043096,-9.516952
1703069669,1854448,0.184354,0.011971,-9.509769
1703069669,1854469,0.153229,0.043096,-9.497798
1703069669,1854489,0.198719,0.028730,-9.509769
1703069669,1854510,0.160412,0.038307,-9.521740
1703069669,1854531,0.232238,0.019154,-9.392453
1703069669,1854554,0.201113,-0.021548,-9.409213
1703069669,1854574,0.172383,0.023942,-9.428367
1703069669,1854595,0.217872,0.038307,-9.471462
1703069669,1854615,0.229843,-0.002394,-9.385271
1703069669,1854636,0.196325,0.021548,-9.442732
1703069669,1854656,0.201113,0.023942,-9.526528
1703069669,1854677,0.227449,0.040701,-9.370906
1703069669,1854697,0.177171,0.045490,-9.423578
1703069669,1854718,0.160412,0.026336,-9.459491
1703069669,1854738,0.210690,0.016759,-9.315839
1703069669,1854759,0.213084,0.026336,-9.430760
1703069669,1854782,0.201113,0.055067,-9.538500
1703069669,1854802,0.181959,0.045490,-9.406818
1703069669,1854823,0.237026,0.059855,-9.454702
1703069669,1854843,0.205901,0.031125,-9.323022
1703069669,1854864,0.213084,0.050278,-9.481039
1703069669,1854884,0.251391,0.007183,-9.390059
1703069669,1854905,0.225055,0.086191,-9.512163
1703069669,1854925,0.177171,0.009577,-9.464279
1703069669,1854946,0.191536,0.043096,-9.334992
1703069669,1854966,0.150835,0.014365,-9.433155
1703069669,1854987,0.210690,0.026336,-9.502586
1703069669,1855013,0.193930,0.009577,-9.490616
1703069669,1855035,0.181959,-0.007183,-9.466674
1703069669,1855055,0.198719,0.009577,-9.533711
1703069669,1855075,0.148441,0.021548,-9.500193
1703069669,1855095,0.191536,0.031125,-9.423578
1703069669,1855115,0.217872,0.021548,-9.528923
1703069669,1855136,0.198719,0.031125,-9.464279
1703069669,1855156,0.241814,0.055067,-9.287108
1703069669,1855176,0.229843,-0.033519,-9.459491
1703069669,1855196,0.165200,0.000000,-9.531317
1703069669,1855219,0.251391,0.007183,-9.433155
1703069669,1855239,0.172383,0.050278,-9.454702
1703069669,1855259,0.222661,0.081403,-9.509769
1703069669,1855279,0.150835,0.019154,-9.459491
1703069669,1855300,0.181959,0.014365,-9.440337
1703069669,1855320,0.129287,0.069432,-9.469068
1703069670,1855340,0.229843,-0.007183,-9.557653
1703069670,1855360,0.153229,0.007183,-9.425972
1703069670,1855381,0.148441,-0.023942,-9.483433
1703069670,1855401,0.201113,0.011971,-9.375694
1703069670,1855421,0.217872,0.009577,-9.368511
1703069670,1855444,0.201113,0.045490,-9.454702
1703069670,1855464,0.172383,0.019154,-9.562442
1703069670,1855484,0.167594,0.021548,-9.459491
1703069670,1855505,0.210690,0.074220,-9.495404
1703069670,1855525,0.189142,0.059855,-9.531317
1703069670,1855545,0.260968,0.043096,-9.493010
1703069670,1855565,0.215478,0.014365,-9.461885
1703069670,1855586,0.222661,0.028730,-9.516952
1703069670,1855606,0.148441,-0.019154,-9.545682
1703069670,1855626,0.193930,0.031125,-9.459491
1703069670,1855646,0.201113,0.021548,-9.459491
1703069670,1855669,0.205901,0.055067,-9.397242
1703069670,1855689,0.124498,0.014365,-9.418790
1703069670,1855710,0.162806,0.069432,-9.466674
1703069670,1855730,0.148441,0.040701,-9.454702
1703069670,1855750,0.201113,0.045490,-9.423578
1703069670,1855770,0.167594,0.023942,-9.464279
1703069670,1855791,0.196325,0.019154,-9.497798
1703069670,1855811,0.201113,0.016759,-9.406818
1703069670,1855831,0.184354,-0.009577,-9.493010
1703069670,1855851,0.225055,-0.038307,-9.445126
1703069670,1855872,0.251391,0.043096,-9.481039
1703069670,1855894,0.193930,0.023942,-9.385271
1703069670,1855914,0.213084,0.050278,-9.428367
1703069670,1855935,0.198719,0.033519,-9.509769
1703069670,1855955,0.237026,0.052672,-9.476251
1703069670,1855975,0.172383,0.055067,-9.504981
1703069670,1855995,0.196325,-0.011971,-9.425972
1703069670,1856016,0.210690,-0.002394,-9.433155
1703069670,1856036,0.196325,0.023942,-9.521740
1703069670,1856056,0.155623,0.031125,-9.428367
1703069670,1856076,0.239420,-0.011971,-9.528923
1703069670,1856097,0.215478,0.059855,-9.504981
1703069670,1856119,0.181959,0.031125,-9.473856
1703069670,1856139,0.184354,0.040701,-9.433155
1703069670,1856160,0.167594,0.059855,-9.459491
1703069670,1856180,0.213084,0.031125,-9.509769
1703069670,1856200,0.203507,-0.019154,-9.469068
1703069670,1856221,0.162806,0.021548,-9.538500
1703069670,1856241,0.210690,0.031125,-9.378088
1703069670,1856261,0.174777,0.074220,-9.380483
1703069670,1856281,0.181959,0.064643,-9.418790
1703069670,1856302,0.184354,-0.016759,-9.437943
1703069670,1856322,0.248997,0.026336,-9.459491
1703069671,1856344,0.263362,0.052672,-9.464279
1703069671,1856365,0.220267,0.050278,-9.461885
1703069671,1856385,0.191536,0.031125,-9.461885
1703069671,1856405,0.186748,0.023942,-9.514558
1703069671,1856426,0.220267,0.000000,-9.437943
1703069671,1856446,0.179565,0.028730,-9.442732
1703069671,1856466,0.265756,0.009577,-9.356541
1703069671,1856486,0.217872,0.043096,-9.414001
1703069671,1856507,0.220267,0.067038,-9.469068
1703069671,1856527,0.248997,0.067038,-9.421184
1703069671,1856547,0.165200,0.035913,-9.437943
1703069671,1856566,0.141258,0.000000,-9.516952
1703069671,1856586,0.184354,0.028730,-9.478644
1703069671,1856606,0.179565,0.043096,-9.471462
1703069671,1856627,0.205901,0.047884,-9.414001
1703069671,1856647,0.169988,0.081403,-9.483433
1703069671,1856667,0.193930,-0.002394,-9.500193
1703069671,1856687,0.232238,-0.016759,-9.497798
1703069671,1856707,0.155623,0.023942,-9.320627
1703069671,1856728,0.169988,0.064643,-9.538500
1703069671,1856748,0.196325,0.040701,-9.411607
1703069671,1856770,0.141258,0.057461,-9.524135
1703069671,1856791,0.213084,0.050278,-9.452309
1703069671,1856811,0.210690,0.079009,-9.442732
1703069671,1856832,0.248997,0.052672,-9.397242
1703069671,1856852,0.215478,0.031125,-9.481039
1703069671,1856873,0.225055,0.035913,-9.469068
1703069671,1856893,0.210690,-0.062249,-9.435549
1703069671,1856914,0.217872,0.000000,-9.313444
1703069671,1856934,0.193930,-0.019154,-9.473856
1703069671,1856954,0.169988,0.011971,-9.495404
1703069671,1856975,0.210690,0.023942,-9.390059
1703069671,1856998,0.193930,-0.004788,-9.402030
1703069671,1857018,0.198719,0.023942,-9.552865
1703069671,1857039,0.162806,0.067038,-9.435549
1703069671,1857060,0.177171,0.081403,-9.449914
1703069671,1857080,0.232238,0.033519,-9.454702
1703069671,1857101,0.208296,0.071826,-9.464279
1703069671,1857121,0.232238,0.021548,-9.524135
1703069671,1857142,0.167594,0.047884,-9.404425
1703069671,1857162,0.193930,-0.016759,-9.473856
1703069671,1857183,0.189142,0.000000,-9.524135
1703069671,1857203,0.241814,0.126893,-9.411607
1703069671,1857226,0.191536,0.038307,-9.476251
1703069671,1857247,0.177171,0.043096,-9.428367
1703069671,1857267,0.210690,0.064643,-9.378088
1703069671,1857288,0.174777,0.038307,-9.471462
1703069671,1857309,0.205901,0.035913,-9.390059
1703069671,1857329,0.222661,0.110133,-9.447520
1703069672,1857350,0.205901,0.031125,-9.411607
1703069672,1857370,0.213084,0.011971,-9.495404
1703069672,1857391,0.186748,0.023942,-9.440337
1703069672,1857411,0.179565,0.016759,-9.325416
1703069672,1857432,0.203507,-0.035913,-9.490616
1703069672,1857455,0.229843,0.035913,-9.469068
1703069672,1857476,0.189142,0.074220,-9.447520
1703069672,1857496,0.215478,0.057461,-9.481039
1703069672,1857517,0.177171,0.062249,-9.507375
1703069672,1857537,0.181959,-0.009577,-9.459491
1703069672,1857558,0.100556,0.059855,-9.414001
1703069672,1857579,0.210690,0.057461,-9.452309
1703069672,1857599,0.169988,0.035913,-9.543288
1703069672,1857620,0.150835,0.050278,-9.392453
1703069672,1857640,0.196325,0.023942,-9.552865
1703069672,1857661,0.265756,0.040701,-9.361329
1703069672,1857684,0.203507,0.059855,-9.428367
1703069672,1857704,0.153229,0.059855,-9.543288
1703069672,1857725,0.203507,0.098162,-9.569624
1703069672,1857746,0.191536,0.055067,-9.378088
1703069672,1857766,0.174777,0.031125,-9.442732
1703069672,1857787,0.167594,0.055067,-9.521740
1703069672,1857807,0.220267,0.107739,-9.354146
1703069672,1857828,0.208296,-0.026336,-9.423578
1703069672,1857848,0.213084,0.016759,-9.514558
1703069672,1857869,0.205901,0.045490,-9.416395
1703069672,1857890,0.186748,0.019154,-9.394848
1703069672,1857913,0.179565,-0.004788,-9.442732
1703069672,1857933,0.184354,0.057461,-9.507375
1703069672,1857954,0.186748,0.074220,-9.380483
1703069672,1857974,0.232238,0.028730,-9.478644
1703069672,1857995,0.179565,0.026336,-9.495404
1703069672,1858015,0.153229,0.004788,-9.320627
1703069672,1858036,0.205901,0.071826,-9.543288
1703069672,1858056,0.191536,0.074220,-9.528923
1703069672,1858077,0.203507,0.023942,-9.370906
1703069672,1858097,0.220267,0.028730,-9.378088
1703069672,1858118,0.177171,0.014365,-9.507375
1703069672,1858141,0.208296,0.055067,-9.485827
1703069672,1858162,0.251391,-0.016759,-9.370906
1703069672,1858182,0.222661,0.028730,-9.473856
1703069672,1858203,0.169988,-0.019154,-9.473856
1703069672,1858223,0.203507,0.057461,-9.473856
1703069672,1858244,0.201113,0.064643,-9.538500
1703069672,1858264,0.186748,0.031125,-9.461885
1703069672,1858285,0.208296,0.047884,-9.433155
1703069672,1858305,0.153229,0.014365,-9.471462
1703069672,1858326,0.241814,0.007183,-9.461885
1703069673,1858349,0.244209,0.086191,-9.437943
1703069673,1858369,0.174777,0.083797,-9.442732
1703069673,1858390,0.122104,-0.002394,-9.495404
1703069673,1858410,0.184354,0.059855,-9.454702
1703069673,1858431,0.179565,0.009577,-9.375694
1703069673,1858451,0.210690,0.009577,-9.540894
1703069673,1858472,0.160412,0.047884,-9.459491
1703069673,1858492,0.179565,0.035913,-9.402030
1703069673,1858513,0.237026,0.026336,-9.387665
1703069673,1858533,0.198719,0.055067,-9.447520
1703069673,1858554,0.169988,0.129287,-9.375694
1703069673,1858584,0.184354,0.043096,-9.368511
1703069673,1858606,0.213084,0.043096,-9.385271
1703069673,1858626,0.234632,-0.031125,-9.425972
1703069673,1858646,0.193930,0.052672,-9.437943
1703069673,1858666,0.181959,0.076614,-9.464279
1703069673,1858686,0.193930,0.062249,-9.562442
1703069673,1858706,0.160412,0.047884,-9.464279
1703069673,1858727,0.208296,0.045490,-9.394848
1703069673,1858747,0.241814,0.009577,-9.560047
1703069673,1858767,0.253785,0.050278,-9.504981
1703069673,1858787,0.246603,-0.002394,-9.452309
1703069673,1858810,0.277727,0.047884,-9.466674
1703069673,1858830,0.196325,0.062249,-9.397242
1703069673,1858850,0.189142,-0.028730,-9.414001
1703069673,1858871,0.172383,0.052672,-9.457097
1703069673,1858891,0.193930,0.014365,-9.531317
1703069673,1858911,0.181959,0.107739,-9.368511
1703069673,1858931,0.150835,0.031125,-9.469068
1703069673,1858952,0.179565,0.038307,-9.435549
1703069673,1858972,0.220267,0.043096,-9.382876
1703069673,1858992,0.174777,0.021548,-9.459491
1703069673,1859012,0.172383,0.026336,-9.406818
1703069673,1859035,0.217872,0.052672,-9.464279
1703069673,1859055,0.205901,-0.002394,-9.583989
1703069673,1859075,0.177171,0.040701,-9.461885
1703069673,1859096,0.220267,0.074220,-9.375694
1703069673,1859116,0.162806,0.040701,-9.469068
1703069673,1859136,0.220267,0.028730,-9.423578
1703069673,1859157,0.181959,0.045490,-9.454702
1703069673,1859177,0.215478,0.033519,-9.512163
1703069673,1859197,0.215478,0.067038,-9.509769
1703069673,1859217,0.177171,0.023942,-9.433155
1703069673,1859238,0.193930,-0.023942,-9.354146
1703069673,1859260,0.265756,0.035913,-9.521740
1703069673,1859280,0.174777,0.083797,-9.430760
1703069673,1859301,0.196325,0.038307,-9.390059
1703069673,1859321,0.191536,0.052672,-9.423578
1703069674,1859341,0.215478,0.035913,-9.512163
1703069674,1859361,0.270545,0.079009,-9.473856
1703069674,1859382,0.201113,0.014365,-9.540894
1703069674,1859402,0.191536,-0.004788,-9.411607
1703069674,1859422,0.191536,-0.004788,-9.411607
1703069674,1859443,0.129287,0.100556,-9.447520
1703069674,1859463,0.227449,0.040701,-9.519346
1703069674,1859486,0.260968,0.093374,-9.454702
1703069674,1859506,0.181959,0.052672,-9.502586
1703069674,1859526,0.189142,0.028730,-9.447520
1703069674,1859546,0.227449,0.062249,-9.464279
1703069674,1859567,0.155623,0.002394,-9.378088
1703069674,1859587,0.220267,0.050278,-9.409213
1703069674,1859607,0.191536,0.023942,-9.526528
1703069674,1859627,0.244209,0.047884,-9.409213
1703069674,1859648,0.179565,0.023942,-9.425972
1703069674,1859668,0.203507,0.038307,-9.536105
1703069674,1859688,0.222661,0.031125,-9.497798
1703069674,1859711,0.196325,0.038307,-9.449914
1703069674,1859731,0.189142,0.114922,-9.481039
1703069674,1859751,0.155623,-0.009577,-9.495404
1703069674,1859771,0.248997,0.033519,-9.414001
1703069674,1859792,0.186748,0.055067,-9.442732
1703069674,1859812,0.201113,0.014365,-9.437943
1703069674,1859832,0.186748,0.059855,-9.423578
1703069674,1859852,0.222661,0.000000,-9.502586
1703069674,1859873,0.177171,0.069432,-9.509769
1703069674,1859893,0.167594,0.067038,-9.507375
1703069674,1859916,0.234632,0.031125,-9.538500
1703069674,1859936,0.201113,0.076614,-9.409213
1703069674,1859956,0.220267,0.064643,-9.464279
1703069674,1859976,0.174777,0.081403,-9.509769
1703069674,1859997,0.217872,0.028730,-9.545682
1703069674,1860017,0.186748,0.019154,-9.473856
1703069674,1860037,0.208296,-0.016759,-9.425972
1703069674,1860057,0.189142,0.028730,-9.507375
1703069674,1860078,0.205901,0.059855,-9.437943
1703069674,1860098,0.203507,0.019154,-9.452309
1703069674,1860118,0.241814,0.028730,-9.452309
1703069674,1860141,0.155623,0.038307,-9.512163
1703069674,1860161,0.196325,0.062249,-9.418790
1703069674,1860181,0.148441,0.002394,-9.512163
1703069674,1860201,0.196325,0.031125,-9.600749
1703069674,1860221,0.196325,0.067038,-9.296685
1703069674,1860242,0.179565,0.059855,-9.581595
1703069674,1860262,0.239420,-0.014365,-9.502586
1703069674,1860282,0.229843,0.038307,-9.394848
1703069674,1860302,0.220267,0.021548,-9.428367
1703069674,1860322,0.205901,0.007183,-9.442732
1703069675,1860343,0.222661,0.002394,-9.275137
1703069675,1860365,0.227449,0.083797,-9.488221
1703069675,1860385,0.196325,-0.011971,-9.466674
1703069675,1860406,0.193930,0.016759,-9.382876
1703069675,1860427,0.136469,0.059855,-9.392453
1703069675,1860447,0.191536,0.083797,-9.500193
1703069675,1860468,0.184354,0.014365,-9.473856
1703069675,1860488,0.184354,-0.031125,-9.378088
1703069675,1860509,0.258574,0.028730,-9.433155
1703069675,1860529,0.205901,0.086191,-9.488221
1703069675,1860549,0.263362,0.016759,-9.402030
1703069675,1860570,0.198719,0.076614,-9.495404
1703069675,1860593,0.213084,0.067038,-9.476251
1703069675,1860613,0.251391,0.019154,-9.382876
1703069675,1860634,0.203507,0.021548,-9.452309
1703069675,1860655,0.208296,-0.016759,-9.526528
1703069675,1860675,0.191536,0.033519,-9.512163
1703069675,1860696,0.217872,0.014365,-9.507375
1703069675,1860716,0.213084,0.023942,-9.406818
1703069675,1860737,0.181959,0.040701,-9.440337
1703069675,1860757,0.196325,-0.045490,-9.531317
1703069675,1860778,0.237026,0.033519,-9.457097
1703069675,1860798,0.256180,0.038307,-9.476251
1703069675,1860821,0.167594,0.055067,-9.437943
1703069675,1860842,0.220267,0.067038,-9.469068
1703069675,1860862,0.177171,-0.016759,-9.500193
1703069675,1860883,0.213084,0.102951,-9.459491
1703069675,1860904,0.179565,0.019154,-9.440337
1703069675,1860924,0.150835,0.043096,-9.569624
1703069675,1860945,0.229843,0.047884,-9.500193
1703069675,1860965,0.196325,0.035913,-9.504981
1703069675,1860986,0.201113,0.071826,-9.576807
1703069675,1861006,0.251391,-0.016759,-9.435549
1703069675,1861027,0.213084,0.028730,-9.382876
1703069675,1861050,0.181959,0.038307,-9.473856
1703069675,1861071,0.174777,0.035913,-9.476251
1703069675,1861091,0.208296,-0.009577,-9.437943
1703069675,1861112,0.148441,0.062249,-9.445126
1703069675,1861132,0.220267,0.021548,-9.502586
1703069675,1861153,0.208296,0.062249,-9.437943
1703069675,1861173,0.184354,-0.028730,-9.526528
1703069675,1861194,0.167594,0.062249,-9.478644
1703069675,1861215,0.153229,0.050278,-9.488221
1703069675,1861235,0.201113,0.047884,-9.445126
1703069675,1861256,0.160412,0.019154,-9.454702
1703069675,1861279,0.239420,0.007183,-9.497798
1703069675,1861299,0.148441,0.040701,-9.418790
1703069675,1861320,0.174777,0.016759,-9.382876
1703069676,1861340,0.131681,0.023942,-9.481039
1703069676,1861361,0.186748,0.004788,-9.385271
1703069676,1861382,0.193930,0.081403,-9.425972
1703069676,1861402,0.201113,0.057461,-9.411607
1703069676,1861423,0.155623,0.052672,-9.433155
1703069676,1861444,0.208296,0.007183,-9.466674
1703069676,1861464,0.225055,0.016759,-9.416395
1703069676,1861485,0.169988,0.007183,-9.478644
1703069676,1861504,0.177171,0.021548,-9.387665
1703069676,1861525,0.220267,0.071826,-9.423578
1703069676,1861545,0.110133,0.021548,-9.548077
1703069676,1861566,0.234632,0.021548,-9.526528
1703069676,1861586,0.184354,0.062249,-9.481039
1703069676,1861607,0.193930,0.045490,-9.459491
1703069676,1861627,0.177171,0.000000,-9.493010
1703069676,1861648,0.205901,0.052672,-9.414001
1703069676,1861668,0.227449,0.086191,-9.473856
1703069676,1861689,0.191536,0.031125,-9.421184
1703069676,1861712,0.179565,0.079009,-9.464279
1703069676,1861732,0.189142,0.047884,-9.512163
1703069676,1861753,0.148441,0.004788,-9.598354
1703069676,1861773,0.201113,0.071826,-9.425972
1703069676,1861794,0.215478,0.076614,-9.500193
1703069676,1861815,0.220267,0.055067,-9.411607
1703069676,1861835,0.160412,-0.028730,-9.452309
1703069676,1861856,0.246603,0.028730,-9.476251
1703069676,1861876,0.232238,0.105345,-9.349358
1703069676,1861897,0.217872,0.074220,-9.478644
1703069676,1861917,0.213084,0.055067,-9.425972
1703069676,1861940,0.155623,0.045490,-9.406818
1703069676,1861961,0.227449,0.021548,-9.428367
1703069676,1861981,0.131681,0.038307,-9.452309
1703069676,1862002,0.201113,-0.007183,-9.473856
1703069676,1862022,0.205901,0.083797,-9.447520
1703069676,1862043,0.225055,0.045490,-9.502586
1703069676,1862063,0.193930,0.074220,-9.488221
1703069676,1862084,0.205901,0.011971,-9.433155
1703069676,1862104,0.174777,0.076614,-9.461885
1703069676,1862125,0.220267,0.040701,-9.500193
1703069676,1862145,0.184354,0.000000,-9.509769
1703069676,1862176,0.177171,0.000000,-9.445126
1703069676,1862197,0.186748,0.000000,-9.509769
1703069676,1862217,0.227449,0.028730,-9.531317
1703069676,1862237,0.189142,-0.019154,-9.435549
1703069676,1862257,0.165200,-0.004788,-9.543288
1703069676,1862277,0.225055,0.035913,-9.478644
1703069676,1862298,0.241814,0.007183,-9.464279
1703069676,1862318,0.234632,0.009577,-9.433155
1703069677,1862338,0.141258,0.038307,-9.404425
1703069677,1862358,0.237026,0.112527,-9.478644
1703069677,1862378,0.184354,0.055067,-9.406818
1703069677,1862401,0.158017,0.002394,-9.354146
1703069677,1862421,0.222661,0.019154,-9.402030
1703069677,1862442,0.205901,0.033519,-9.454702
1703069677,1862462,0.205901,0.055067,-9.461885
1703069677,1862482,0.232238,0.000000,-9.545682
1703069677,1862502,0.193930,0.057461,-9.507375
1703069677,1862523,0.136469,0.038307,-9.459491
1703069677,1862543,0.179565,0.026336,-9.442732
1703069677,1862563,0.239420,0.055067,-9.423578
1703069677,1862583,0.220267,0.009577,-9.524135
1703069677,1862604,0.222661,0.023942,-9.452309
1703069677,1862626,0.210690,0.083797,-9.397242
1703069677,1862646,0.253785,0.059855,-9.358934
1703069677,1862667,0.179565,0.014365,-9.402030
1703069677,1862687,0.205901,0.023942,-9.437943
1703069677,1862707,0.162806,0.021548,-9.514558
1703069677,1862727,0.158017,-0.004788,-9.423578
1703069677,1862748,0.237026,0.062249,-9.469068
1703069677,1862768,0.241814,0.035913,-9.464279
1703069677,1862788,0.227449,0.090980,-9.459491
1703069677,1862808,0.179565,0.011971,-9.533711
1703069677,1862829,0.220267,0.040701,-9.380483
1703069677,1862851,0.201113,0.021548,-9.442732
1703069677,1862872,0.208296,0.038307,-9.464279
1703069677,1862892,0.160412,0.031125,-9.361329
1703069677,1862912,0.227449,0.050278,-9.464279
1703069677,1862932,0.208296,0.069432,-9.483433
1703069677,1862953,0.193930,0.004788,-9.476251
1703069677,1862973,0.126893,-0.038307,-9.418790
1703069677,1862993,0.203507,-0.011971,-9.490616
1703069677,1863013,0.179565,0.023942,-9.504981
1703069677,1863034,0.169988,0.064643,-9.447520
1703069677,1863054,0.277727,0.007183,-9.402030
1703069677,1863076,0.215478,0.038307,-9.466674
1703069677,1863097,0.186748,0.014365,-9.461885
1703069677,1863117,0.186748,0.095768,-9.452309
1703069677,1863137,0.186748,0.045490,-9.457097
1703069677,1863157,0.205901,0.009577,-9.567230
1703069677,1863178,0.179565,0.033519,-9.526528
1703069677,1863198,0.203507,0.043096,-9.507375
1703069677,1863218,0.181959,0.079009,-9.373300
1703069677,1863238,0.198719,0.004788,-9.471462
1703069677,1863259,0.181959,0.045490,-9.504981
1703069677,1863279,0.174777,0.031125,-9.414001
1703069677,1863298,0.203507,0.043096,-9.416395
1703069677,1863318,0.220267,-0.016759,-9.452309
1703069678,1863338,0.213084,0.009577,-9.466674
1703069678,1863359,0.203507,0.019154,-9.380483
1703069678,1863379,0.196325,0.019154,-9.466674
1703069678,1863399,0.213084,0.067038,-9.557653
1703069678,1863420,0.220267,-0.011971,-9.409213
1703069678,1863440,0.193930,0.083797,-9.442732
1703069678,1863460,0.217872,0.050278,-9.428367
1703069678,1863480,0.205901,0.026336,-9.358934
1703069678,1863503,0.150835,0.007183,-9.473856
1703069678,1863523,0.227449,0.035913,-9.402030
1703069678,1863543,0.184354,0.028730,-9.373300
1703069678,1863564,0.227449,-0.014365,-9.536105
1703069678,1863584,0.189142,0.021548,-9.531317
1703069678,1863604,0.186748,0.021548,-9.507375
1703069678,1863624,0.189142,0.009577,-9.473856
1703069678,1863645,0.167594,0.057461,-9.488221
1703069678,1863665,0.184354,0.033519,-9.366117
1703069678,1863685,0.239420,0.009577,-9.507375
1703069678,1863706,0.160412,0.052672,-9.442732
1703069678,1863728,0.241814,0.071826,-9.500193
1703069678,1863748,0.220267,0.007183,-9.557653
1703069678,1863768,0.095768,0.038307,-9.473856
1703069678,1863789,0.251391,0.047884,-9.493010
1703069678,1863809,0.201113,0.050278,-9.471462
1703069678,1863829,0.232238,0.019154,-9.476251
1703069678,1863849,0.160412,0.031125,-9.430760
1703069678,1863869,0.239420,-0.011971,-9.485827
1703069678,1863889,0.193930,0.019154,-9.366117
1703069678,1863910,0.174777,0.000000,-9.469068
1703069678,1863930,0.172383,-0.004788,-9.366117
1703069678,1863952,0.239420,0.079009,-9.504981
1703069678,1863973,0.167594,0.007183,-9.473856
1703069678,1863993,0.225055,0.031125,-9.531317
1703069678,1864014,0.260968,-0.004788,-9.390059
1703069678,1864034,0.205901,-0.002394,-9.440337
1703069678,1864055,0.239420,0.045490,-9.411607
1703069678,1864075,0.203507,0.033519,-9.449914
1703069678,1864096,0.239420,0.007183,-9.459491
1703069678,1864116,0.174777,0.023942,-9.521740
1703069678,1864137,0.141258,0.069432,-9.507375
1703069678,1864157,0.232238,0.040701,-9.519346
1703069678,1864180,0.237026,0.033519,-9.459491
1703069678,1864201,0.213084,0.047884,-9.528923
1703069678,1864221,0.174777,0.071826,-9.469068
1703069678,1864242,0.191536,0.107739,-9.459491
1703069678,1864262,0.177171,0.031125,-9.449914
1703069678,1864283,0.220267,0.026336,-9.437943
1703069678,1864303,0.265756,0.057461,-9.500193
1703069678,1864324,0.215478,0.035913,-9.478644
1703069679,1864344,0.177171,0.050278,-9.454702
1703069679,1864365,0.227449,-0.011971,-9.416395
1703069679,1864385,0.172383,0.016759,-9.495404
1703069679,1864409,0.215478,0.055067,-9.536105
1703069679,1864429,0.153229,0.098162,-9.548077
1703069679,1864450,0.213084,0.023942,-9.483433
1703069679,1864470,0.241814,0.050278,-9.421184
1703069679,1864491,0.155623,0.071826,-9.437943
1703069679,1864511,0.172383,0.074220,-9.402030
1703069679,1864532,0.229843,0.059855,-9.461885
1703069679,1864553,0.205901,0.035913,-9.457097
1703069679,1864573,0.177171,0.055067,-9.464279
1703069679,1864594,0.244209,0.047884,-9.507375
1703069679,1864614,0.186748,-0.019154,-9.433155
1703069679,1864637,0.184354,0.031125,-9.464279
1703069679,1864658,0.174777,0.011971,-9.428367
1703069679,1864678,0.174777,0.098162,-9.433155
1703069679,1864699,0.167594,0.028730,-9.509769
1703069679,1864720,0.186748,0.067038,-9.514558
1703069679,1864740,0.213084,0.019154,-9.428367
1703069679,1864761,0.193930,0.016759,-9.452309
1703069679,1864781,0.210690,0.040701,-9.495404
1703069679,1864802,0.201113,0.023942,-9.433155
1703069679,1864822,0.136469,0.035913,-9.543288
1703069679,1864843,0.253785,-0.004788,-9.476251
1703069679,1864866,0.237026,-0.002394,-9.363723
1703069679,1864887,0.167594,0.043096,-9.411607
1703069679,1864907,0.222661,0.081403,-9.490616
1703069679,1864928,0.153229,0.040701,-9.524135
1703069679,1864948,0.210690,0.026336,-9.447520
1703069679,1864969,0.186748,0.026336,-9.495404
1703069679,1864989,0.215478,0.016759,-9.457097
1703069679,1865010,0.179565,0.019154,-9.437943
1703069679,1865031,0.205901,0.031125,-9.526528
1703069679,1865051,0.229843,0.086191,-9.490616
1703069679,1865074,0.191536,-0.009577,-9.483433
1703069679,1865095,0.191536,-0.026336,-9.433155
1703069679,1865115,0.162806,-0.016759,-9.478644
1703069679,1865136,0.136469,-0.014365,-9.533711
1703069679,1865156,0.153229,0.079009,-9.469068
1703069679,1865188,0.143652,0.057461,-9.466674
1703069679,1865208,0.205901,0.074220,-9.454702
1703069679,1865229,0.203507,0.031125,-9.442732
1703069679,1865249,0.174777,0.055067,-9.430760
1703069679,1865270,0.186748,0.026336,-9.478644
1703069679,1865290,0.153229,-0.011971,-9.452309
1703069679,1865313,0.217872,0.007183,-9.459491
1703069679,1865334,0.248997,0.050278,-9.397242
1703069680,1865354,0.186748,0.028730,-9.399636
1703069680,1865375,0.239420,0.033519,-9.361329
1703069680,1865395,0.193930,0.028730,-9.466674
1703069680,1865416,0.201113,0.067038,-9.430760
1703069680,1865436,0.217872,0.064643,-9.416395
1703069680,1865457,0.208296,0.007183,-9.507375
1703069680,1865477,0.203507,0.098162,-9.502586
1703069680,1865498,0.203507,-0.016759,-9.485827
1703069680,1865519,0.153229,0.064643,-9.521740
1703069680,1865542,0.234632,0.009577,-9.495404
1703069680,1865562,0.179565,0.016759,-9.466674
1703069680,1865582,0.160412,0.050278,-9.524135
1703069680,1865603,0.232238,0.002394,-9.423578
1703069680,1865623,0.136469,0.009577,-9.423578
1703069680,1865644,0.196325,0.023942,-9.428367
1703069680,1865664,0.215478,-0.050278,-9.497798
1703069680,1865685,0.227449,-0.004788,-9.483433
1703069680,1865705,0.201113,0.028730,-9.550470
1703069680,1865726,0.227449,0.033519,-9.449914
1703069680,1865746,0.256180,0.031125,-9.454702
1703069680,1865777,0.265756,0.045490,-9.466674
1703069680,1865798,0.191536,0.052672,-9.416395
1703069680,1865818,0.186748,0.057461,-9.454702
1703069680,1865838,0.105345,0.052672,-9.504981
1703069680,1865859,0.136469,0.000000,-9.363723
1703069680,1865879,0.246603,0.071826,-9.433155
1703069680,1865899,0.150835,0.093374,-9.464279
1703069680,1865919,0.172383,0.043096,-9.497798
1703069680,1865939,0.220267,0.074220,-9.449914
1703069680,1865960,0.227449,0.050278,-9.430760
1703069680,1865980,0.169988,0.004788,-9.543288
1703069680,1866002,0.229843,-0.026336,-9.437943
1703069680,1866022,0.177171,0.043096,-9.459491
1703069680,1866043,0.220267,0.057461,-9.521740
1703069680,1866063,0.179565,0.064643,-9.416395
1703069680,1866083,0.222661,0.081403,-9.421184
1703069680,1866104,0.174777,0.009577,-9.454702
1703069680,1866124,0.177171,0.009577,-9.459491
1703069680,1866144,0.193930,0.004788,-9.406818
1703069680,1866164,0.241814,0.045490,-9.476251
1703069680,1866185,0.186748,0.031125,-9.466674
1703069680,1866205,0.165200,0.026336,-9.483433
1703069680,1866227,0.213084,0.045490,-9.380483
1703069680,1866248,0.268151,0.007183,-9.454702
1703069680,1866268,0.201113,-0.004788,-9.368511
1703069680,1866288,0.189142,0.031125,-9.493010
1703069680,1866308,0.155623,0.069432,-9.586384
1703069680,1866329,0.160412,0.028730,-9.526528
1703069681,1866349,0.193930,0.023942,-9.454702
1703069681,1866369,0.227449,0.035913,-9.437943
1703069681,1866389,0.138864,0.028730,-9.500193
1703069681,1866410,0.215478,0.023942,-9.459491
1703069681,1866430,0.215478,-0.004788,-9.469068
1703069681,1866453,0.201113,0.016759,-9.373300
1703069681,1866473,0.186748,0.028730,-9.392453
1703069681,1866493,0.146046,0.071826,-9.483433
1703069681,1866513,0.220267,0.062249,-9.478644
1703069681,1866534,0.217872,0.083797,-9.437943
1703069681,1866554,0.225055,0.028730,-9.459491
1703069681,1866574,0.205901,0.040701,-9.447520
1703069681,1866594,0.191536,0.019154,-9.447520
1703069681,1866615,0.193930,0.050278,-9.478644
1703069681,1866635,0.201113,0.011971,-9.483433
1703069681,1866657,0.215478,0.057461,-9.476251
1703069681,1866678,0.134075,0.081403,-9.483433
1703069681,1866698,0.227449,-0.007183,-9.502586
1703069681,1866718,0.193930,0.064643,-9.425972
1703069681,1866738,0.203507,0.107739,-9.437943
1703069681,1866759,0.167594,0.011971,-9.437943
1703069681,1866779,0.203507,0.057461,-9.466674
1703069681,1866799,0.201113,0.023942,-9.402030
1703069681,1866820,0.155623,0.079009,-9.543288
1703069681,1866840,0.272939,-0.009577,-9.500193
1703069681,1866860,0.208296,0.031125,-9.447520
1703069681,1866883,0.237026,0.069432,-9.428367
1703069681,1866903,0.174777,0.007183,-9.476251
1703069681,1866923,0.174777,-0.021548,-9.425972
1703069681,1866943,0.086191,0.035913,-9.435549
1703069681,1866964,0.270545,0.016759,-9.478644
1703069681,1866984,0.146046,0.088585,-9.430760
1703069681,1867004,0.227449,0.055067,-9.516952
1703069681,1867024,0.191536,0.038307,-9.414001
1703069681,1867045,0.179565,0.045490,-9.411607
1703069681,1867065,0.213084,-0.021548,-9.521740
1703069681,1867085,0.203507,0.047884,-9.421184
1703069681,1867108,0.129287,0.004788,-9.555259
1703069681,1867128,0.153229,-0.057461,-9.366117
1703069681,1867148,0.246603,-0.016759,-9.538500
1703069681,1867169,0.217872,0.067038,-9.437943
1703069681,1867189,0.193930,-0.019154,-9.454702
1703069681,1867209,0.167594,-0.035913,-9.402030
1703069681,1867229,0.201113,0.083797,-9.473856
1703069681,1867250,0.141258,0.043096,-9.514558
1703069681,1867270,0.189142,0.045490,-9.469068
1703069681,1867290,0.134075,-0.043096,-9.519346
1703069681,1867310,0.225055,0.047884,-9.368511
1703069681,1867333,0.248997,0.079009,-9.497798
1703069682,1867353,0.227449,0.031125,-9.442732
1703069682,1867373,0.210690,0.016759,-9.545682
1703069682,1867394,0.239420,0.011971,-9.476251
1703069682,1867414,0.198719,0.062249,-9.423578
1703069682,1867434,0.165200,0.011971,-9.402030
1703069682,1867454,0.210690,-0.026336,-9.481039
1703069682,1867474,0.189142,-0.014365,-9.411607
1703069682,1867495,0.196325,0.021548,-9.493010
1703069682,1867515,0.189142,0.021548,-9.447520
1703069682,1867535,0.165200,-0.004788,-9.406818
1703069682,1867557,0.095768,0.114922,-9.423578
1703069682,1867578,0.287304,0.045490,-9.411607
1703069682,1867598,0.246603,0.007183,-9.497798
1703069682,1867619,0.263362,0.067038,-9.442732
1703069682,1867639,0.225055,-0.035913,-9.555259
1703069682,1867660,0.201113,0.074220,-9.500193
1703069682,1867680,0.158017,0.083797,-9.526528
1703069682,1867701,0.167594,0.026336,-9.512163
1703069682,1867721,0.153229,0.009577,-9.327810
1703069682,1867742,0.201113,0.040701,-9.469068
1703069682,1867762,0.141258,0.035913,-9.502586
1703069682,1867785,0.213084,0.064643,-9.449914
1703069682,1867806,0.160412,0.023942,-9.497798
1703069682,1867826,0.174777,0.011971,-9.390059
1703069682,1867847,0.196325,0.011971,-9.447520
1703069682,1867867,0.179565,0.004788,-9.447520
1703069682,1867888,0.272939,0.007183,-9.490616
1703069682,1867908,0.193930,0.081403,-9.481039
1703069682,1867929,0.196325,0.026336,-9.397242
1703069682,1867950,0.227449,0.064643,-9.437943
1703069682,1867970,0.205901,0.057461,-9.485827
1703069682,1867991,0.198719,0.009577,-9.385271
1703069682,1868014,0.222661,0.002394,-9.387665
1703069682,1868034,0.167594,0.047884,-9.421184
1703069682,1868055,0.155623,0.057461,-9.454702
1703069682,1868075,0.244209,-0.011971,-9.397242
1703069682,1868096,0.165200,0.043096,-9.483433
1703069682,1868116,0.222661,0.021548,-9.466674
1703069682,1868137,0.217872,0.043096,-9.433155
1703069682,1868158,0.210690,0.071826,-9.457097
1703069682,1868178,0.196325,0.047884,-9.390059
1703069682,1868199,0.155623,0.050278,-9.502586
1703069682,1868222,0.253785,0.028730,-9.378088
1703069682,1868242,0.160412,0.079009,-9.358934
1703069682,1868263,0.186748,0.007183,-9.454702
1703069682,1868283,0.213084,0.052672,-9.442732
1703069682,1868304,0.208296,-0.026336,-9.516952
1703069682,1868325,0.160412,0.047884,-9.428367
1703069683,1868345,0.203507,-0.004788,-9.473856
1703069683,1868366,0.184354,0.069432,-9.526528
1703069683,1868386,0.220267,0.026336,-9.466674
1703069683,1868407,0.150835,0.088585,-9.473856
1703069683,1868428,0.227449,0.050278,-9.457097
1703069683,1868451,0.201113,0.023942,-9.461885
1703069683,1868471,0.215478,0.064643,-9.495404
1703069683,1868492,0.174777,0.026336,-9.404425
1703069683,1868512,0.241814,0.035913,-9.526528
1703069683,1868533,0.165200,0.052672,-9.509769
1703069683,1868553,0.146046,-0.004788,-9.536105
1703069683,1868574,0.203507,0.019154,-9.442732
1703069683,1868595,0.201113,-0.014365,-9.464279
1703069683,1868615,0.215478,0.028730,-9.416395
1703069683,1868636,0.253785,-0.009577,-9.461885
1703069683,1868656,0.232238,-0.014365,-9.495404
1703069683,1868679,0.167594,0.074220,-9.418790
1703069683,1868700,0.196325,-0.007183,-9.402030
1703069683,1868720,0.213084,-0.002394,-9.387665
1703069683,1868741,0.160412,-0.011971,-9.447520
1703069683,1868762,0.229843,0.021548,-9.445126
1703069683,1868782,0.181959,0.059855,-9.433155
1703069683,1868803,0.229843,0.055067,-9.411607
1703069683,1868823,0.162806,0.014365,-9.414001
1703069683,1868844,0.229843,0.050278,-9.519346
1703069683,1868864,0.184354,0.009577,-9.476251
1703069683,1868885,0.167594,0.021548,-9.457097
1703069683,1868908,0.136469,-0.002394,-9.430760
1703069683,1868928,0.167594,0.052672,-9.416395
1703069683,1868949,0.292093,0.033519,-9.524135
1703069683,1868969,0.208296,0.035913,-9.526528
1703069683,1868990,0.208296,-0.011971,-9.449914
1703069683,1869010,0.196325,0.055067,-9.509769
1703069683,1869031,0.232238,0.021548,-9.428367
1703069683,1869052,0.205901,0.074220,-9.344569
1703069683,1869072,0.181959,0.028730,-9.428367
1703069683,1869093,0.179565,0.040701,-9.512163
1703069683,1869113,0.167594,0.035913,-9.507375
1703069683,1869136,0.215478,0.000000,-9.461885
1703069683,1869157,0.263362,0.047884,-9.500193
1703069683,1869177,0.263362,-0.028730,-9.454702
1703069683,1869198,0.205901,0.074220,-9.473856
1703069683,1869218,0.220267,0.011971,-9.576807
1703069683,1869239,0.201113,0.021548,-9.497798
1703069683,1869259,0.191536,0.026336,-9.478644
1703069683,1869279,0.198719,-0.002394,-9.516952
1703069683,1869300,0.203507,0.114922,-9.423578
1703069683,1869320,0.110133,0.043096,-9.428367
1703069684,1869341,0.181959,0.033519,-9.411607
1703069684,1869371,0.186748,0.052672,-9.464279
1703069684,1869393,0.174777,0.014365,-9.394848
1703069684,1869413,0.260968,0.052672,-9.464279
1703069684,1869433,0.213084,0.011971,-9.500193
1703069684,1869453,0.165200,0.059855,-9.437943
1703069684,1869474,0.246603,0.079009,-9.502586
1703069684,1869494,0.169988,0.033519,-9.409213
1703069684,1869514,0.234632,0.045490,-9.493010
1703069684,1869534,0.169988,0.040701,-9.452309
1703069684,1869554,0.172383,0.033519,-9.454702
1703069684,1869577,0.239420,0.067038,-9.430760
1703069684,1869597,0.181959,0.021548,-9.478644
1703069684,1869617,0.153229,0.038307,-9.476251
1703069684,1869638,0.201113,0.086191,-9.394848
1703069684,1869658,0.234632,0.055067,-9.435549
1703069684,1869678,0.246603,-0.004788,-9.512163
1703069684,1869698,0.203507,0.019154,-9.459491
1703069684,1869719,0.232238,0.074220,-9.435549
1703069684,1869739,0.220267,0.052672,-9.488221
1703069684,1869759,0.150835,0.007183,-9.490616
1703069684,1869780,0.229843,0.067038,-9.406818
1703069684,1869802,0.184354,0.031125,-9.380483
1703069684,1869822,0.225055,0.016759,-9.423578
1703069684,1869843,0.179565,0.031125,-9.514558
1703069684,1869863,0.162806,0.045490,-9.485827
1703069684,1869883,0.167594,0.014365,-9.440337
1703069684,1869903,0.220267,0.047884,-9.433155
1703069684,1869924,0.141258,-0.019154,-9.397242
1703069684,1869944,0.162806,0.028730,-9.433155
1703069684,1869964,0.234632,0.043096,-9.437943
1703069684,1869984,0.167594,0.043096,-9.418790
1703069684,1870005,0.153229,0.014365,-9.447520
1703069684,1870027,0.213084,-0.023942,-9.447520
1703069684,1870048,0.239420,0.045490,-9.433155
1703069684,1870068,0.220267,0.035913,-9.435549
1703069684,1870088,0.172383,0.074220,-9.464279
1703069684,1870108,0.181959,-0.038307,-9.397242
1703069684,1870129,0.158017,0.026336,-9.481039
1703069684,1870149,0.131681,-0.007183,-9.390059
1703069684,1870169,0.205901,0.028730,-9.442732
1703069684,1870189,0.265756,0.052672,-9.466674
1703069684,1870210,0.256180,0.019154,-9.402030
1703069684,1870230,0.217872,0.023942,-9.447520
1703069684,1870252,0.162806,0.050278,-9.483433
1703069684,1870273,0.210690,0.004788,-9.521740
1703069684,1870293,0.191536,0.043096,-9.516952
1703069684,1870313,0.213084,-0.009577,-9.459491
1703069684,1870333,0.210690,0.040701,-9.545682
1703069685,1870354,0.148441,0.064643,-9.478644
1703069685,1870374,0.210690,0.035913,-9.423578
1703069685,1870394,0.186748,-0.004788,-9.447520
1703069685,1870415,0.232238,0.071826,-9.478644
1703069685,1870435,0.213084,0.004788,-9.504981
1703069685,1870455,0.205901,0.009577,-9.397242
1703069685,1870478,0.215478,0.045490,-9.433155
1703069685,1870498,0.232238,0.064643,-9.433155
1703069685,1870518,0.186748,0.014365,-9.514558
1703069685,1870539,0.220267,0.050278,-9.366117
1703069685,1870559,0.220267,0.033519,-9.526528
1703069685,1870579,0.184354,0.057461,-9.406818
1703069685,1870599,0.225055,0.067038,-9.512163
1703069685,1870620,0.136469,0.035913,-9.454702
1703069685,1870640,0.198719,0.009577,-9.476251
1703069685,1870660,0.181959,0.059855,-9.459491
1703069685,1870680,0.217872,0.071826,-9.495404
1703069685,1870703,0.227449,0.050278,-9.490616
1703069685,1870723,0.208296,0.043096,-9.509769
1703069685,1870743,0.258574,0.002394,-9.483433
1703069685,1870764,0.165200,0.035913,-9.476251
1703069685,1870784,0.220267,0.071826,-9.555259
1703069685,1870804,0.148441,0.016759,-9.397242
1703069685,1870824,0.165200,0.035913,-9.452309
1703069685,1870845,0.189142,-0.009577,-9.481039
1703069685,1870865,0.184354,0.043096,-9.399636
1703069685,1870885,0.196325,0.055067,-9.437943
1703069685,1870906,0.258574,0.040701,-9.516952
1703069685,1870928,0.215478,0.052672,-9.478644
1703069685,1870948,0.203507,0.021548,-9.418790
1703069685,1870968,0.198719,0.011971,-9.457097
1703069685,1870989,0.169988,-0.009577,-9.483433
1703069685,1871009,0.210690,0.007183,-9.459491
1703069685,1871029,0.201113,0.040701,-9.423578
1703069685,1871049,0.189142,0.055067,-9.459491
1703069685,1871069,0.217872,0.071826,-9.485827
1703069685,1871090,0.208296,0.000000,-9.390059
1703069685,1871110,0.237026,-0.011971,-9.459491
1703069685,1871130,0.201113,0.074220,-9.402030
1703069685,1871152,0.134075,0.011971,-9.452309
1703069685,1871173,0.162806,0.023942,-9.437943
1703069685,1871193,0.217872,0.040701,-9.370906
1703069685,1871214,0.146046,-0.019154,-9.392453
1703069685,1871234,0.203507,-0.009577,-9.473856
1703069685,1871255,0.179565,0.000000,-9.387665
1703069685,1871275,0.215478,0.016759,-9.378088
1703069685,1871296,0.150835,0.009577,-9.524135
1703069685,1871316,0.162806,0.038307,-9.488221
1703069685,1871337,0.177171,0.007183,-9.406818
1703069686,1871360,0.234632,0.028730,-9.457097
1703069686,1871380,0.205901,0.031125,-9.411607
1703069686,1871401,0.198719,0.079009,-9.445126
1703069686,1871421,0.186748,0.052672,-9.493010
1703069686,1871442,0.244209,0.026336,-9.507375
1703069686,1871462,0.225055,0.045490,-9.406818
1703069686,1871483,0.217872,0.088585,-9.459491
1703069686,1871504,0.205901,0.067038,-9.421184
1703069686,1871524,0.227449,0.045490,-9.452309
1703069686,1871545,0.208296,0.083797,-9.385271
1703069686,1871565,0.174777,0.023942,-9.466674
1703069686,1871588,0.234632,-0.009577,-9.514558
1703069686,1871609,0.256180,0.050278,-9.406818
1703069686,1871629,0.172383,0.050278,-9.504981
1703069686,1871650,0.198719,0.050278,-9.519346
1703069686,1871670,0.234632,0.023942,-9.428367
1703069686,1871691,0.203507,0.086191,-9.483433
1703069686,1871712,0.246603,0.019154,-9.442732
1703069686,1871732,0.201113,0.033519,-9.442732
1703069686,1871753,0.227449,-0.019154,-9.361329
1703069686,1871773,0.172383,0.004788,-9.370906
1703069686,1871794,0.246603,-0.014365,-9.483433
1703069686,1871817,0.208296,0.000000,-9.394848
1703069686,1871837,0.246603,0.007183,-9.495404
1703069686,1871858,0.158017,0.047884,-9.552865
1703069686,1871878,0.179565,0.028730,-9.464279
1703069686,1871899,0.234632,0.033519,-9.447520
1703069686,1871920,0.189142,-0.031125,-9.346964
1703069686,1871940,0.232238,0.040701,-9.447520
1703069686,1871961,0.172383,0.026336,-9.454702
1703069686,1871981,0.205901,0.016759,-9.356541
1703069686,1872002,0.181959,0.102951,-9.567230
1703069686,1872022,0.220267,-0.004788,-9.342175
1703069686,1872046,0.203507,0.050278,-9.437943
1703069686,1872066,0.181959,-0.045490,-9.593566
1703069686,1872087,0.193930,-0.009577,-9.469068
1703069686,1872107,0.179565,-0.014365,-9.370906
1703069686,1872128,0.229843,-0.028730,-9.392453
1703069686,1872148,0.167594,0.004788,-9.440337
1703069686,1872169,0.227449,0.016759,-9.528923
1703069686,1872189,0.215478,0.002394,-9.483433
1703069686,1872210,0.225055,0.023942,-9.476251
1703069686,1872231,0.160412,0.031125,-9.397242
1703069686,1872251,0.205901,-0.050278,-9.495404
1703069686,1872274,0.155623,0.007183,-9.495404
1703069686,1872295,0.148441,0.074220,-9.473856
1703069686,1872315,0.148441,0.033519,-9.409213
1703069686,1872336,0.220267,0.050278,-9.485827
1703069687,1872356,0.248997,0.045490,-9.344569
1703069687,1872377,0.193930,-0.002394,-9.476251
1703069687,1872398,0.208296,0.062249,-9.454702
1703069687,1872419,0.213084,0.016759,-9.502586
1703069687,1872439,0.217872,0.009577,-9.428367
1703069687,1872460,0.217872,0.021548,-9.469068
1703069687,1872480,0.146046,0.031125,-9.500193
1703069687,1872503,0.179565,0.079009,-9.497798
1703069687,1872524,0.169988,0.031125,-9.394848
1703069687,1872544,0.280122,0.064643,-9.433155
1703069687,1872565,0.201113,0.031125,-9.471462
1703069687,1872585,0.210690,0.076614,-9.423578
1703069687,1872606,0.217872,-0.007183,-9.504981
1703069687,1872626,0.201113,0.057461,-9.483433
1703069687,1872647,0.239420,0.057461,-9.361329
1703069687,1872667,0.251391,0.007183,-9.447520
1703069687,1872688,0.189142,0.050278,-9.457097
1703069687,1872711,0.220267,0.031125,-9.464279
1703069687,1872731,0.189142,0.047884,-9.478644
1703069687,1872752,0.222661,0.035913,-9.481039
1703069687,1872772,0.181959,0.033519,-9.442732
1703069687,1872793,0.227449,0.076614,-9.473856
1703069687,1872813,0.246603,0.004788,-9.435549
1703069687,1872834,0.213084,0.038307,-9.414001
1703069687,1872854,0.232238,0.081403,-9.437943
1703069687,1872875,0.213084,0.064643,-9.533711
1703069687,1872895,0.244209,0.007183,-9.516952
1703069687,1872916,0.268151,0.019154,-9.397242
1703069687,1872946,0.186748,0.045490,-9.392453
1703069687,1872967,0.210690,0.011971,-9.461885
1703069687,1872988,0.260968,0.074220,-9.543288
1703069687,1873008,0.205901,-0.002394,-9.502586
1703069687,1873028,0.220267,0.062249,-9.428367
1703069687,1873048,0.189142,0.021548,-9.485827
1703069687,1873068,0.167594,0.081403,-9.435549
1703069687,1873089,0.146046,0.002394,-9.469068
1703069687,1873109,0.198719,-0.009577,-9.478644
1703069687,1873129,0.258574,0.064643,-9.382876
1703069687,1873149,0.122104,0.057461,-9.445126
1703069687,1873172,0.160412,-0.040701,-9.478644
1703069687,1873192,0.119710,0.038307,-9.437943
1703069687,1873212,0.160412,0.067038,-9.351752
1703069687,1873233,0.191536,0.059855,-9.461885
1703069687,1873253,0.208296,0.033519,-9.457097
1703069687,1873273,0.222661,0.031125,-9.418790
1703069687,1873293,0.208296,0.047884,-9.512163
1703069687,1873314,0.213084,0.059855,-9.531317
1703069687,1873334,0.167594,0.011971,-9.512163
1703069688,1873354,0.234632,0.038307,-9.390059
1703069688,1873374,0.239420,0.009577,-9.457097
1703069688,1873397,0.143652,0.088585,-9.418790
1703069688,1873417,0.160412,0.090980,-9.466674
1703069688,1873438,0.177171,0.019154,-9.406818
1703069688,1873458,0.222661,0.090980,-9.461885
1703069688,1873478,0.201113,0.071826,-9.516952
1703069688,1873498,0.215478,-0.028730,-9.488221
1703069688,1873519,0.186748,0.052672,-9.418790
1703069688,1873539,0.217872,0.007183,-9.500193
1703069688,1873559,0.181959,0.009577,-9.502586
1703069688,1873579,0.229843,0.038307,-9.423578
1703069688,1873600,0.179565,0.098162,-9.402030
1703069688,1873622,0.220267,0.023942,-9.418790
1703069688,1873643,0.184354,0.016759,-9.447520
1703069688,1873663,0.153229,0.105345,-9.437943
1703069688,1873683,0.169988,0.002394,-9.528923
1703069688,1873703,0.198719,0.071826,-9.397242
1703069688,1873724,0.201113,0.023942,-9.478644
1703069688,1873744,0.174777,0.019154,-9.454702
1703069688,1873764,0.208296,0.014365,-9.464279
1703069688,1873784,0.244209,0.011971,-9.476251
1703069688,1873805,0.129287,-0.031125,-9.423578
1703069688,1873825,0.244209,0.074220,-9.418790
1703069688,1873847,0.126893,0.002394,-9.385271
1703069688,1873868,0.213084,0.016759,-9.504981
1703069688,1873888,0.222661,0.011971,-9.423578
1703069688,1873908,0.205901,0.040701,-9.447520
1703069688,1873928,0.179565,0.019154,-9.504981
1703069688,1873949,0.225055,0.057461,-9.373300
1703069688,1873969,0.143652,0.028730,-9.435549
1703069688,1873989,0.179565,0.043096,-9.514558
1703069688,1874009,0.222661,0.102951,-9.392453
1703069688,1874030,0.201113,0.071826,-9.385271
1703069688,1874050,0.155623,0.021548,-9.495404
1703069688,1874073,0.213084,0.014365,-9.380483
1703069688,1874093,0.155623,-0.052672,-9.481039
1703069688,1874113,0.158017,0.014365,-9.512163
1703069688,1874133,0.172383,-0.019154,-9.411607
1703069688,1874154,0.193930,0.023942,-9.485827
1703069688,1874174,0.227449,0.050278,-9.411607
1703069688,1874194,0.131681,0.002394,-9.454702
1703069688,1874214,0.205901,0.028730,-9.485827
1703069688,1874235,0.138864,0.040701,-9.478644
1703069688,1874255,0.160412,0.031125,-9.435549
1703069688,1874275,0.146046,0.079009,-9.375694
1703069688,1874298,0.203507,0.045490,-9.459491
1703069688,1874318,0.186748,0.052672,-9.406818
1703069689,1874338,0.196325,0.011971,-9.425972
1703069689,1874359,0.227449,0.045490,-9.425972
1703069689,1874379,0.172383,0.040701,-9.449914
1703069689,1874399,0.201113,0.052672,-9.440337
1703069689,1874419,0.193930,0.016759,-9.533711
1703069689,1874440,0.217872,0.057461,-9.504981
1703069689,1874460,0.172383,0.057461,-9.540894
1703069689,1874480,0.232238,0.035913,-9.421184
1703069689,1874503,0.169988,0.021548,-9.490616
1703069689,1874523,0.196325,0.050278,-9.406818
1703069689,1874543,0.225055,0.000000,-9.457097
1703069689,1874563,0.162806,0.038307,-9.481039
1703069689,1874583,0.213084,0.019154,-9.469068
1703069689,1874604,0.179565,0.023942,-9.469068
1703069689,1874624,0.155623,0.043096,-9.454702
1703069689,1874644,0.215478,0.055067,-9.466674
1703069689,1874664,0.177171,0.050278,-9.504981
1703069689,1874684,0.153229,0.004788,-9.459491
1703069689,1874705,0.174777,0.071826,-9.392453
1703069689,1874727,0.203507,0.023942,-9.490616
1703069689,1874748,0.196325,0.052672,-9.476251
1703069689,1874768,0.181959,0.011971,-9.452309
1703069689,1874789,0.177171,0.064643,-9.531317
1703069689,1874809,0.213084,0.035913,-9.512163
1703069689,1874829,0.148441,0.067038,-9.473856
1703069689,1874850,0.186748,0.031125,-9.478644
1703069689,1874870,0.205901,0.023942,-9.399636
1703069689,1874891,0.208296,0.062249,-9.437943
1703069689,1874911,0.260968,0.011971,-9.495404
1703069689,1874932,0.174777,0.062249,-9.428367
1703069689,1874955,0.179565,0.016759,-9.464279
1703069689,1874975,0.158017,0.055067,-9.418790
1703069689,1874996,0.225055,0.047884,-9.397242
1703069689,1875016,0.225055,0.055067,-9.464279
1703069689,1875037,0.158017,0.076614,-9.411607
1703069689,1875057,0.165200,0.052672,-9.342175
1703069689,1875078,0.217872,0.028730,-9.418790
1703069689,1875099,0.189142,0.107739,-9.504981
1703069689,1875119,0.210690,0.052672,-9.452309
1703069689,1875140,0.162806,0.035913,-9.442732
1703069689,1875160,0.198719,0.004788,-9.404425
1703069689,1875183,0.138864,0.069432,-9.459491
1703069689,1875204,0.241814,0.028730,-9.418790
1703069689,1875224,0.126893,0.033519,-9.361329
1703069689,1875245,0.193930,0.031125,-9.428367
1703069689,1875265,0.172383,0.059855,-9.399636
1703069689,1875286,0.167594,0.007183,-9.454702
1703069689,1875307,0.203507,0.055067,-9.423578
1703069689,1875327,0.213084,0.002394,-9.509769
