timestamp,millis,AccX,AccY,AccZ,GyroX,GyroY,GyroZ
1706616144,2392818,0.071826,-0.047884,-9.437943,-0.018919,0.002398,-0.020784
1706616144,2392844,0.045490,0.043096,-9.591172,-0.011724,0.016254,-0.022649
1706616144,2392870,0.110133,-0.045490,-9.603143,-0.009859,0.024781,-0.020784
1706616144,2392896,0.095768,-0.043096,-9.315839,-0.020784,0.007194,-0.022383
1706616144,2392922,0.102951,0.016759,-9.713276,-0.009593,0.028511,-0.021051
1706616144,2392950,0.129287,0.000000,-9.392453,-0.015455,0.017853,-0.019185
1706616144,2392976,0.126893,-0.023942,-9.677363,-0.017587,0.014389,-0.024781
1706616144,2393002,0.122104,0.028730,-9.433155,-0.011724,0.025580,-0.022649
1706616144,2393028,0.122104,0.016759,-9.670180,-0.016521,0.009593,-0.023182
1706616144,2393054,0.074220,-0.031125,-9.543288,-0.014389,0.019985,-0.022116
1706616144,2393080,0.088585,-0.033519,-9.447520,-0.013057,0.022383,-0.021583
1706616144,2393108,0.112527,-0.011971,-9.588778,-0.016521,0.015721,-0.023449
1706616144,2393134,0.114922,-0.043096,-9.428367,-0.012257,0.019185,-0.024781
1706616144,2393160,0.122104,0.004788,-9.607931,-0.013057,0.013323,-0.022649
1706616144,2393186,0.055067,0.007183,-9.411607,-0.013323,0.015188,-0.020784
1706616144,2393211,0.100556,0.002394,-9.531317,-0.014922,0.019718,-0.022649
1706616144,2393237,0.055067,-0.033519,-9.512163,-0.012790,0.016254,-0.021051
1706616144,2393263,0.136469,-0.019154,-9.471462,-0.012790,0.020784,-0.021583
1706616144,2393291,0.146046,0.009577,-9.607931,-0.015455,0.015988,-0.021583
1706616144,2393318,0.165200,0.004788,-9.493010,-0.015188,0.019185,-0.023982
1706616144,2393344,0.083797,-0.019154,-9.531317,-0.016521,0.015988,-0.020251
1706616144,2393370,0.136469,0.000000,-9.607931,-0.014922,0.015721,-0.022116
1706616144,2393396,0.124498,-0.059855,-9.521740,-0.012257,0.017853,-0.019985
1706616144,2393422,0.119710,-0.014365,-9.579201,-0.014655,0.015721,-0.019718
1706616144,2393448,0.129287,0.011971,-9.430760,-0.010925,0.018119,-0.022383
1706616144,2393477,0.079009,0.007183,-9.481039,-0.013323,0.016787,-0.023449
1706616144,2393503,0.205901,-0.002394,-9.504981,-0.012257,0.021317,-0.023982
1706616144,2393530,0.169988,0.009577,-9.483433,-0.013856,0.016254,-0.021317
1706616144,2393556,0.134075,-0.014365,-9.574412,-0.012790,0.018119,-0.021583
1706616144,2393582,0.131681,0.011971,-9.552865,-0.015988,0.019185,-0.022383
1706616144,2393608,0.090980,-0.026336,-9.574412,-0.012790,0.016521,-0.022649
1706616144,2393637,0.117316,0.021548,-9.519346,-0.015455,0.017054,-0.021317
1706616144,2393663,0.119710,-0.014365,-9.538500,-0.013856,0.020518,-0.021051
1706616144,2393689,0.081403,0.014365,-9.591172,-0.011991,0.019452,-0.023715
1706616144,2393716,0.081403,0.028730,-9.490616,-0.015721,0.017320,-0.021317
1706616144,2393742,0.090980,-0.031125,-9.521740,-0.013856,0.019718,-0.020518
1706616144,2393768,0.150835,-0.057461,-9.543288,-0.015455,0.019985,-0.023182
1706616145,2393794,0.119710,-0.016759,-9.435549,-0.014123,0.022916,-0.022116
1706616145,2393823,0.158017,-0.016759,-9.452309,-0.013323,0.018652,-0.021051
1706616145,2393849,0.079009,0.023942,-9.579201,-0.015721,0.016787,-0.019985
1706616145,2393875,0.117316,0.004788,-9.521740,-0.015988,0.015988,-0.021583
1706616145,2393902,0.088585,0.004788,-9.536105,-0.016521,0.017320,-0.019985
1706616145,2393928,0.083797,-0.007183,-9.481039,-0.010925,0.017853,-0.018652
1706616145,2393954,0.088585,-0.007183,-9.531317,-0.015188,0.016254,-0.019718
1706616145,2393980,0.086191,0.014365,-9.457097,-0.015188,0.017587,-0.026380
1706616145,2394009,0.086191,0.009577,-9.471462,-0.014389,0.018119,-0.021583
1706616145,2394035,0.043096,-0.038307,-9.509769,-0.013323,0.015988,-0.022916
1706616145,2394061,0.114922,0.007183,-9.493010,-0.013590,0.016521,-0.020518
1706616145,2394088,0.138864,-0.031125,-9.469068,-0.013057,0.021051,-0.022916
1706616145,2394114,0.155623,-0.064643,-9.500193,-0.015721,0.017054,-0.017054
1706616145,2394140,0.119710,0.019154,-9.574412,-0.014922,0.015988,-0.023449
1706616145,2394166,0.100556,-0.016759,-9.483433,-0.013323,0.017853,-0.015988
1706616145,2394195,0.107739,0.021548,-9.440337,-0.014123,0.017320,-0.021051
1706616145,2394221,0.090980,-0.009577,-9.483433,-0.014655,0.018652,-0.021850
1706616145,2394248,0.129287,-0.067038,-9.562442,-0.013057,0.016254,-0.022916
1706616145,2394274,0.122104,0.040701,-9.543288,-0.013057,0.017853,-0.021583
1706616145,2394300,0.095768,-0.031125,-9.557653,-0.014389,0.016521,-0.018919
1706616145,2394326,0.102951,-0.026336,-9.540894,-0.015455,0.018919,-0.022383
1706616145,2394355,0.126893,-0.019154,-9.526528,-0.017054,0.016521,-0.021850
1706616145,2394381,0.038307,0.000000,-9.507375,-0.013057,0.016787,-0.019718
1706616145,2394407,0.055067,-0.023942,-9.452309,-0.015188,0.018919,-0.021583
1706616145,2394434,0.141258,-0.023942,-9.490616,-0.014123,0.018919,-0.021583
1706616145,2394460,0.062249,-0.009577,-9.540894,-0.013057,0.018386,-0.021051
1706616145,2394486,0.165200,-0.088585,-9.469068,-0.013057,0.013590,-0.020518
1706616145,2394512,0.162806,-0.007183,-9.583989,-0.009859,0.018119,-0.021317
1706616145,2394541,0.100556,-0.004788,-9.528923,-0.013856,0.019185,-0.019452
1706616145,2394567,0.143652,-0.011971,-9.504981,-0.011191,0.018652,-0.021583
1706616145,2394593,0.114922,0.031125,-9.485827,-0.012524,0.019985,-0.022116
1706616145,2394619,0.081403,-0.031125,-9.567230,-0.015188,0.018119,-0.019185
1706616145,2394646,0.098162,-0.057461,-9.579201,-0.013856,0.018652,-0.021051
1706616145,2394672,0.081403,0.052672,-9.516952,-0.014389,0.017587,-0.023715
1706616145,2394698,0.102951,0.043096,-9.548077,-0.014389,0.017054,-0.021317
1706616145,2394734,0.095768,-0.059855,-9.545682,-0.013057,0.017054,-0.019718
1706616145,2394761,0.122104,0.043096,-9.521740,-0.012524,0.015721,-0.021317
1706616146,2394787,0.095768,-0.079009,-9.442732,-0.012524,0.015988,-0.023982
1706616146,2394813,0.062249,0.079009,-9.500193,-0.014922,0.015455,-0.024515
1706616146,2394839,0.050278,-0.014365,-9.588778,-0.012790,0.017587,-0.021051
1706616146,2394864,0.076614,-0.028730,-9.521740,-0.013856,0.015188,-0.021583
1706616146,2394893,0.052672,0.043096,-9.540894,-0.013856,0.019185,-0.025314
1706616146,2394918,0.055067,-0.019154,-9.490616,-0.014655,0.016787,-0.021051
1706616146,2394944,0.090980,0.016759,-9.612720,-0.014389,0.016521,-0.021583
1706616146,2394970,0.100556,-0.016759,-9.545682,-0.015988,0.017587,-0.022916
1706616146,2394996,0.114922,0.031125,-9.493010,-0.014655,0.017320,-0.019718
1706616146,2395022,0.122104,-0.023942,-9.646238,-0.014123,0.018386,-0.021317
1706616146,2395048,0.107739,-0.016759,-9.476251,-0.013856,0.015721,-0.020784
1706616146,2395076,0.105345,-0.090980,-9.560047,-0.015988,0.018386,-0.020784
1706616146,2395102,0.057461,-0.009577,-9.552865,-0.015188,0.017853,-0.019452
1706616146,2395128,0.081403,-0.007183,-9.490616,-0.013323,0.022116,-0.024248
1706616146,2395154,0.126893,-0.055067,-9.437943,-0.011458,0.022649,-0.025580
1706616146,2395180,0.114922,-0.007183,-9.543288,-0.014123,0.018919,-0.022649
1706616146,2395206,0.110133,0.047884,-9.418790,-0.015721,0.020518,-0.022916
1706616146,2395232,0.064643,0.009577,-9.428367,-0.011724,0.018652,-0.019452
1706616146,2395260,0.021548,0.000000,-9.557653,-0.015188,0.017320,-0.019985
1706616146,2395286,0.131681,-0.069432,-9.617508,-0.014655,0.017054,-0.019985
1706616146,2395312,0.110133,0.026336,-9.567230,-0.014655,0.018652,-0.022383
1706616146,2395338,0.095768,0.023942,-9.548077,-0.014389,0.015455,-0.019452
1706616146,2395364,0.098162,-0.040701,-9.445126,-0.013590,0.019185,-0.023449
1706616146,2395390,0.165200,0.004788,-9.536105,-0.016254,0.015721,-0.020784
1706616146,2395419,0.083797,-0.062249,-9.495404,-0.013590,0.020784,-0.020784
1706616146,2395444,0.110133,-0.045490,-9.552865,-0.014123,0.014922,-0.023715
1706616146,2395470,0.083797,-0.016759,-9.425972,-0.016254,0.016787,-0.021583
1706616146,2395496,0.093374,-0.043096,-9.619903,-0.014655,0.017587,-0.020784
1706616146,2395522,0.122104,-0.040701,-9.560047,-0.011458,0.018386,-0.023449
1706616146,2395548,0.102951,-0.009577,-9.665392,-0.012524,0.019452,-0.022383
1706616146,2395574,0.102951,-0.033519,-9.466674,-0.015988,0.020251,-0.021850
1706616146,2395602,0.081403,-0.102951,-9.516952,-0.014123,0.019985,-0.020784
1706616146,2395628,0.093374,0.007183,-9.500193,-0.013057,0.015455,-0.023182
1706616146,2395654,0.081403,0.004788,-9.560047,-0.012524,0.016787,-0.021317
1706616146,2395680,0.105345,-0.057461,-9.550470,-0.014389,0.020518,-0.022116
1706616146,2395706,0.124498,-0.028730,-9.449914,-0.013323,0.013590,-0.019185
1706616146,2395732,0.143652,0.023942,-9.490616,-0.014655,0.016787,-0.021850
1706616146,2395758,0.083797,-0.007183,-9.624691,-0.013323,0.017853,-0.021850
1706616147,2395786,0.088585,0.007183,-9.485827,-0.014389,0.019185,-0.021317
1706616147,2395812,0.095768,-0.040701,-9.514558,-0.010658,0.013856,-0.020784
1706616147,2395838,0.074220,-0.047884,-9.490616,-0.015188,0.018919,-0.021850
1706616147,2395864,0.129287,0.009577,-9.567230,-0.012790,0.018652,-0.020784
1706616147,2395890,0.076614,-0.047884,-9.550470,-0.014922,0.015988,-0.022116
1706616147,2395916,0.100556,0.014365,-9.536105,-0.015455,0.018119,-0.021051
1706616147,2395944,0.081403,0.000000,-9.524135,-0.013323,0.013323,-0.020784
1706616147,2395970,0.110133,0.004788,-9.478644,-0.013590,0.017587,-0.020518
1706616147,2395996,0.114922,-0.031125,-9.469068,-0.015455,0.015188,-0.023982
1706616147,2396022,0.153229,0.031125,-9.588778,-0.015188,0.018919,-0.019985
1706616147,2396048,0.153229,-0.014365,-9.545682,-0.014655,0.016254,-0.018652
1706616147,2396074,0.134075,-0.014365,-9.461885,-0.014922,0.017320,-0.019185
1706616147,2396100,0.124498,-0.016759,-9.440337,-0.011724,0.017320,-0.022649
1706616147,2396128,0.090980,0.004788,-9.519346,-0.012257,0.018119,-0.020251
1706616147,2396154,0.055067,0.028730,-9.433155,-0.014389,0.018652,-0.021317
1706616147,2396180,0.045490,-0.107739,-9.473856,-0.014389,0.022116,-0.019185
1706616147,2396207,0.126893,-0.009577,-9.538500,-0.014922,0.015455,-0.019718
1706616147,2396233,0.102951,-0.007183,-9.591172,-0.015188,0.016254,-0.022649
1706616147,2396259,0.081403,-0.019154,-9.512163,-0.013590,0.018919,-0.022916
1706616147,2396285,0.129287,-0.011971,-9.605537,-0.014655,0.018652,-0.020251
1706616147,2396314,0.131681,0.052672,-9.521740,-0.014655,0.018386,-0.019985
1706616147,2396340,0.064643,0.050278,-9.567230,-0.013856,0.017054,-0.020784
1706616147,2396367,0.141258,-0.021548,-9.595961,-0.014655,0.018386,-0.018119
1706616147,2396393,0.129287,0.007183,-9.533711,-0.013856,0.016521,-0.022116
1706616147,2396419,0.169988,0.033519,-9.514558,-0.015188,0.018119,-0.019985
1706616147,2396446,0.110133,-0.074220,-9.552865,-0.015455,0.019185,-0.019718
1706616147,2396474,0.117316,-0.035913,-9.493010,-0.014389,0.015455,-0.021850
1706616147,2396501,0.088585,-0.040701,-9.679757,-0.013057,0.020251,-0.022916
1706616147,2396527,0.062249,-0.004788,-9.521740,-0.013057,0.017587,-0.020251
1706616147,2396553,0.114922,-0.026336,-9.605537,-0.013590,0.017054,-0.020518
1706616147,2396579,0.088585,-0.009577,-9.481039,-0.014922,0.013323,-0.021850
1706616147,2396606,0.119710,-0.059855,-9.579201,-0.010925,0.017320,-0.021850
1706616147,2396632,0.112527,-0.090980,-9.464279,-0.015188,0.016254,-0.023182
1706616147,2396660,0.069432,0.014365,-9.550470,-0.014655,0.017320,-0.019718
1706616147,2396687,0.138864,-0.033519,-9.555259,-0.014922,0.012524,-0.019185
1706616147,2396713,0.122104,0.000000,-9.603143,-0.013057,0.014389,-0.022383
1706616147,2396739,0.124498,-0.031125,-9.464279,-0.011991,0.021051,-0.021583
1706616147,2396766,0.083797,-0.021548,-9.459491,-0.015188,0.015988,-0.020784
1706616148,2396792,0.064643,-0.019154,-9.557653,-0.013323,0.019185,-0.021317
1706616148,2396818,0.086191,0.007183,-9.495404,-0.013057,0.019718,-0.020784
1706616148,2396847,0.112527,-0.004788,-9.562442,-0.010925,0.017054,-0.020784
1706616148,2396873,0.148441,0.016759,-9.605537,-0.014655,0.016787,-0.020518
1706616148,2396899,0.069432,-0.045490,-9.531317,-0.012524,0.021317,-0.021317
1706616148,2396925,0.093374,0.069432,-9.567230,-0.013057,0.017853,-0.021317
1706616148,2396951,0.126893,0.009577,-9.418790,-0.016254,0.020784,-0.021583
1706616148,2396978,0.105345,-0.011971,-9.605537,-0.014655,0.014123,-0.022649
1706616148,2397006,0.105345,0.014365,-9.533711,-0.013057,0.015188,-0.020251
1706616148,2397033,0.088585,0.035913,-9.473856,-0.013057,0.014655,-0.021850
1706616148,2397059,0.174777,-0.019154,-9.560047,-0.014922,0.020251,-0.020784
1706616148,2397085,0.086191,0.014365,-9.603143,-0.011191,0.014123,-0.020518
1706616148,2397111,0.098162,0.028730,-9.540894,-0.013323,0.020251,-0.018919
1706616148,2397137,0.100556,0.023942,-9.588778,-0.012524,0.017587,-0.020518
1706616148,2397164,0.131681,-0.028730,-9.526528,-0.014655,0.020251,-0.022116
1706616148,2397192,0.141258,0.000000,-9.528923,-0.014389,0.017054,-0.022649
1706616148,2397219,0.112527,-0.038307,-9.519346,-0.014123,0.017054,-0.021317
1706616148,2397245,0.153229,-0.026336,-9.495404,-0.015188,0.016787,-0.021051
1706616148,2397271,0.114922,-0.028730,-9.550470,-0.011991,0.018919,-0.021583
1706616148,2397297,0.090980,-0.059855,-9.504981,-0.011991,0.017320,-0.020784
1706616148,2397323,0.102951,-0.045490,-9.588778,-0.012790,0.014922,-0.023715
1706616148,2397350,0.141258,-0.023942,-9.524135,-0.013590,0.017853,-0.019985
1706616148,2397378,0.100556,-0.021548,-9.461885,-0.014655,0.017320,-0.018652
1706616148,2397405,0.124498,-0.004788,-9.591172,-0.011458,0.015721,-0.023182
1706616148,2397431,0.067038,-0.021548,-9.552865,-0.011991,0.018386,-0.022116
1706616148,2397457,0.081403,-0.033519,-9.595961,-0.013057,0.020251,-0.020251
1706616148,2397483,0.129287,-0.002394,-9.545682,-0.016254,0.014389,-0.021051
1706616148,2397509,0.088585,-0.028730,-9.533711,-0.011191,0.015188,-0.022649
1706616148,2397546,0.105345,-0.045490,-9.504981,-0.012257,0.015455,-0.022649
1706616148,2397572,0.083797,-0.014365,-9.586384,-0.013323,0.017853,-0.021850
1706616148,2397598,0.095768,0.021548,-9.536105,-0.013323,0.016787,-0.021317
1706616148,2397624,0.136469,-0.002394,-9.562442,-0.014655,0.018119,-0.017587
1706616148,2397650,0.079009,0.035913,-9.526528,-0.014123,0.016521,-0.022649
1706616148,2397676,0.090980,-0.014365,-9.497798,-0.014655,0.018386,-0.019985
1706616148,2397702,0.138864,0.004788,-9.504981,-0.016787,0.018119,-0.021051
1706616148,2397730,0.040701,0.016759,-9.512163,-0.016254,0.019985,-0.018919
1706616148,2397756,0.069432,-0.035913,-9.507375,-0.015188,0.016521,-0.022383
1706616149,2397782,0.083797,-0.002394,-9.500193,-0.014922,0.014123,-0.020784
1706616149,2397808,0.081403,-0.009577,-9.622296,-0.014655,0.019985,-0.020784
1706616149,2397834,0.088585,-0.079009,-9.567230,-0.011458,0.015988,-0.021583
1706616149,2397860,0.095768,-0.035913,-9.481039,-0.011991,0.018652,-0.022649
1706616149,2397885,0.038307,-0.014365,-9.497798,-0.014123,0.013590,-0.023182
1706616149,2397914,0.102951,0.000000,-9.495404,-0.013590,0.015721,-0.020251
1706616149,2397940,0.129287,-0.007183,-9.531317,-0.012524,0.018386,-0.017587
1706616149,2397966,0.081403,-0.007183,-9.574412,-0.012524,0.015188,-0.019185
1706616149,2397992,0.126893,0.040701,-9.509769,-0.011724,0.017054,-0.019452
1706616149,2398017,0.086191,0.026336,-9.531317,-0.015455,0.019452,-0.021051
1706616149,2398043,0.158017,-0.038307,-9.504981,-0.014922,0.017853,-0.020784
1706616149,2398069,0.165200,0.009577,-9.528923,-0.011991,0.019452,-0.021583
1706616149,2398094,0.110133,-0.031125,-9.466674,-0.013323,0.019985,-0.020251
1706616149,2398120,0.102951,-0.019154,-9.581595,-0.017054,0.017320,-0.018919
1706616149,2398146,0.112527,-0.009577,-9.452309,-0.013856,0.017320,-0.020518
1706616149,2398172,0.083797,0.026336,-9.552865,-0.014389,0.015988,-0.020251
1706616149,2398198,0.102951,-0.026336,-9.560047,-0.014655,0.019985,-0.021583
1706616149,2398224,0.031125,-0.028730,-9.598354,-0.014922,0.017054,-0.020251
1706616149,2398252,0.095768,-0.067038,-9.610326,-0.015455,0.016787,-0.019718
1706616149,2398278,0.069432,0.035913,-9.437943,-0.013856,0.017054,-0.021051
1706616149,2398304,0.007183,0.023942,-9.538500,-0.017320,0.021051,-0.022649
1706616149,2398330,0.086191,0.023942,-9.485827,-0.015455,0.017853,-0.021051
1706616149,2398356,0.098162,-0.038307,-9.442732,-0.013057,0.020251,-0.021850
1706616149,2398382,0.122104,-0.026336,-9.447520,-0.015455,0.019985,-0.020251
1706616149,2398408,0.100556,-0.011971,-9.488221,-0.012524,0.015988,-0.020784
1706616149,2398436,0.110133,0.059855,-9.524135,-0.013057,0.018386,-0.018386
1706616149,2398462,0.131681,-0.002394,-9.521740,-0.014655,0.015988,-0.020251
1706616149,2398488,0.100556,-0.002394,-9.473856,-0.014655,0.015988,-0.024781
1706616149,2398514,0.150835,0.040701,-9.560047,-0.013856,0.017587,-0.022383
1706616149,2398540,0.059855,-0.045490,-9.543288,-0.013856,0.015988,-0.025047
1706616149,2398566,0.110133,0.004788,-9.562442,-0.013590,0.015988,-0.019718
1706616149,2398592,0.076614,0.016759,-9.459491,-0.012524,0.018919,-0.024515
1706616149,2398620,0.126893,-0.062249,-9.612720,-0.015721,0.018119,-0.022649
1706616149,2398646,0.074220,-0.009577,-9.612720,-0.012257,0.014655,-0.020784
1706616149,2398672,0.093374,-0.052672,-9.533711,-0.015721,0.019985,-0.022649
1706616149,2398698,0.069432,-0.019154,-9.495404,-0.015188,0.014389,-0.021317
1706616149,2398724,0.105345,0.011971,-9.466674,-0.015988,0.017320,-0.020784
1706616149,2398749,0.071826,-0.023942,-9.545682,-0.012524,0.017587,-0.021317
1706616150,2398778,0.067038,-0.014365,-9.488221,-0.014655,0.019185,-0.023182
1706616150,2398804,0.081403,-0.035913,-9.507375,-0.014123,0.017320,-0.022916
1706616150,2398829,0.114922,0.023942,-9.507375,-0.014655,0.016254,-0.019185
1706616150,2398855,0.131681,-0.040701,-9.533711,-0.015455,0.016787,-0.019985
1706616150,2398881,0.105345,0.019154,-9.469068,-0.015988,0.017853,-0.022916
1706616150,2398907,0.071826,-0.033519,-9.476251,-0.013323,0.019185,-0.023982
1706616150,2398933,0.141258,-0.062249,-9.390059,-0.013057,0.015721,-0.021051
1706616150,2398961,0.090980,-0.002394,-9.617508,-0.012257,0.018652,-0.022383
1706616150,2398987,0.069432,0.023942,-9.574412,-0.014389,0.018119,-0.022116
1706616150,2399013,0.129287,-0.009577,-9.576807,-0.011458,0.016787,-0.021583
1706616150,2399040,0.112527,-0.069432,-9.485827,-0.014123,0.014389,-0.021583
1706616150,2399066,0.131681,-0.031125,-9.502586,-0.011458,0.021051,-0.018652
1706616150,2399092,0.158017,0.007183,-9.466674,-0.014922,0.018119,-0.021051
1706616150,2399118,0.083797,0.021548,-9.552865,-0.012257,0.021583,-0.022383
1706616150,2399147,0.090980,-0.009577,-9.504981,-0.014922,0.019985,-0.023449
1706616150,2399173,0.057461,0.009577,-9.538500,-0.014655,0.018386,-0.021850
1706616150,2399199,0.081403,0.004788,-9.552865,-0.013590,0.017587,-0.018919
1706616150,2399225,0.143652,-0.064643,-9.555259,-0.013856,0.016787,-0.020251
1706616150,2399252,0.119710,-0.004788,-9.536105,-0.012790,0.022383,-0.018652
1706616150,2399278,0.079009,-0.021548,-9.569624,-0.015188,0.017587,-0.019718
1706616150,2399307,0.196325,-0.045490,-9.536105,-0.013057,0.019452,-0.020784
1706616150,2399333,0.095768,0.035913,-9.576807,-0.013323,0.015988,-0.020518
1706616150,2399359,0.100556,-0.019154,-9.478644,-0.013590,0.016787,-0.020518
1706616150,2399385,0.090980,0.004788,-9.490616,-0.013590,0.015455,-0.021317
1706616150,2399411,0.129287,-0.004788,-9.550470,-0.014922,0.016787,-0.021850
1706616150,2399438,0.038307,0.062249,-9.524135,-0.013856,0.018119,-0.022649
1706616150,2399464,0.148441,-0.033519,-9.555259,-0.015455,0.018652,-0.021317
1706616150,2399493,0.126893,-0.067038,-9.519346,-0.013323,0.015455,-0.020518
1706616150,2399519,0.146046,-0.019154,-9.466674,-0.012257,0.018386,-0.019185
1706616150,2399545,0.064643,-0.014365,-9.485827,-0.014655,0.015455,-0.017853
1706616150,2399571,0.155623,-0.014365,-9.502586,-0.012257,0.015455,-0.022649
1706616150,2399597,0.114922,0.028730,-9.504981,-0.012257,0.018652,-0.019985
1706616150,2399624,0.067038,0.040701,-9.526528,-0.013590,0.015988,-0.022916
1706616150,2399650,0.136469,-0.038307,-9.488221,-0.013590,0.016787,-0.022116
1706616150,2399679,0.105345,0.000000,-9.516952,-0.014922,0.018652,-0.023449
1706616150,2399705,0.079009,0.028730,-9.622296,-0.014655,0.016787,-0.022383
1706616150,2399731,0.150835,0.002394,-9.454702,-0.011991,0.018652,-0.022116
1706616150,2399757,0.093374,0.023942,-9.540894,-0.014123,0.018119,-0.021051
1706616151,2399783,0.086191,0.002394,-9.562442,-0.013856,0.018119,-0.022649
1706616151,2399810,0.124498,0.000000,-9.500193,-0.014123,0.018386,-0.021850
1706616151,2399838,0.107739,0.014365,-9.493010,-0.011991,0.016254,-0.019985
1706616151,2399865,0.090980,-0.086191,-9.528923,-0.014389,0.021051,-0.020784
1706616151,2399891,0.155623,-0.055067,-9.466674,-0.009859,0.015988,-0.022916
1706616151,2399917,0.158017,-0.021548,-9.519346,-0.009326,0.017853,-0.019985
1706616151,2399943,0.143652,0.004788,-9.583989,-0.014389,0.017587,-0.018652
1706616151,2399969,0.138864,-0.016759,-9.495404,-0.015188,0.017054,-0.019985
1706616151,2399996,0.112527,0.009577,-9.524135,-0.014655,0.019452,-0.020518
1706616151,2400024,0.081403,-0.038307,-9.488221,-0.018652,0.016787,-0.020251
1706616151,2400051,0.071826,0.007183,-9.507375,-0.013590,0.014123,-0.019452
1706616151,2400077,0.143652,-0.014365,-9.548077,-0.014389,0.021583,-0.021317
1706616151,2400103,0.107739,0.014365,-9.612720,-0.013057,0.018919,-0.024781
1706616151,2400129,0.105345,-0.031125,-9.490616,-0.015455,0.019185,-0.022383
1706616151,2400155,0.148441,-0.004788,-9.516952,-0.015721,0.021583,-0.022383
1706616151,2400182,0.155623,-0.069432,-9.543288,-0.016521,0.017320,-0.020784
1706616151,2400210,0.062249,-0.004788,-9.449914,-0.013323,0.016521,-0.018919
1706616151,2400237,0.095768,-0.014365,-9.469068,-0.012524,0.017587,-0.019985
1706616151,2400263,0.122104,-0.045490,-9.548077,-0.011991,0.018919,-0.019985
1706616151,2400289,0.148441,-0.043096,-9.478644,-0.016521,0.019185,-0.022383
1706616151,2400315,0.069432,-0.038307,-9.531317,-0.012257,0.016254,-0.022116
1706616151,2400341,0.102951,-0.002394,-9.548077,-0.012790,0.020784,-0.019185
1706616151,2400377,0.110133,0.023942,-9.507375,-0.015188,0.015721,-0.018919
1706616151,2400404,0.045490,-0.031125,-9.526528,-0.014922,0.018652,-0.023982
1706616151,2400430,0.105345,0.016759,-9.552865,-0.015188,0.016787,-0.021051
1706616151,2400456,0.119710,-0.052672,-9.490616,-0.013856,0.017320,-0.022916
1706616151,2400482,0.081403,-0.059855,-9.440337,-0.015455,0.013590,-0.019718
1706616151,2400508,0.102951,-0.026336,-9.464279,-0.016254,0.017853,-0.021317
1706616151,2400534,0.040701,-0.031125,-9.476251,-0.014389,0.018652,-0.022383
1706616151,2400562,0.134075,-0.011971,-9.507375,-0.015455,0.017054,-0.020784
1706616151,2400588,0.095768,0.000000,-9.536105,-0.015721,0.017587,-0.019985
1706616151,2400614,0.071826,0.007183,-9.588778,-0.011991,0.019452,-0.023449
1706616151,2400640,0.134075,-0.019154,-9.572019,-0.016521,0.018119,-0.023715
1706616151,2400666,0.150835,-0.047884,-9.548077,-0.017320,0.017320,-0.022116
1706616151,2400692,0.088585,-0.016759,-9.607931,-0.014123,0.017587,-0.022116
1706616151,2400718,0.062249,0.002394,-9.504981,-0.011458,0.019185,-0.018919
1706616151,2400746,0.110133,0.011971,-9.543288,-0.014655,0.014389,-0.022116
1706616151,2400772,0.090980,0.014365,-9.476251,-0.013057,0.019185,-0.021850
1706616152,2400798,0.083797,-0.067038,-9.600749,-0.012257,0.018386,-0.021051
1706616152,2400824,0.081403,-0.014365,-9.495404,-0.015721,0.019452,-0.021850
1706616152,2400850,0.100556,0.009577,-9.533711,-0.013057,0.015188,-0.021850
1706616152,2400876,0.114922,-0.014365,-9.473856,-0.014389,0.015721,-0.018119
1706616152,2400904,0.095768,0.014365,-9.512163,-0.012790,0.014123,-0.021317
1706616152,2400930,0.105345,0.023942,-9.516952,-0.013590,0.019718,-0.020251
1706616152,2400956,0.119710,-0.021548,-9.550470,-0.014123,0.018119,-0.021850
1706616152,2400982,0.105345,-0.031125,-9.524135,-0.014389,0.016254,-0.021051
1706616152,2401008,0.028730,-0.023942,-9.572019,-0.014123,0.021317,-0.019718
1706616152,2401034,0.102951,-0.011971,-9.552865,-0.013323,0.016787,-0.022916
1706616152,2401060,0.122104,-0.043096,-9.481039,-0.014389,0.021317,-0.021850
1706616152,2401088,0.098162,0.023942,-9.504981,-0.014922,0.018386,-0.020518
1706616152,2401114,0.071826,0.004788,-9.509769,-0.014655,0.023182,-0.021583
1706616152,2401140,0.105345,0.000000,-9.536105,-0.012524,0.014389,-0.020784
1706616152,2401166,0.081403,-0.093374,-9.524135,-0.014389,0.018652,-0.019985
1706616152,2401203,0.119710,0.004788,-9.545682,-0.014389,0.016787,-0.022116
1706616152,2401229,0.057461,-0.026336,-9.411607,-0.013590,0.019452,-0.020251
1706616152,2401255,0.114922,-0.043096,-9.579201,-0.014922,0.016254,-0.020518
1706616152,2401283,0.129287,0.016759,-9.521740,-0.013323,0.018919,-0.022916
1706616152,2401309,0.117316,-0.009577,-9.536105,-0.015988,0.018119,-0.021051
1706616152,2401335,0.081403,-0.019154,-9.562442,-0.015455,0.022383,-0.021583
1706616152,2401360,0.105345,-0.033519,-9.497798,-0.012790,0.017054,-0.021051
1706616152,2401386,0.158017,0.000000,-9.562442,-0.012257,0.018386,-0.021317
1706616152,2401412,0.162806,0.023942,-9.528923,-0.014655,0.016787,-0.020251
1706616152,2401441,0.079009,-0.038307,-9.507375,-0.014922,0.016787,-0.023715
1706616152,2401467,0.160412,0.007183,-9.531317,-0.012257,0.018119,-0.021583
1706616152,2401493,0.146046,-0.019154,-9.538500,-0.014123,0.017320,-0.025314
1706616152,2401518,0.074220,-0.028730,-9.524135,-0.015188,0.016521,-0.020784
1706616152,2401544,0.114922,-0.026336,-9.476251,-0.015455,0.018652,-0.023449
1706616152,2401570,0.047884,-0.033519,-9.459491,-0.015455,0.017320,-0.019185
1706616152,2401596,0.050278,-0.071826,-9.543288,-0.013323,0.020784,-0.022916
1706616152,2401624,0.134075,0.002394,-9.579201,-0.010126,0.018919,-0.019985
1706616152,2401650,0.095768,-0.002394,-9.473856,-0.015721,0.017320,-0.021317
1706616152,2401676,0.014365,-0.009577,-9.440337,-0.014123,0.018652,-0.021583
1706616152,2401702,0.107739,0.007183,-9.550470,-0.016521,0.022116,-0.021051
1706616152,2401728,0.136469,-0.002394,-9.521740,-0.015988,0.020784,-0.019985
1706616152,2401754,0.138864,-0.009577,-9.488221,-0.010925,0.019185,-0.021583
1706616153,2401780,0.043096,-0.023942,-9.478644,-0.013057,0.018386,-0.018652
1706616153,2401808,0.124498,-0.009577,-9.512163,-0.012257,0.015188,-0.020251
1706616153,2401834,0.071826,-0.019154,-9.473856,-0.011191,0.017853,-0.023715
1706616153,2401860,0.083797,0.040701,-9.435549,-0.013057,0.018919,-0.020251
1706616153,2401886,0.126893,-0.040701,-9.493010,-0.015455,0.018652,-0.020784
1706616153,2401913,0.150835,-0.035913,-9.490616,-0.013323,0.017320,-0.021583
1706616153,2401939,0.059855,-0.069432,-9.538500,-0.013590,0.016521,-0.020518
1706616153,2401967,0.064643,0.002394,-9.579201,-0.013057,0.015988,-0.022116
1706616153,2401994,0.114922,-0.023942,-9.538500,-0.013590,0.021317,-0.019452
1706616153,2402020,0.138864,-0.028730,-9.552865,-0.014655,0.016787,-0.019985
1706616153,2402046,0.134075,-0.007183,-9.490616,-0.013323,0.017054,-0.021583
1706616153,2402072,0.095768,-0.038307,-9.593566,-0.014922,0.021583,-0.019985
1706616153,2402099,0.095768,-0.007183,-9.500193,-0.013856,0.015455,-0.022116
1706616153,2402125,0.129287,-0.021548,-9.485827,-0.013057,0.019185,-0.022116
1706616153,2402153,0.074220,-0.009577,-9.493010,-0.016787,0.016254,-0.021850
1706616153,2402180,0.124498,-0.095768,-9.478644,-0.013856,0.013590,-0.022649
1706616153,2402206,0.119710,-0.026336,-9.528923,-0.013057,0.017320,-0.020518
1706616153,2402232,0.079009,0.002394,-9.507375,-0.014123,0.015721,-0.021583
1706616153,2402259,0.090980,-0.023942,-9.514558,-0.013323,0.018386,-0.020784
1706616153,2402285,0.076614,0.023942,-9.586384,-0.015721,0.014123,-0.021051
1706616153,2402311,0.122104,0.009577,-9.490616,-0.012524,0.016254,-0.019452
1706616153,2402340,0.074220,-0.011971,-9.509769,-0.011991,0.019452,-0.021583
1706616153,2402366,0.143652,0.023942,-9.459491,-0.012790,0.016254,-0.023449
1706616153,2402392,0.102951,-0.033519,-9.555259,-0.011991,0.017054,-0.020518
1706616153,2402418,0.057461,-0.019154,-9.526528,-0.012257,0.019985,-0.022383
1706616153,2402445,0.114922,0.021548,-9.605537,-0.013057,0.015988,-0.021317
1706616153,2402471,0.122104,0.009577,-9.497798,-0.013590,0.017054,-0.020518
1706616153,2402497,0.033519,-0.110133,-9.531317,-0.017054,0.017054,-0.020518
1706616153,2402526,0.100556,-0.050278,-9.548077,-0.012524,0.020784,-0.018386
1706616153,2402552,0.093374,-0.009577,-9.478644,-0.013057,0.016521,-0.019718
1706616153,2402578,0.093374,-0.002394,-9.428367,-0.011724,0.018386,-0.022116
1706616153,2402604,0.126893,-0.011971,-9.437943,-0.011991,0.022383,-0.021850
1706616153,2402631,0.074220,-0.009577,-9.572019,-0.013856,0.019985,-0.019985
1706616153,2402657,0.067038,-0.095768,-9.545682,-0.012257,0.015988,-0.022116
1706616153,2402686,0.126893,0.000000,-9.605537,-0.011991,0.018919,-0.021583
1706616153,2402712,0.076614,-0.011971,-9.519346,-0.013057,0.017054,-0.022916
1706616153,2402738,0.110133,-0.035913,-9.533711,-0.014123,0.018386,-0.021850
1706616153,2402764,0.095768,-0.019154,-9.526528,-0.014922,0.019718,-0.022383
1706616154,2402790,0.129287,-0.019154,-9.574412,-0.014123,0.018386,-0.021317
1706616154,2402817,0.076614,-0.055067,-9.514558,-0.015188,0.017054,-0.020784
1706616154,2402843,0.117316,0.023942,-9.555259,-0.014389,0.014655,-0.021583
1706616154,2402872,0.126893,-0.052672,-9.483433,-0.014922,0.015988,-0.021583
1706616154,2402898,0.129287,0.031125,-9.512163,-0.013856,0.018119,-0.021051
1706616154,2402924,0.110133,-0.031125,-9.550470,-0.015188,0.018386,-0.021583
1706616154,2402950,0.126893,0.016759,-9.543288,-0.014389,0.016254,-0.020518
1706616154,2402976,0.105345,0.016759,-9.526528,-0.015188,0.019452,-0.021850
1706616154,2403003,0.148441,0.033519,-9.555259,-0.014389,0.014655,-0.021317
1706616154,2403029,0.100556,-0.038307,-9.576807,-0.012524,0.020251,-0.022649
1706616154,2403058,0.040701,-0.043096,-9.449914,-0.013856,0.019452,-0.022916
1706616154,2403084,0.134075,-0.040701,-9.485827,-0.014655,0.015988,-0.022116
1706616154,2403110,0.095768,0.000000,-9.548077,-0.017587,0.017587,-0.022116
1706616154,2403136,0.131681,-0.038307,-9.440337,-0.014922,0.018652,-0.019985
1706616154,2403162,0.134075,-0.079009,-9.512163,-0.013856,0.015188,-0.020518
1706616154,2403188,0.134075,-0.026336,-9.469068,-0.014123,0.021583,-0.022649
1706616154,2403225,0.102951,-0.038307,-9.560047,-0.017320,0.016787,-0.022649
1706616154,2403251,0.136469,0.014365,-9.550470,-0.014389,0.018386,-0.020518
1706616154,2403277,0.131681,-0.067038,-9.464279,-0.014655,0.017320,-0.019985
1706616154,2403303,0.100556,-0.033519,-9.595961,-0.013057,0.017054,-0.020518
1706616154,2403329,0.095768,-0.002394,-9.507375,-0.014123,0.014123,-0.021317
1706616154,2403355,0.134075,-0.007183,-9.483433,-0.012524,0.022383,-0.021317
1706616154,2403381,0.090980,0.057461,-9.526528,-0.014655,0.019985,-0.021850
1706616154,2403409,0.131681,0.002394,-9.500193,-0.015455,0.017853,-0.020784
1706616154,2403435,0.043096,-0.083797,-9.569624,-0.014655,0.016521,-0.023449
1706616154,2403461,0.059855,-0.014365,-9.471462,-0.012790,0.017320,-0.022116
1706616154,2403487,0.110133,0.028730,-9.533711,-0.014389,0.013590,-0.019985
1706616154,2403513,0.088585,0.021548,-9.557653,-0.013323,0.019185,-0.022383
1706616154,2403539,0.110133,-0.023942,-9.521740,-0.014922,0.015988,-0.019452
1706616154,2403565,0.105345,0.035913,-9.583989,-0.015988,0.018386,-0.021850
1706616154,2403593,0.090980,0.002394,-9.428367,-0.017054,0.017320,-0.017853
1706616154,2403619,0.071826,-0.062249,-9.600749,-0.015988,0.018652,-0.021583
1706616154,2403645,0.083797,-0.002394,-9.595961,-0.014655,0.015188,-0.023182
1706616154,2403671,0.090980,0.004788,-9.610326,-0.015455,0.017853,-0.020518
1706616154,2403697,0.069432,0.064643,-9.552865,-0.014389,0.018919,-0.019452
1706616154,2403723,0.105345,0.016759,-9.457097,-0.011991,0.017320,-0.019185
1706616154,2403751,0.117316,-0.011971,-9.557653,-0.012790,0.015455,-0.019985
1706616155,2403777,0.119710,-0.035913,-9.481039,-0.014123,0.019185,-0.021051
1706616155,2403803,0.095768,0.002394,-9.540894,-0.015988,0.016787,-0.021317
1706616155,2403829,0.102951,-0.007183,-9.631873,-0.012790,0.018386,-0.022916
1706616155,2403855,0.102951,-0.040701,-9.548077,-0.015455,0.018119,-0.021051
1706616155,2403881,0.095768,-0.059855,-9.509769,-0.013856,0.017587,-0.021317
1706616155,2403907,0.083797,-0.047884,-9.485827,-0.013590,0.020784,-0.022383
1706616155,2403935,0.134075,-0.009577,-9.557653,-0.013323,0.017320,-0.019718
1706616155,2403961,0.090980,-0.067038,-9.557653,-0.012790,0.018919,-0.021317
1706616155,2403987,0.079009,-0.007183,-9.466674,-0.012524,0.017320,-0.021317
1706616155,2404013,0.057461,-0.086191,-9.528923,-0.013590,0.015455,-0.018119
1706616155,2404038,0.102951,0.019154,-9.536105,-0.011991,0.015455,-0.023182
1706616155,2404064,0.090980,0.023942,-9.502586,-0.015188,0.016521,-0.023715
1706616155,2404090,0.098162,-0.002394,-9.454702,-0.014655,0.020251,-0.021317
1706616155,2404119,0.112527,0.009577,-9.555259,-0.015455,0.018652,-0.023982
1706616155,2404145,0.064643,-0.035913,-9.536105,-0.015188,0.016254,-0.021850
1706616155,2404170,0.129287,0.016759,-9.469068,-0.015988,0.016254,-0.022383
1706616155,2404196,0.069432,0.009577,-9.536105,-0.013590,0.018119,-0.020251
1706616155,2404222,0.136469,-0.021548,-9.425972,-0.013856,0.017054,-0.023715
1706616155,2404248,0.071826,0.016759,-9.562442,-0.013323,0.018386,-0.022383
1706616155,2404277,0.134075,-0.016759,-9.490616,-0.013323,0.016521,-0.022916
1706616155,2404303,0.136469,-0.035913,-9.526528,-0.017054,0.016787,-0.020518
1706616155,2404329,0.162806,0.014365,-9.603143,-0.015721,0.017054,-0.018119
1706616155,2404355,0.100556,0.011971,-9.631873,-0.015188,0.016787,-0.018652
1706616155,2404380,0.095768,-0.004788,-9.514558,-0.016254,0.017853,-0.023182
1706616155,2404407,0.131681,-0.014365,-9.504981,-0.013057,0.018919,-0.021850
1706616155,2404433,0.105345,-0.026336,-9.519346,-0.013856,0.015988,-0.018919
1706616155,2404461,0.047884,-0.047884,-9.490616,-0.014389,0.014922,-0.019718
1706616155,2404487,0.117316,-0.028730,-9.485827,-0.012790,0.017320,-0.021850
1706616155,2404512,0.057461,0.007183,-9.471462,-0.015455,0.019185,-0.021317
1706616155,2404538,0.138864,0.002394,-9.540894,-0.014922,0.015988,-0.024248
1706616155,2404564,0.090980,0.023942,-9.442732,-0.013590,0.016787,-0.022383
1706616155,2404590,0.114922,-0.038307,-9.485827,-0.013323,0.019452,-0.019452
1706616155,2404616,0.071826,-0.009577,-9.526528,-0.012257,0.016521,-0.022916
1706616155,2404644,0.162806,0.004788,-9.500193,-0.010658,0.016521,-0.020251
1706616155,2404670,0.105345,0.007183,-9.430760,-0.015455,0.016254,-0.021583
1706616155,2404697,0.095768,-0.011971,-9.490616,-0.016787,0.020518,-0.019452
1706616155,2404723,0.074220,-0.052672,-9.538500,-0.012257,0.016521,-0.022383
1706616155,2404749,0.122104,-0.045490,-9.449914,-0.015988,0.015455,-0.017054
1706616155,2404775,0.076614,-0.016759,-9.512163,-0.012257,0.017853,-0.021583
1706616156,2404804,0.107739,-0.028730,-9.473856,-0.012257,0.016787,-0.021850
1706616156,2404830,0.117316,-0.021548,-9.555259,-0.011724,0.016787,-0.023449
1706616156,2404856,0.136469,-0.002394,-9.531317,-0.015988,0.017587,-0.022649
1706616156,2404882,0.126893,-0.021548,-9.483433,-0.014655,0.016521,-0.019452
1706616156,2404909,0.095768,0.074220,-9.457097,-0.014389,0.018652,-0.021317
1706616156,2404935,0.067038,-0.002394,-9.493010,-0.014655,0.017853,-0.023982
1706616156,2404961,0.160412,-0.033519,-9.519346,-0.014123,0.015455,-0.019985
1706616156,2404990,0.062249,-0.031125,-9.560047,-0.017320,0.018919,-0.022649
1706616156,2405016,0.079009,-0.050278,-9.603143,-0.013057,0.015188,-0.020784
1706616156,2405042,0.136469,-0.102951,-9.610326,-0.012790,0.019185,-0.021051
1706616156,2405069,0.098162,-0.011971,-9.536105,-0.014655,0.015188,-0.017853
1706616156,2405095,0.102951,-0.007183,-9.524135,-0.015455,0.017853,-0.019452
1706616156,2405121,0.114922,-0.011971,-9.617508,-0.016787,0.019718,-0.022649
1706616156,2405147,0.143652,0.031125,-9.500193,-0.016254,0.019718,-0.021051
1706616156,2405176,0.126893,0.021548,-9.605537,-0.012790,0.017853,-0.021850
1706616156,2405202,0.105345,-0.011971,-9.490616,-0.014922,0.017320,-0.021583
1706616156,2405229,0.095768,0.047884,-9.459491,-0.013323,0.015988,-0.023182
1706616156,2405255,0.107739,-0.011971,-9.493010,-0.014389,0.018652,-0.019985
1706616156,2405281,0.067038,-0.043096,-9.481039,-0.014655,0.018652,-0.020251
1706616156,2405307,0.050278,-0.004788,-9.552865,-0.014922,0.019985,-0.019718
1706616156,2405336,0.043096,-0.043096,-9.519346,-0.013590,0.011458,-0.019985
1706616156,2405362,0.107739,-0.011971,-9.560047,-0.009593,0.020251,-0.020784
1706616156,2405389,0.162806,-0.009577,-9.485827,-0.013856,0.018386,-0.020251
1706616156,2405415,0.112527,0.014365,-9.421184,-0.012524,0.018919,-0.023715
1706616156,2405441,0.076614,-0.019154,-9.447520,-0.014389,0.018119,-0.020784
1706616156,2405467,0.112527,-0.043096,-9.519346,-0.014922,0.014389,-0.021051
1706616156,2405494,0.090980,-0.057461,-9.552865,-0.012790,0.019452,-0.022383
1706616156,2405522,0.107739,0.002394,-9.478644,-0.012524,0.014922,-0.020784
1706616156,2405549,0.059855,0.059855,-9.521740,-0.010392,0.019985,-0.020518
1706616156,2405575,0.095768,-0.031125,-9.507375,-0.014123,0.017587,-0.020251
1706616156,2405601,0.057461,0.009577,-9.497798,-0.013057,0.015455,-0.022116
1706616156,2405627,0.100556,-0.016759,-9.543288,-0.012524,0.017587,-0.018119
1706616156,2405654,0.117316,-0.050278,-9.495404,-0.013057,0.017320,-0.017853
1706616156,2405680,0.098162,-0.014365,-9.514558,-0.013323,0.020251,-0.024515
1706616156,2405709,0.129287,-0.093374,-9.483433,-0.014123,0.021051,-0.020518
1706616156,2405735,0.100556,-0.023942,-9.502586,-0.012524,0.017320,-0.021583
1706616156,2405761,0.153229,0.014365,-9.531317,-0.014922,0.017853,-0.021850
1706616157,2405787,0.102951,0.021548,-9.667787,-0.012790,0.017587,-0.020251
1706616157,2405814,0.105345,-0.040701,-9.562442,-0.013856,0.018919,-0.024515
1706616157,2405840,0.136469,-0.016759,-9.552865,-0.012524,0.016787,-0.020784
1706616157,2405868,0.148441,-0.019154,-9.435549,-0.018119,0.016521,-0.020251
1706616157,2405895,0.071826,-0.016759,-9.531317,-0.013323,0.017587,-0.022383
1706616157,2405921,0.119710,-0.011971,-9.538500,-0.011724,0.015188,-0.024248
1706616157,2405947,0.102951,-0.009577,-9.557653,-0.014123,0.019985,-0.021583
1706616157,2405973,0.114922,-0.031125,-9.528923,-0.013856,0.022116,-0.022649
1706616157,2405999,0.067038,0.000000,-9.466674,-0.013856,0.016787,-0.021051
1706616157,2406025,0.131681,-0.031125,-9.536105,-0.014655,0.018119,-0.021051
1706616157,2406062,0.052672,-0.040701,-9.490616,-0.012524,0.016787,-0.021850
1706616157,2406088,0.138864,-0.031125,-9.478644,-0.015988,0.019452,-0.022116
1706616157,2406114,0.119710,-0.040701,-9.466674,-0.014922,0.021850,-0.022649
1706616157,2406140,0.100556,-0.055067,-9.457097,-0.014389,0.021317,-0.022116
1706616157,2406166,0.153229,-0.045490,-9.495404,-0.011724,0.013323,-0.023982
1706616157,2406192,0.126893,-0.067038,-9.495404,-0.014389,0.014123,-0.024781
1706616157,2406218,0.079009,-0.047884,-9.528923,-0.015721,0.019185,-0.019985
1706616157,2406246,0.129287,0.016759,-9.521740,-0.014389,0.017054,-0.020251
1706616157,2406272,0.153229,-0.064643,-9.533711,-0.011991,0.017054,-0.022383
1706616157,2406298,0.086191,-0.016759,-9.514558,-0.012790,0.015988,-0.020518
1706616157,2406324,0.124498,-0.100556,-9.545682,-0.013057,0.015721,-0.019985
1706616157,2406350,0.079009,-0.004788,-9.459491,-0.013057,0.018386,-0.022383
1706616157,2406376,0.126893,-0.074220,-9.483433,-0.015455,0.018119,-0.020518
1706616157,2406404,0.117316,-0.023942,-9.516952,-0.011991,0.012790,-0.022916
1706616157,2406430,0.081403,-0.040701,-9.521740,-0.016521,0.019185,-0.022383
1706616157,2406456,0.129287,-0.031125,-9.538500,-0.014922,0.021317,-0.021317
1706616157,2406482,0.071826,-0.031125,-9.528923,-0.015988,0.017320,-0.020518
1706616157,2406508,0.098162,-0.002394,-9.495404,-0.013057,0.015988,-0.021051
1706616157,2406534,0.122104,-0.064643,-9.497798,-0.014655,0.019985,-0.021850
1706616157,2406560,0.055067,0.000000,-9.576807,-0.013856,0.019185,-0.022649
1706616157,2406588,0.122104,0.031125,-9.437943,-0.016787,0.017587,-0.019985
1706616157,2406614,0.146046,0.031125,-9.533711,-0.012524,0.018119,-0.021051
1706616157,2406640,0.119710,-0.002394,-9.430760,-0.015721,0.018652,-0.019185
1706616157,2406666,0.119710,-0.052672,-9.481039,-0.014123,0.019452,-0.021850
1706616157,2406692,0.079009,-0.052672,-9.560047,-0.014123,0.013856,-0.022916
1706616157,2406718,0.100556,0.004788,-9.514558,-0.015988,0.017054,-0.018386
1706616157,2406744,0.131681,0.007183,-9.449914,-0.013057,0.016521,-0.022383
1706616157,2406772,0.105345,0.002394,-9.526528,-0.011458,0.019452,-0.021051
1706616158,2406798,0.026336,-0.055067,-9.483433,-0.013856,0.015988,-0.019452
1706616158,2406824,0.153229,-0.021548,-9.526528,-0.011191,0.017054,-0.022116
1706616158,2406850,0.138864,0.028730,-9.519346,-0.014389,0.018386,-0.022116
1706616158,2406876,0.088585,-0.019154,-9.552865,-0.014123,0.020251,-0.018119
1706616158,2406902,0.095768,-0.019154,-9.548077,-0.015455,0.018386,-0.022116
1706616158,2406930,0.071826,0.023942,-9.473856,-0.014655,0.018919,-0.022383
1706616158,2406956,0.117316,-0.071826,-9.406818,-0.014123,0.014123,-0.019452
1706616158,2406982,0.098162,0.016759,-9.521740,-0.014389,0.016521,-0.022116
1706616158,2407008,0.124498,0.011971,-9.567230,-0.011991,0.016254,-0.020251
1706616158,2407034,0.110133,0.004788,-9.447520,-0.016787,0.018919,-0.022649
1706616158,2407060,0.143652,-0.028730,-9.557653,-0.013856,0.021317,-0.022649
1706616158,2407086,0.090980,0.090980,-9.603143,-0.014123,0.017853,-0.020784
1706616158,2407114,0.057461,0.004788,-9.548077,-0.015988,0.017853,-0.021850
1706616158,2407140,0.114922,-0.081403,-9.478644,-0.014922,0.016254,-0.021583
1706616158,2407166,0.136469,-0.011971,-9.464279,-0.015721,0.015188,-0.021051
1706616158,2407192,0.088585,-0.038307,-9.550470,-0.010658,0.014655,-0.022649
1706616158,2407218,0.043096,0.002394,-9.540894,-0.012524,0.017587,-0.020518
1706616158,2407244,0.100556,-0.026336,-9.538500,-0.013057,0.017587,-0.021051
1706616158,2407269,0.088585,-0.045490,-9.528923,-0.014389,0.018919,-0.020784
1706616158,2407298,0.114922,-0.016759,-9.509769,-0.015188,0.018119,-0.025580
1706616158,2407324,0.143652,-0.021548,-9.459491,-0.014655,0.017320,-0.019718
1706616158,2407349,0.090980,-0.009577,-9.593566,-0.015455,0.014655,-0.016254
1706616158,2407375,0.059855,-0.052672,-9.485827,-0.013856,0.015721,-0.020518
1706616158,2407401,0.102951,-0.028730,-9.583989,-0.014123,0.019985,-0.022116
1706616158,2407427,0.095768,-0.074220,-9.445126,-0.014389,0.017054,-0.020251
1706616158,2407455,0.095768,-0.045490,-9.512163,-0.013590,0.014389,-0.024248
1706616158,2407482,0.122104,-0.021548,-9.473856,-0.014655,0.021051,-0.020518
1706616158,2407508,0.158017,-0.026336,-9.488221,-0.015988,0.016521,-0.020784
1706616158,2407534,0.064643,-0.033519,-9.493010,-0.014655,0.019185,-0.021850
1706616158,2407560,0.162806,-0.009577,-9.555259,-0.014389,0.018119,-0.019718
1706616158,2407586,0.069432,-0.093374,-9.526528,-0.014655,0.015721,-0.022383
1706616158,2407612,0.141258,0.023942,-9.572019,-0.012524,0.019985,-0.017853
1706616158,2407641,0.062249,-0.079009,-9.478644,-0.011991,0.019185,-0.022383
1706616158,2407667,0.114922,-0.035913,-9.457097,-0.013590,0.017853,-0.021850
1706616158,2407693,0.117316,-0.021548,-9.524135,-0.012790,0.015988,-0.018119
1706616158,2407720,0.105345,-0.057461,-9.550470,-0.015188,0.017587,-0.020251
1706616158,2407746,0.124498,-0.031125,-9.485827,-0.010392,0.018119,-0.022383
1706616158,2407772,0.129287,0.007183,-9.449914,-0.014389,0.020784,-0.018119
1706616159,2407798,0.071826,-0.050278,-9.457097,-0.014655,0.016521,-0.022649
1706616159,2407827,0.083797,0.009577,-9.481039,-0.016787,0.019185,-0.021317
1706616159,2407853,0.079009,-0.083797,-9.528923,-0.014123,0.015988,-0.021317
1706616159,2407879,0.146046,0.014365,-9.404425,-0.014922,0.014655,-0.020518
1706616159,2407906,0.069432,-0.031125,-9.581595,-0.011991,0.021317,-0.018919
1706616159,2407932,0.098162,0.002394,-9.564836,-0.012524,0.017320,-0.021051
1706616159,2407958,0.083797,-0.009577,-9.579201,-0.014922,0.012524,-0.024248
1706616159,2407987,0.050278,-0.009577,-9.512163,-0.015455,0.017054,-0.019185
1706616159,2408013,0.076614,-0.079009,-9.488221,-0.015455,0.017587,-0.020251
1706616159,2408039,0.064643,0.016759,-9.504981,-0.012257,0.017320,-0.021317
1706616159,2408065,0.090980,0.016759,-9.583989,-0.015455,0.017587,-0.020784
1706616159,2408092,0.081403,0.000000,-9.497798,-0.015188,0.019185,-0.022383
1706616159,2408118,0.081403,-0.038307,-9.504981,-0.013590,0.020251,-0.022116
1706616159,2408144,0.088585,-0.043096,-9.461885,-0.013590,0.015188,-0.021051
1706616159,2408173,0.155623,0.016759,-9.531317,-0.014389,0.018652,-0.019985
1706616159,2408199,0.045490,-0.014365,-9.521740,-0.013323,0.016254,-0.022116
1706616159,2408225,0.069432,0.011971,-9.504981,-0.011991,0.017054,-0.020784
1706616159,2408252,0.112527,0.016759,-9.502586,-0.013856,0.018386,-0.018652
1706616159,2408278,0.083797,-0.050278,-9.512163,-0.014123,0.018919,-0.022916
1706616159,2408304,0.076614,-0.023942,-9.504981,-0.012524,0.016521,-0.020251
1706616159,2408330,0.076614,-0.083797,-9.550470,-0.013057,0.018119,-0.023449
1706616159,2408359,0.136469,-0.014365,-9.454702,-0.013856,0.016787,-0.023449
1706616159,2408385,0.119710,-0.019154,-9.552865,-0.014655,0.016787,-0.022649
1706616159,2408412,0.079009,-0.014365,-9.555259,-0.015188,0.013856,-0.021317
1706616159,2408438,0.150835,0.026336,-9.555259,-0.015188,0.019718,-0.023449
1706616159,2408464,0.136469,0.014365,-9.509769,-0.014123,0.019452,-0.020784
1706616159,2408490,0.047884,0.000000,-9.397242,-0.011724,0.015188,-0.022649
1706616159,2408517,0.155623,0.050278,-9.576807,-0.013590,0.020251,-0.022649
1706616159,2408545,0.052672,-0.026336,-9.509769,-0.014389,0.016521,-0.019718
1706616159,2408571,0.150835,0.002394,-9.572019,-0.014123,0.016521,-0.022649
1706616159,2408598,0.150835,-0.035913,-9.509769,-0.017587,0.017320,-0.019718
1706616159,2408624,0.083797,-0.050278,-9.526528,-0.013590,0.013590,-0.021051
1706616159,2408650,0.119710,-0.002394,-9.512163,-0.014389,0.020518,-0.021583
1706616159,2408676,0.105345,0.009577,-9.507375,-0.013856,0.020784,-0.018652
1706616159,2408705,0.095768,0.023942,-9.536105,-0.013057,0.018919,-0.021850
1706616159,2408731,0.059855,-0.014365,-9.519346,-0.010658,0.019718,-0.019985
1706616159,2408757,0.134075,-0.019154,-9.572019,-0.011991,0.019985,-0.019985
1706616160,2408783,0.155623,0.023942,-9.500193,-0.015188,0.016521,-0.021051
1706616160,2408810,0.093374,0.014365,-9.648633,-0.012524,0.017054,-0.020251
1706616160,2408836,0.093374,-0.064643,-9.440337,-0.013057,0.017587,-0.020784
1706616160,2408862,0.129287,0.011971,-9.524135,-0.011458,0.015188,-0.019452
1706616160,2408898,0.114922,0.004788,-9.538500,-0.014123,0.019718,-0.020784
1706616160,2408925,0.131681,0.028730,-9.459491,-0.011991,0.016787,-0.022649
1706616160,2408951,0.079009,-0.011971,-9.557653,-0.013057,0.017320,-0.021051
1706616160,2408977,0.114922,0.014365,-9.531317,-0.015188,0.018119,-0.022916
1706616160,2409003,0.093374,-0.011971,-9.526528,-0.013057,0.018919,-0.021317
1706616160,2409028,0.146046,-0.062249,-9.564836,-0.011724,0.017320,-0.018919
1706616160,2409054,0.112527,-0.059855,-9.521740,-0.013856,0.017054,-0.021317
1706616160,2409083,0.155623,0.011971,-9.497798,-0.009859,0.016521,-0.022116
1706616160,2409108,0.102951,0.043096,-9.490616,-0.012257,0.017054,-0.020784
1706616160,2409134,0.100556,-0.016759,-9.495404,-0.013856,0.013856,-0.021850
1706616160,2409160,0.086191,-0.016759,-9.574412,-0.011991,0.015188,-0.022383
1706616160,2409186,0.081403,-0.033519,-9.447520,-0.014389,0.014123,-0.019185
1706616160,2409212,0.114922,0.014365,-9.478644,-0.008527,0.016254,-0.022916
1706616160,2409240,0.059855,0.007183,-9.531317,-0.013057,0.017587,-0.017853
1706616160,2409266,0.059855,-0.007183,-9.447520,-0.014922,0.016254,-0.019452
1706616160,2409292,0.055067,0.000000,-9.605537,-0.012257,0.014123,-0.023449
1706616160,2409318,0.119710,-0.014365,-9.497798,-0.013057,0.018386,-0.018119
1706616160,2409344,0.074220,0.007183,-9.526528,-0.015188,0.019718,-0.022383
1706616160,2409370,0.105345,0.009577,-9.509769,-0.013590,0.016254,-0.022116
1706616160,2409396,0.136469,-0.002394,-9.526528,-0.014655,0.017853,-0.018119
1706616160,2409425,0.107739,-0.038307,-9.452309,-0.012790,0.020518,-0.022916
1706616160,2409451,0.090980,-0.002394,-9.428367,-0.012257,0.017853,-0.023449
1706616160,2409477,0.102951,-0.038307,-9.528923,-0.012790,0.018652,-0.022649
1706616160,2409502,0.119710,0.007183,-9.643845,-0.013323,0.017054,-0.020251
1706616160,2409528,0.090980,0.014365,-9.447520,-0.014922,0.018652,-0.021583
1706616160,2409554,0.098162,-0.038307,-9.473856,-0.013323,0.018386,-0.021583
1706616160,2409580,0.086191,-0.009577,-9.562442,-0.014123,0.020518,-0.021317
1706616160,2409609,0.110133,0.007183,-9.583989,-0.014655,0.015188,-0.023182
1706616160,2409635,0.131681,-0.031125,-9.442732,-0.009060,0.015988,-0.019985
1706616160,2409661,0.162806,-0.062249,-9.543288,-0.012790,0.021051,-0.021317
1706616160,2409686,0.088585,-0.031125,-9.572019,-0.014389,0.017054,-0.022649
1706616160,2409712,0.081403,-0.023942,-9.567230,-0.011991,0.017587,-0.019985
1706616160,2409738,0.102951,0.031125,-9.430760,-0.013590,0.016254,-0.018386
1706616160,2409767,0.136469,-0.045490,-9.504981,-0.013323,0.018386,-0.020784
1706616161,2409793,0.090980,-0.023942,-9.490616,-0.015721,0.017054,-0.021583
1706616161,2409819,0.095768,0.014365,-9.445126,-0.015721,0.018119,-0.023182
1706616161,2409845,0.114922,-0.026336,-9.409213,-0.014123,0.017587,-0.021850
1706616161,2409871,0.098162,-0.033519,-9.373300,-0.013590,0.014655,-0.023449
1706616161,2409896,0.031125,-0.035913,-9.545682,-0.009859,0.015721,-0.020784
1706616161,2409922,0.143652,-0.045490,-9.555259,-0.014655,0.017320,-0.018386
1706616161,2409951,0.177171,0.002394,-9.548077,-0.012524,0.019718,-0.023449
1706616161,2409977,0.160412,-0.045490,-9.550470,-0.013323,0.018386,-0.018652
1706616161,2410003,0.059855,-0.028730,-9.569624,-0.013590,0.018386,-0.019452
1706616161,2410029,0.095768,-0.035913,-9.576807,-0.014655,0.021317,-0.023182
1706616161,2410055,0.167594,-0.050278,-9.572019,-0.012524,0.019718,-0.021317
1706616161,2410080,0.011971,0.047884,-9.526528,-0.015455,0.019452,-0.020784
1706616161,2410106,0.067038,0.033519,-9.435549,-0.011191,0.017320,-0.021850
1706616161,2410135,0.110133,0.000000,-9.536105,-0.014123,0.018386,-0.020518
1706616161,2410161,0.114922,-0.023942,-9.588778,-0.013590,0.017054,-0.019985
1706616161,2410187,0.146046,-0.011971,-9.562442,-0.015988,0.017587,-0.021317
1706616161,2410213,0.107739,-0.045490,-9.447520,-0.014655,0.017320,-0.018919
1706616161,2410238,0.146046,-0.033519,-9.595961,-0.016787,0.013057,-0.021317
1706616161,2410264,0.105345,-0.047884,-9.540894,-0.013323,0.019718,-0.022116
1706616161,2410293,0.071826,-0.004788,-9.581595,-0.010925,0.018919,-0.019185
1706616161,2410319,0.134075,-0.004788,-9.521740,-0.013590,0.017587,-0.019452
1706616161,2410345,0.102951,0.026336,-9.493010,-0.012524,0.015721,-0.021317
1706616161,2410371,0.052672,-0.007183,-9.521740,-0.013323,0.017853,-0.022383
1706616161,2410397,0.090980,-0.040701,-9.629479,-0.013323,0.020784,-0.025314
1706616161,2410424,0.138864,-0.007183,-9.490616,-0.013590,0.016521,-0.019985
1706616161,2410450,0.079009,0.011971,-9.485827,-0.015188,0.015988,-0.023182
1706616161,2410478,0.081403,-0.016759,-9.610326,-0.013323,0.015455,-0.018386
1706616161,2410505,0.136469,0.019154,-9.497798,-0.014655,0.015988,-0.024781
1706616161,2410531,0.150835,-0.043096,-9.512163,-0.016254,0.018652,-0.018119
1706616161,2410557,0.167594,-0.002394,-9.552865,-0.014389,0.019985,-0.024248
1706616161,2410583,0.191536,-0.033519,-9.512163,-0.010925,0.018386,-0.022383
1706616161,2410609,0.129287,-0.064643,-9.464279,-0.013057,0.016521,-0.020518
1706616161,2410636,0.110133,-0.045490,-9.519346,-0.015721,0.017853,-0.022383
1706616161,2410664,0.093374,-0.119710,-9.509769,-0.013856,0.016787,-0.018652
1706616161,2410691,0.076614,-0.002394,-9.481039,-0.015721,0.018652,-0.019718
1706616161,2410717,0.114922,-0.047884,-9.531317,-0.013057,0.015988,-0.020784
1706616161,2410743,0.129287,-0.009577,-9.423578,-0.012790,0.019985,-0.016787
1706616161,2410769,0.090980,0.002394,-9.550470,-0.013856,0.017054,-0.021317
1706616162,2410796,0.165200,0.014365,-9.509769,-0.012524,0.017853,-0.020518
1706616162,2410824,0.119710,-0.009577,-9.543288,-0.012790,0.018652,-0.021850
1706616162,2410850,0.095768,-0.014365,-9.473856,-0.013856,0.018919,-0.018119
1706616162,2410877,0.105345,0.035913,-9.509769,-0.015988,0.014655,-0.024781
1706616162,2410903,0.114922,-0.057461,-9.531317,-0.014655,0.017853,-0.022116
1706616162,2410929,0.074220,-0.002394,-9.504981,-0.012790,0.017853,-0.021850
1706616162,2410955,0.167594,-0.031125,-9.430760,-0.015455,0.019985,-0.020251
1706616162,2410982,0.177171,0.043096,-9.595961,-0.017320,0.018119,-0.022383
1706616162,2411010,0.174777,0.050278,-9.588778,-0.016254,0.020251,-0.021583
1706616162,2411036,0.064643,-0.055067,-9.507375,-0.011458,0.020251,-0.022116
1706616162,2411063,0.136469,0.000000,-9.490616,-0.013057,0.017587,-0.019718
1706616162,2411089,0.014365,-0.031125,-9.461885,-0.010925,0.024781,-0.020518
1706616162,2411115,0.150835,-0.045490,-9.478644,-0.013057,0.018119,-0.019452
1706616162,2411141,0.110133,-0.002394,-9.595961,-0.015988,0.017320,-0.020251
1706616162,2411168,0.026336,-0.031125,-9.493010,-0.013323,0.015988,-0.021051
1706616162,2411196,0.076614,-0.009577,-9.562442,-0.011724,0.019985,-0.021051
1706616162,2411223,0.143652,0.009577,-9.531317,-0.015988,0.019185,-0.019985
1706616162,2411249,0.100556,0.002394,-9.442732,-0.015988,0.019452,-0.019185
1706616162,2411275,0.095768,-0.002394,-9.514558,-0.014655,0.017587,-0.025047
1706616162,2411301,0.146046,-0.014365,-9.490616,-0.013323,0.017853,-0.021317
1706616162,2411327,0.136469,-0.016759,-9.485827,-0.016521,0.017054,-0.020518
1706616162,2411356,0.107739,-0.040701,-9.488221,-0.013590,0.019718,-0.019718
1706616162,2411382,0.114922,0.009577,-9.612720,-0.013856,0.021051,-0.021317
1706616162,2411409,0.086191,0.014365,-9.459491,-0.014123,0.018652,-0.021583
1706616162,2411435,0.131681,-0.002394,-9.495404,-0.013057,0.020518,-0.020518
1706616162,2411461,0.102951,-0.023942,-9.543288,-0.014123,0.015188,-0.020518
1706616162,2411487,0.143652,-0.002394,-9.567230,-0.015188,0.014655,-0.021583
1706616162,2411514,0.119710,-0.038307,-9.512163,-0.012790,0.013590,-0.020518
1706616162,2411542,0.067038,-0.035913,-9.414001,-0.015721,0.016254,-0.018919
1706616162,2411568,0.107739,-0.052672,-9.466674,-0.015455,0.019718,-0.019185
1706616162,2411594,0.150835,-0.009577,-9.370906,-0.011458,0.019185,-0.019185
1706616162,2411621,0.083797,-0.047884,-9.543288,-0.013323,0.020251,-0.020251
1706616162,2411647,0.112527,0.026336,-9.516952,-0.015721,0.017320,-0.018652
1706616162,2411673,0.117316,0.016759,-9.483433,-0.014922,0.021051,-0.019718
1706616162,2411699,0.155623,-0.009577,-9.435549,-0.013057,0.018386,-0.021317
1706616162,2411735,0.112527,-0.028730,-9.528923,-0.012257,0.019185,-0.019452
1706616162,2411762,0.148441,0.009577,-9.524135,-0.011991,0.015721,-0.020518
1706616163,2411788,0.146046,0.002394,-9.500193,-0.012790,0.016254,-0.020518
1706616163,2411814,0.146046,0.019154,-9.493010,-0.014389,0.014922,-0.019985
1706616163,2411840,0.083797,-0.023942,-9.464279,-0.015988,0.018119,-0.021850
1706616163,2411866,0.062249,-0.035913,-9.536105,-0.013590,0.020251,-0.020251
1706616163,2411894,0.014365,0.004788,-9.497798,-0.014655,0.019185,-0.021850
1706616163,2411920,0.093374,-0.019154,-9.507375,-0.014123,0.019985,-0.023182
1706616163,2411946,0.112527,-0.057461,-9.591172,-0.018119,0.015988,-0.020251
1706616163,2411972,0.095768,0.059855,-9.521740,-0.013856,0.017320,-0.022383
1706616163,2411998,0.102951,-0.014365,-9.536105,-0.010126,0.019452,-0.022383
1706616163,2412023,0.076614,0.026336,-9.476251,-0.013323,0.017853,-0.017587
1706616163,2412049,0.148441,-0.088585,-9.449914,-0.015721,0.017320,-0.021317
1706616163,2412078,0.107739,-0.033519,-9.536105,-0.013323,0.015988,-0.020518
1706616163,2412104,0.105345,-0.033519,-9.507375,-0.015988,0.020251,-0.022383
1706616163,2412130,0.150835,-0.009577,-9.493010,-0.012257,0.015188,-0.022649
1706616163,2412155,0.069432,-0.011971,-9.516952,-0.011991,0.019718,-0.020518
1706616163,2412181,0.079009,-0.052672,-9.502586,-0.014389,0.015988,-0.021317
1706616163,2412207,0.076614,0.002394,-9.478644,-0.011991,0.019452,-0.021317
1706616163,2412233,0.074220,-0.059855,-9.528923,-0.012257,0.018119,-0.021317
1706616163,2412262,0.050278,0.004788,-9.521740,-0.013590,0.017054,-0.022649
1706616163,2412287,0.067038,-0.033519,-9.473856,-0.011458,0.018919,-0.021317
1706616163,2412313,0.102951,-0.011971,-9.495404,-0.012257,0.013590,-0.019185
1706616163,2412340,0.122104,-0.059855,-9.615114,-0.014655,0.014922,-0.021850
1706616163,2412365,0.074220,-0.004788,-9.548077,-0.014389,0.018652,-0.020251
1706616163,2412391,0.131681,-0.004788,-9.562442,-0.014922,0.015455,-0.021850
1706616163,2412420,0.146046,0.007183,-9.497798,-0.013590,0.015721,-0.024248
1706616163,2412446,0.093374,-0.014365,-9.483433,-0.009859,0.017054,-0.019452
1706616163,2412472,0.148441,-0.031125,-9.588778,-0.016787,0.018119,-0.022649
1706616163,2412498,0.126893,0.007183,-9.552865,-0.015721,0.017320,-0.022116
1706616163,2412524,0.136469,-0.004788,-9.646238,-0.015721,0.022916,-0.022916
1706616163,2412550,0.131681,0.009577,-9.447520,-0.011458,0.015188,-0.019718
1706616163,2412575,0.129287,-0.023942,-9.437943,-0.014922,0.016254,-0.020784
1706616163,2412604,0.086191,-0.016759,-9.478644,-0.014655,0.019718,-0.023715
1706616163,2412630,0.064643,0.040701,-9.509769,-0.011991,0.014922,-0.023182
1706616163,2412656,0.134075,0.016759,-9.497798,-0.012257,0.017853,-0.020518
1706616163,2412682,0.095768,0.033519,-9.488221,-0.014655,0.018919,-0.023715
1706616163,2412707,0.138864,0.007183,-9.409213,-0.014123,0.018119,-0.023715
1706616163,2412733,0.076614,0.038307,-9.512163,-0.013856,0.019718,-0.018652
1706616163,2412759,0.105345,-0.011971,-9.543288,-0.012524,0.018386,-0.019452
1706616164,2412788,0.062249,-0.011971,-9.521740,-0.015188,0.017054,-0.019718
1706616164,2412814,0.136469,-0.019154,-9.557653,-0.013323,0.013590,-0.019452
1706616164,2412839,0.057461,-0.009577,-9.500193,-0.014655,0.016254,-0.021583
1706616164,2412865,0.117316,-0.019154,-9.454702,-0.013323,0.019718,-0.023715
1706616164,2412891,0.107739,0.011971,-9.516952,-0.011724,0.015721,-0.023449
1706616164,2412917,0.098162,0.004788,-9.490616,-0.013856,0.013323,-0.017320
1706616164,2412943,0.124498,-0.033519,-9.512163,-0.013590,0.018119,-0.020518
1706616164,2412971,0.083797,0.014365,-9.512163,-0.012524,0.019185,-0.018119
1706616164,2412997,0.105345,-0.002394,-9.485827,-0.014655,0.020518,-0.021317
1706616164,2413023,0.088585,-0.038307,-9.473856,-0.012257,0.015188,-0.020784
1706616164,2413049,0.122104,-0.086191,-9.528923,-0.014123,0.017054,-0.020784
1706616164,2413075,0.095768,-0.016759,-9.617508,-0.014123,0.014922,-0.023982
1706616164,2413101,0.100556,-0.062249,-9.550470,-0.014123,0.016254,-0.023982
1706616164,2413129,0.105345,0.009577,-9.495404,-0.016521,0.013856,-0.019452
1706616164,2413155,0.098162,-0.014365,-9.543288,-0.013323,0.019185,-0.018652
1706616164,2413181,0.136469,-0.043096,-9.557653,-0.015988,0.017320,-0.019985
1706616164,2413208,0.150835,-0.057461,-9.526528,-0.013323,0.018119,-0.020784
1706616164,2413234,0.107739,-0.009577,-9.521740,-0.014123,0.016254,-0.021850
1706616164,2413260,0.090980,0.014365,-9.526528,-0.016254,0.015988,-0.023182
1706616164,2413286,0.057461,-0.076614,-9.538500,-0.016521,0.018919,-0.019185
1706616164,2413315,0.117316,-0.055067,-9.538500,-0.014123,0.019452,-0.020518
1706616164,2413341,0.050278,-0.019154,-9.500193,-0.011191,0.016787,-0.021317
1706616164,2413367,0.062249,0.026336,-9.483433,-0.013856,0.015188,-0.023982
1706616164,2413393,0.124498,-0.038307,-9.485827,-0.015188,0.014922,-0.021850
1706616164,2413420,0.114922,-0.028730,-9.414001,-0.015188,0.015455,-0.020251
1706616164,2413446,0.146046,0.007183,-9.449914,-0.013590,0.018652,-0.023449
1706616164,2413472,0.081403,-0.016759,-9.445126,-0.011191,0.015988,-0.022916
1706616164,2413501,0.155623,0.009577,-9.579201,-0.014389,0.020251,-0.023715
1706616164,2413527,0.016759,-0.045490,-9.476251,-0.014655,0.016521,-0.019985
1706616164,2413553,0.141258,-0.062249,-9.452309,-0.015455,0.015721,-0.021317
1706616164,2413579,0.093374,-0.007183,-9.488221,-0.015455,0.018652,-0.024248
1706616164,2413606,0.122104,-0.014365,-9.524135,-0.010658,0.019985,-0.019985
1706616164,2413632,0.090980,0.016759,-9.543288,-0.013057,0.015988,-0.020251
1706616164,2413661,0.155623,-0.016759,-9.533711,-0.010392,0.019185,-0.022649
1706616164,2413687,0.076614,0.021548,-9.512163,-0.011724,0.017853,-0.018919
1706616164,2413713,0.088585,0.007183,-9.526528,-0.017320,0.017587,-0.020518
1706616164,2413739,0.098162,-0.016759,-9.548077,-0.017320,0.019185,-0.021317
1706616164,2413766,0.134075,-0.002394,-9.533711,-0.014655,0.016787,-0.021317
1706616165,2413792,0.131681,0.026336,-9.519346,-0.012524,0.019718,-0.019985
1706616165,2413818,0.160412,-0.057461,-9.557653,-0.014123,0.017320,-0.021850
1706616165,2413847,0.095768,-0.055067,-9.481039,-0.013057,0.017587,-0.020784
1706616165,2413873,0.081403,-0.062249,-9.574412,-0.012257,0.017320,-0.021583
1706616165,2413899,0.134075,-0.023942,-9.548077,-0.015188,0.017853,-0.022116
1706616165,2413925,0.095768,0.047884,-9.497798,-0.011458,0.015988,-0.019985
1706616165,2413952,0.040701,-0.002394,-9.533711,-0.012257,0.018119,-0.019452
1706616165,2413978,0.117316,0.016759,-9.574412,-0.013323,0.016254,-0.018119
1706616165,2414004,0.095768,-0.055067,-9.454702,-0.012790,0.016787,-0.023715
1706616165,2414033,0.112527,-0.040701,-9.473856,-0.013590,0.015455,-0.019985
1706616165,2414059,0.081403,0.038307,-9.516952,-0.014123,0.015188,-0.021850
1706616165,2414085,0.117316,-0.043096,-9.497798,-0.013323,0.014655,-0.020784
1706616165,2414112,0.119710,-0.031125,-9.512163,-0.014389,0.014655,-0.020518
1706616165,2414138,0.136469,0.052672,-9.509769,-0.014922,0.012790,-0.022116
1706616165,2414164,0.100556,0.033519,-9.461885,-0.014922,0.016254,-0.024515
1706616165,2414193,0.076614,0.019154,-9.399636,-0.014655,0.017853,-0.022916
1706616165,2414219,0.150835,-0.009577,-9.605537,-0.010658,0.019985,-0.018386
1706616165,2414245,0.090980,-0.045490,-9.519346,-0.013590,0.018386,-0.021583
1706616165,2414272,0.114922,-0.069432,-9.555259,-0.015721,0.014922,-0.019718
1706616165,2414298,0.098162,-0.047884,-9.495404,-0.013856,0.017853,-0.021317
1706616165,2414324,0.110133,0.023942,-9.490616,-0.014389,0.016787,-0.018919
1706616165,2414351,0.074220,-0.028730,-9.516952,-0.016787,0.016521,-0.018386
1706616165,2414379,0.100556,-0.011971,-9.478644,-0.013057,0.014123,-0.023982
1706616165,2414405,0.076614,0.038307,-9.583989,-0.013590,0.018386,-0.020784
1706616165,2414432,0.090980,0.021548,-9.591172,-0.017054,0.016254,-0.024781
1706616165,2414458,0.105345,0.028730,-9.533711,-0.016254,0.014123,-0.021850
1706616165,2414484,0.105345,-0.033519,-9.500193,-0.013856,0.014389,-0.020784
1706616165,2414510,0.105345,-0.033519,-9.507375,-0.013856,0.017054,-0.020251
1706616165,2414536,0.057461,-0.007183,-9.497798,-0.015188,0.017320,-0.021051
1706616165,2414583,0.098162,0.000000,-9.572019,-0.011191,0.017853,-0.019718
1706616165,2414610,0.088585,0.009577,-9.555259,-0.014655,0.016254,-0.021583
1706616165,2414636,0.083797,0.007183,-9.521740,-0.013590,0.019185,-0.019185
1706616165,2414662,0.124498,-0.045490,-9.473856,-0.012257,0.018119,-0.022383
1706616165,2414688,0.079009,-0.038307,-9.425972,-0.012257,0.017587,-0.021583
1706616165,2414724,0.095768,0.033519,-9.531317,-0.014123,0.016787,-0.019718
1706616165,2414752,0.155623,-0.021548,-9.495404,-0.015455,0.018919,-0.021317
1706616166,2414778,0.136469,-0.007183,-9.545682,-0.015455,0.020251,-0.023982
1706616166,2414804,0.081403,-0.019154,-9.435549,-0.012524,0.018386,-0.024248
1706616166,2414829,0.050278,0.038307,-9.598354,-0.013323,0.018119,-0.021583
1706616166,2414855,0.124498,0.038307,-9.457097,-0.015188,0.019185,-0.022383
1706616166,2414881,0.071826,-0.031125,-9.485827,-0.014655,0.015988,-0.021051
1706616166,2414906,0.095768,0.004788,-9.550470,-0.014389,0.017054,-0.021051
1706616166,2414935,0.122104,-0.004788,-9.526528,-0.011724,0.015188,-0.019185
1706616166,2414960,0.098162,0.050278,-9.528923,-0.012790,0.014922,-0.018652
1706616166,2414986,0.069432,-0.033519,-9.459491,-0.013590,0.019985,-0.021583
1706616166,2415012,0.062249,-0.019154,-9.588778,-0.013323,0.018919,-0.022116
1706616166,2415038,0.057461,0.023942,-9.504981,-0.014123,0.016254,-0.022116
1706616166,2415063,0.148441,-0.079009,-9.504981,-0.013323,0.015188,-0.022383
1706616166,2415089,0.062249,0.031125,-9.524135,-0.013057,0.014922,-0.019985
1706616166,2415117,0.134075,-0.050278,-9.500193,-0.012790,0.020784,-0.020251
1706616166,2415143,0.059855,-0.011971,-9.574412,-0.013590,0.017587,-0.019185
1706616166,2415169,0.107739,-0.040701,-9.526528,-0.013323,0.015988,-0.020518
1706616166,2415195,0.112527,-0.047884,-9.651027,-0.011191,0.016787,-0.021051
1706616166,2415220,0.122104,0.021548,-9.567230,-0.013323,0.018919,-0.023182
1706616166,2415246,0.153229,0.016759,-9.500193,-0.014389,0.015188,-0.022116
1706616166,2415274,0.081403,0.019154,-9.557653,-0.014922,0.019718,-0.016787
1706616166,2415300,0.114922,0.002394,-9.593566,-0.015721,0.017587,-0.020784
1706616166,2415326,0.102951,-0.076614,-9.572019,-0.014922,0.021317,-0.019185
1706616166,2415352,0.160412,-0.033519,-9.555259,-0.016521,0.021583,-0.021583
1706616166,2415377,0.169988,0.016759,-9.502586,-0.013590,0.017853,-0.021583
1706616166,2415403,0.088585,-0.019154,-9.540894,-0.014389,0.020251,-0.020518
1706616166,2415429,0.067038,-0.028730,-9.497798,-0.012524,0.019452,-0.019718
1706616166,2415457,0.141258,-0.028730,-9.519346,-0.016787,0.013856,-0.018919
1706616166,2415483,0.122104,0.014365,-9.516952,-0.011458,0.012524,-0.017587
1706616166,2415509,0.122104,-0.021548,-9.545682,-0.012257,0.019985,-0.023449
1706616166,2415534,0.074220,-0.009577,-9.545682,-0.014389,0.021051,-0.021583
1706616166,2415560,0.169988,0.033519,-9.495404,-0.013590,0.020251,-0.020251
1706616166,2415586,0.126893,0.026336,-9.509769,-0.015455,0.017587,-0.021051
1706616166,2415612,0.098162,-0.019154,-9.545682,-0.011724,0.013856,-0.021583
1706616166,2415640,0.021548,0.002394,-9.478644,-0.014123,0.014655,-0.019718
1706616166,2415666,0.158017,-0.014365,-9.471462,-0.016787,0.020784,-0.018919
1706616166,2415691,0.076614,-0.014365,-9.531317,-0.011458,0.016254,-0.021850
1706616166,2415717,0.110133,-0.045490,-9.497798,-0.009859,0.019185,-0.021051
1706616166,2415743,0.083797,-0.050278,-9.555259,-0.014389,0.015988,-0.020784
1706616166,2415769,0.114922,0.009577,-9.473856,-0.010658,0.017054,-0.017054
1706616167,2415797,0.057461,-0.011971,-9.469068,-0.012790,0.017587,-0.020784
1706616167,2415822,0.105345,0.011971,-9.627085,-0.015188,0.017320,-0.022116
1706616167,2415848,0.098162,0.011971,-9.574412,-0.009593,0.019452,-0.019985
1706616167,2415874,0.074220,-0.026336,-9.588778,-0.016254,0.018386,-0.017853
1706616167,2415899,0.141258,-0.057461,-9.521740,-0.011191,0.018919,-0.022383
1706616167,2415925,0.146046,-0.009577,-9.579201,-0.012790,0.016254,-0.019718
1706616167,2415951,0.083797,0.026336,-9.552865,-0.014389,0.018652,-0.019452
1706616167,2415979,0.114922,-0.055067,-9.634268,-0.013323,0.014389,-0.022383
1706616167,2416005,0.112527,0.016759,-9.519346,-0.013057,0.019452,-0.021850
1706616167,2416031,0.134075,0.009577,-9.469068,-0.013590,0.018386,-0.023449
1706616167,2416057,0.131681,-0.031125,-9.545682,-0.013856,0.017587,-0.023982
1706616167,2416083,0.129287,0.043096,-9.533711,-0.014123,0.018119,-0.022649
1706616167,2416109,0.162806,-0.004788,-9.488221,-0.013323,0.018119,-0.019718
1706616167,2416135,0.057461,-0.052672,-9.567230,-0.015188,0.018386,-0.022383
1706616167,2416164,0.071826,-0.038307,-9.521740,-0.012257,0.014389,-0.020784
1706616167,2416190,0.081403,-0.069432,-9.512163,-0.015721,0.020784,-0.022116
1706616167,2416216,0.107739,-0.069432,-9.514558,-0.011458,0.018652,-0.023182
1706616167,2416242,0.090980,0.043096,-9.509769,-0.011458,0.017853,-0.023449
1706616167,2416268,0.086191,-0.043096,-9.538500,-0.013057,0.013323,-0.022116
1706616167,2416294,0.095768,0.004788,-9.552865,-0.014655,0.015988,-0.021051
1706616167,2416322,0.102951,-0.064643,-9.545682,-0.014655,0.018119,-0.017853
1706616167,2416348,0.110133,-0.016759,-9.531317,-0.016254,0.014922,-0.021583
1706616167,2416375,0.114922,0.021548,-9.504981,-0.011191,0.017587,-0.025047
1706616167,2416401,0.117316,-0.059855,-9.502586,-0.014655,0.018119,-0.020784
1706616167,2416427,0.086191,0.011971,-9.586384,-0.011724,0.019985,-0.024781
1706616167,2416453,0.117316,-0.007183,-9.516952,-0.011458,0.013856,-0.020251
1706616167,2416479,0.105345,0.028730,-9.493010,-0.014389,0.017853,-0.021850
1706616167,2416508,0.090980,0.011971,-9.569624,-0.015988,0.019185,-0.022649
1706616167,2416534,0.055067,-0.019154,-9.631873,-0.012257,0.017587,-0.019985
1706616167,2416560,0.090980,-0.081403,-9.481039,-0.011991,0.017320,-0.024248
1706616167,2416586,0.069432,-0.031125,-9.588778,-0.015188,0.017587,-0.021850
1706616167,2416612,0.105345,0.023942,-9.454702,-0.013323,0.015188,-0.019452
1706616167,2416638,0.119710,-0.057461,-9.560047,-0.012790,0.015988,-0.022649
1706616167,2416664,0.126893,0.000000,-9.557653,-0.013856,0.017587,-0.019452
1706616167,2416692,0.086191,-0.045490,-9.495404,-0.011991,0.018919,-0.021051
1706616167,2416718,0.105345,-0.050278,-9.615114,-0.013323,0.019718,-0.025580
1706616167,2416745,0.057461,-0.031125,-9.600749,-0.013057,0.019452,-0.018652
1706616167,2416771,0.122104,-0.028730,-9.509769,-0.015455,0.016254,-0.022116
1706616168,2416797,0.134075,-0.040701,-9.497798,-0.012790,0.019185,-0.019452
1706616168,2416823,0.122104,0.023942,-9.495404,-0.012257,0.020518,-0.020251
1706616168,2416849,0.114922,-0.028730,-9.457097,-0.014655,0.018919,-0.021317
1706616168,2416877,0.131681,-0.038307,-9.531317,-0.015988,0.020784,-0.019718
1706616168,2416903,0.026336,-0.023942,-9.552865,-0.013057,0.017853,-0.020251
1706616168,2416929,0.153229,0.026336,-9.500193,-0.012790,0.018386,-0.020518
1706616168,2416955,0.112527,0.000000,-9.459491,-0.014123,0.016254,-0.019985
1706616168,2416981,0.148441,-0.059855,-9.576807,-0.012524,0.021051,-0.021850
1706616168,2417008,0.155623,0.023942,-9.442732,-0.012790,0.017054,-0.019185
1706616168,2417036,0.129287,-0.023942,-9.495404,-0.016254,0.018386,-0.024248
1706616168,2417062,0.057461,-0.047884,-9.548077,-0.013323,0.019718,-0.019985
1706616168,2417088,0.090980,0.007183,-9.459491,-0.014655,0.020518,-0.022116
1706616168,2417114,0.107739,0.007183,-9.504981,-0.015721,0.017320,-0.017853
1706616168,2417140,0.122104,-0.002394,-9.488221,-0.013057,0.018119,-0.021850
1706616168,2417166,0.107739,0.011971,-9.495404,-0.014655,0.018386,-0.021850
1706616168,2417192,0.098162,0.000000,-9.526528,-0.013323,0.018652,-0.024248
1706616168,2417221,0.033519,-0.028730,-9.533711,-0.013856,0.017853,-0.019452
1706616168,2417247,0.098162,-0.031125,-9.512163,-0.011724,0.015988,-0.024781
1706616168,2417273,0.110133,0.000000,-9.583989,-0.011724,0.016521,-0.019185
1706616168,2417299,0.093374,-0.033519,-9.471462,-0.014655,0.016521,-0.021317
1706616168,2417325,0.100556,-0.067038,-9.562442,-0.014123,0.015988,-0.021051
1706616168,2417351,0.119710,0.023942,-9.516952,-0.012257,0.018652,-0.022116
1706616168,2417377,0.105345,-0.007183,-9.497798,-0.014123,0.017054,-0.019718
1706616168,2417413,0.148441,-0.004788,-9.428367,-0.015188,0.018652,-0.020784
1706616168,2417440,0.098162,-0.088585,-9.449914,-0.014922,0.018652,-0.019452
1706616168,2417465,0.071826,-0.062249,-9.526528,-0.013856,0.018652,-0.022116
1706616168,2417491,0.107739,0.000000,-9.497798,-0.015721,0.017320,-0.019985
1706616168,2417517,0.102951,-0.004788,-9.540894,-0.015721,0.019452,-0.019452
1706616168,2417543,0.225055,0.011971,-9.572019,-0.012790,0.018119,-0.021051
1706616168,2417571,0.086191,-0.016759,-9.495404,-0.013323,0.017853,-0.021583
1706616168,2417596,0.043096,0.009577,-9.557653,-0.014655,0.017587,-0.019185
1706616168,2417622,0.119710,-0.023942,-9.550470,-0.015455,0.019452,-0.021317
1706616168,2417648,0.141258,-0.062249,-9.493010,-0.014123,0.018386,-0.019718
1706616168,2417674,0.105345,0.016759,-9.564836,-0.012790,0.016521,-0.018919
1706616168,2417699,0.114922,-0.026336,-9.387665,-0.016521,0.018652,-0.024781
1706616168,2417725,0.136469,-0.004788,-9.509769,-0.011191,0.015188,-0.021583
1706616168,2417753,0.045490,-0.002394,-9.406818,-0.013323,0.018652,-0.025314
1706616169,2417779,0.062249,0.014365,-9.509769,-0.011191,0.014922,-0.023182
1706616169,2417805,0.107739,-0.019154,-9.557653,-0.015188,0.018119,-0.022383
1706616169,2417831,0.129287,-0.004788,-9.533711,-0.014123,0.014389,-0.019985
1706616169,2417856,0.105345,0.026336,-9.562442,-0.013590,0.018652,-0.023982
1706616169,2417882,0.134075,0.026336,-9.557653,-0.009593,0.015188,-0.017587
1706616169,2417908,0.114922,0.016759,-9.433155,-0.015988,0.013856,-0.021051
1706616169,2417936,0.160412,-0.031125,-9.567230,-0.010126,0.019185,-0.021051
1706616169,2417962,0.057461,-0.026336,-9.567230,-0.013057,0.018919,-0.018119
1706616169,2417987,0.067038,-0.040701,-9.639056,-0.014389,0.018119,-0.020518
1706616169,2418013,0.110133,-0.007183,-9.478644,-0.014922,0.017587,-0.021850
1706616169,2418039,0.136469,-0.093374,-9.516952,-0.014389,0.015988,-0.023182
1706616169,2418065,0.086191,-0.011971,-9.560047,-0.015188,0.017587,-0.019452
1706616169,2418093,0.069432,0.021548,-9.545682,-0.014123,0.018652,-0.018652
1706616169,2418119,0.105345,-0.026336,-9.550470,-0.011191,0.014389,-0.024515
1706616169,2418144,0.079009,0.019154,-9.485827,-0.014389,0.018386,-0.020518
1706616169,2418170,0.122104,-0.062249,-9.483433,-0.013057,0.014922,-0.020784
1706616169,2418196,0.052672,-0.064643,-9.473856,-0.014922,0.016787,-0.020251
1706616169,2418222,0.102951,-0.043096,-9.478644,-0.015188,0.018919,-0.019718
1706616169,2418247,0.079009,0.069432,-9.524135,-0.014922,0.018919,-0.019718
1706616169,2418276,0.129287,-0.055067,-9.485827,-0.013856,0.019718,-0.021850
1706616169,2418301,0.064643,-0.045490,-9.488221,-0.011458,0.014655,-0.022383
1706616169,2418327,0.102951,0.038307,-9.574412,-0.014922,0.018652,-0.023449
1706616169,2418353,0.124498,-0.035913,-9.485827,-0.012257,0.018652,-0.024248
1706616169,2418379,0.122104,-0.035913,-9.526528,-0.013590,0.017054,-0.020784
1706616169,2418405,0.160412,0.031125,-9.414001,-0.015188,0.018386,-0.022116
1706616169,2418430,0.117316,-0.004788,-9.454702,-0.010658,0.017853,-0.018919
1706616169,2418459,0.124498,-0.033519,-9.461885,-0.015188,0.017054,-0.023449
1706616169,2418484,0.122104,0.038307,-9.536105,-0.014922,0.017587,-0.023182
1706616169,2418510,0.107739,0.007183,-9.627085,-0.012257,0.015721,-0.022649
1706616169,2418536,0.153229,-0.016759,-9.574412,-0.014389,0.019452,-0.021583
1706616169,2418562,0.071826,0.038307,-9.519346,-0.015721,0.017853,-0.021317
1706616169,2418588,0.074220,0.055067,-9.502586,-0.013856,0.015188,-0.020251
1706616169,2418616,0.090980,0.026336,-9.516952,-0.016254,0.016254,-0.024515
1706616169,2418641,0.107739,-0.021548,-9.471462,-0.013057,0.018652,-0.021583
1706616169,2418667,0.047884,-0.045490,-9.595961,-0.011191,0.018919,-0.021317
1706616169,2418693,0.126893,-0.021548,-9.540894,-0.011991,0.019985,-0.018652
1706616169,2418719,0.079009,-0.023942,-9.485827,-0.012257,0.018386,-0.020251
1706616169,2418744,0.083797,0.000000,-9.579201,-0.013057,0.018652,-0.020518
1706616169,2418770,0.074220,-0.038307,-9.526528,-0.012524,0.021317,-0.016521
1706616170,2418798,0.079009,-0.021548,-9.605537,-0.009593,0.021583,-0.021051
1706616170,2418825,0.110133,-0.052672,-9.516952,-0.012257,0.019185,-0.020518
1706616170,2418851,0.114922,0.021548,-9.516952,-0.014922,0.017587,-0.022383
1706616170,2418877,0.148441,-0.033519,-9.512163,-0.013856,0.017853,-0.020518
1706616170,2418903,0.079009,-0.031125,-9.583989,-0.013590,0.021051,-0.022116
1706616170,2418929,0.055067,-0.016759,-9.643845,-0.012524,0.017853,-0.025314
1706616170,2418955,0.124498,-0.045490,-9.552865,-0.011724,0.018652,-0.022116
1706616170,2418983,0.136469,-0.009577,-9.586384,-0.013057,0.017853,-0.019985
1706616170,2419009,0.122104,-0.050278,-9.507375,-0.017054,0.019452,-0.022649
1706616170,2419035,0.119710,0.004788,-9.538500,-0.013590,0.021051,-0.022649
1706616170,2419061,0.083797,-0.011971,-9.557653,-0.014123,0.016787,-0.021850
1706616170,2419087,0.095768,0.023942,-9.574412,-0.016254,0.018119,-0.020251
1706616170,2419114,0.033519,-0.067038,-9.449914,-0.014389,0.018919,-0.022916
1706616170,2419142,0.100556,-0.021548,-9.526528,-0.014123,0.019985,-0.025314
1706616170,2419168,0.174777,-0.028730,-9.629479,-0.012790,0.018652,-0.023449
1706616170,2419194,0.071826,0.016759,-9.531317,-0.010126,0.017054,-0.022649
1706616170,2419220,0.148441,-0.009577,-9.461885,-0.014389,0.019718,-0.018652
1706616170,2419247,0.126893,-0.002394,-9.533711,-0.013856,0.017587,-0.019452
1706616170,2419273,0.069432,-0.040701,-9.538500,-0.012524,0.015455,-0.019718
1706616170,2419299,0.079009,0.021548,-9.560047,-0.015455,0.017054,-0.021317
1706616170,2419327,0.100556,0.028730,-9.509769,-0.013856,0.018652,-0.020251
1706616170,2419353,0.088585,0.000000,-9.536105,-0.013856,0.018652,-0.019718
1706616170,2419379,0.112527,0.079009,-9.550470,-0.011458,0.019718,-0.020251
1706616170,2419405,0.119710,-0.007183,-9.643845,-0.014389,0.019185,-0.019718
1706616170,2419431,0.081403,-0.019154,-9.495404,-0.015188,0.018652,-0.016254
1706616170,2419457,0.131681,0.019154,-9.478644,-0.013323,0.021317,-0.022916
1706616170,2419483,0.124498,-0.014365,-9.442732,-0.014123,0.015988,-0.019985
1706616170,2419512,0.083797,-0.016759,-9.481039,-0.013057,0.016521,-0.021583
1706616170,2419538,0.110133,-0.052672,-9.461885,-0.015988,0.014123,-0.022383
1706616170,2419564,0.102951,0.004788,-9.464279,-0.014389,0.017054,-0.023449
1706616170,2419590,0.086191,0.019154,-9.521740,-0.014389,0.018919,-0.022916
1706616170,2419616,0.122104,-0.040701,-9.516952,-0.013590,0.020518,-0.020251
1706616170,2419642,0.088585,-0.004788,-9.524135,-0.014922,0.018119,-0.019718
1706616170,2419671,0.098162,-0.074220,-9.485827,-0.014655,0.015188,-0.019985
1706616170,2419697,0.122104,-0.052672,-9.502586,-0.015988,0.016787,-0.021583
1706616170,2419723,0.122104,0.021548,-9.567230,-0.011191,0.015188,-0.021051
1706616170,2419749,0.105345,-0.007183,-9.591172,-0.012524,0.017587,-0.021051
1706616170,2419775,0.124498,0.000000,-9.567230,-0.013590,0.018919,-0.020518
1706616171,2419801,0.086191,-0.026336,-9.445126,-0.015988,0.016521,-0.018652
1706616171,2419827,0.162806,0.028730,-9.485827,-0.016254,0.015988,-0.021583
1706616171,2419856,0.165200,-0.014365,-9.502586,-0.013590,0.017587,-0.021051
1706616171,2419882,0.071826,-0.004788,-9.641450,-0.014922,0.019985,-0.020784
1706616171,2419908,0.167594,-0.052672,-9.483433,-0.015455,0.016787,-0.020784
1706616171,2419934,0.110133,0.033519,-9.509769,-0.014123,0.017320,-0.018652
1706616171,2419960,0.114922,-0.026336,-9.502586,-0.012524,0.018919,-0.023715
1706616171,2419986,0.064643,-0.045490,-9.493010,-0.012524,0.020251,-0.019718
1706616171,2420012,0.028730,0.033519,-9.519346,-0.013323,0.017587,-0.020784
1706616171,2420041,0.067038,-0.004788,-9.574412,-0.014655,0.015455,-0.022383
1706616171,2420067,0.114922,-0.047884,-9.524135,-0.015455,0.015455,-0.019718
1706616171,2420093,0.143652,0.033519,-9.579201,-0.013323,0.014922,-0.019718
1706616171,2420119,0.079009,0.011971,-9.576807,-0.011991,0.017587,-0.019185
1706616171,2420145,0.110133,-0.033519,-9.437943,-0.014922,0.020518,-0.022383
1706616171,2420171,0.047884,0.021548,-9.421184,-0.011724,0.018386,-0.021850
1706616171,2420207,0.062249,-0.004788,-9.538500,-0.014655,0.015721,-0.020784
1706616171,2420233,0.076614,0.043096,-9.459491,-0.014389,0.014389,-0.020251
1706616171,2420259,0.098162,0.000000,-9.495404,-0.011991,0.017853,-0.019718
1706616171,2420285,0.045490,-0.040701,-9.504981,-0.013590,0.019985,-0.019452
1706616171,2420311,0.117316,0.035913,-9.490616,-0.014123,0.020518,-0.021317
1706616171,2420336,0.102951,-0.004788,-9.509769,-0.015188,0.016521,-0.022383
1706616171,2420362,0.177171,-0.047884,-9.519346,-0.012790,0.016521,-0.020518
1706616171,2420390,0.081403,0.014365,-9.588778,-0.013856,0.019985,-0.019452
1706616171,2420416,0.117316,0.004788,-9.449914,-0.014389,0.017587,-0.019985
1706616171,2420442,0.090980,-0.026336,-9.564836,-0.011458,0.014922,-0.018919
1706616171,2420468,0.079009,0.011971,-9.495404,-0.014922,0.017320,-0.019452
1706616171,2420493,0.131681,0.014365,-9.612720,-0.011991,0.019185,-0.023449
1706616171,2420519,0.119710,-0.016759,-9.504981,-0.015455,0.018919,-0.021850
1706616171,2420545,0.088585,-0.019154,-9.572019,-0.013323,0.015721,-0.019185
1706616171,2420573,0.110133,-0.045490,-9.490616,-0.013323,0.017320,-0.020251
1706616171,2420599,0.081403,-0.019154,-9.454702,-0.011991,0.016521,-0.020784
1706616171,2420625,0.076614,0.031125,-9.524135,-0.013057,0.014922,-0.023182
1706616171,2420650,0.045490,-0.033519,-9.545682,-0.013057,0.017853,-0.019452
1706616171,2420676,0.062249,-0.038307,-9.560047,-0.013323,0.020518,-0.019985
1706616171,2420702,0.090980,0.016759,-9.576807,-0.010925,0.018386,-0.020518
1706616171,2420728,0.122104,-0.019154,-9.469068,-0.013323,0.018119,-0.019452
1706616171,2420756,0.043096,-0.059855,-9.562442,-0.014389,0.021317,-0.019718
1706616172,2420781,0.146046,-0.026336,-9.473856,-0.013057,0.020518,-0.024781
1706616172,2420807,0.119710,0.014365,-9.574412,-0.013590,0.019452,-0.023449
1706616172,2420833,0.167594,-0.014365,-9.586384,-0.016254,0.015721,-0.020784
1706616172,2420859,0.071826,-0.052672,-9.521740,-0.014389,0.014922,-0.021850
1706616172,2420885,0.059855,0.002394,-9.524135,-0.012524,0.019185,-0.022383
1706616172,2420913,0.071826,-0.009577,-9.550470,-0.014389,0.015455,-0.020251
1706616172,2420938,0.136469,-0.031125,-9.516952,-0.011458,0.015188,-0.022116
1706616172,2420964,0.160412,0.002394,-9.464279,-0.013856,0.018652,-0.021850
1706616172,2420990,0.093374,-0.021548,-9.473856,-0.012790,0.019985,-0.019185
1706616172,2421016,0.124498,0.059855,-9.514558,-0.014389,0.017853,-0.021051
1706616172,2421042,0.095768,-0.016759,-9.579201,-0.012257,0.020518,-0.021850
1706616172,2421067,0.100556,0.031125,-9.497798,-0.015721,0.016787,-0.020784
1706616172,2421095,0.172383,-0.009577,-9.459491,-0.015188,0.018652,-0.021317
1706616172,2421121,0.088585,-0.009577,-9.512163,-0.012524,0.018119,-0.022649
1706616172,2421147,0.146046,0.002394,-9.581595,-0.014123,0.016521,-0.022116
1706616172,2421173,0.136469,0.021548,-9.485827,-0.013856,0.019452,-0.021583
1706616172,2421199,0.064643,0.021548,-9.504981,-0.012524,0.017853,-0.019452
1706616172,2421224,0.074220,0.059855,-9.514558,-0.013590,0.019452,-0.021850
1706616172,2421250,0.146046,0.000000,-9.574412,-0.014922,0.018119,-0.019985
1706616172,2421278,0.079009,-0.014365,-9.548077,-0.014389,0.016254,-0.017320
1706616172,2421304,0.100556,0.067038,-9.406818,-0.014123,0.016787,-0.022383
1706616172,2421330,0.088585,0.000000,-9.504981,-0.014922,0.015988,-0.023715
1706616172,2421355,0.134075,-0.031125,-9.490616,-0.015988,0.018652,-0.019985
1706616172,2421381,0.064643,0.026336,-9.433155,-0.014922,0.015721,-0.021317
1706616172,2421407,0.122104,-0.040701,-9.454702,-0.011724,0.018386,-0.023182
1706616172,2421435,0.110133,0.019154,-9.481039,-0.014389,0.017853,-0.026646
1706616172,2421461,0.093374,-0.004788,-9.471462,-0.014655,0.020251,-0.020251
1706616172,2421487,0.136469,-0.023942,-9.586384,-0.014389,0.016521,-0.022916
1706616172,2421512,0.062249,-0.011971,-9.550470,-0.011724,0.018119,-0.019452
1706616172,2421538,0.095768,0.000000,-9.428367,-0.014655,0.018119,-0.023982
1706616172,2421564,0.071826,0.002394,-9.581595,-0.011191,0.017320,-0.019185
1706616172,2421589,0.110133,0.002394,-9.478644,-0.014389,0.019718,-0.021583
1706616172,2421618,0.093374,-0.021548,-9.531317,-0.016254,0.019185,-0.020251
1706616172,2421644,0.081403,-0.047884,-9.512163,-0.013856,0.018119,-0.022916
1706616172,2421670,0.138864,0.076614,-9.485827,-0.012790,0.015988,-0.020251
1706616172,2421696,0.100556,0.009577,-9.564836,-0.011991,0.017320,-0.021317
1706616172,2421722,0.114922,0.021548,-9.509769,-0.011724,0.014922,-0.023982
1706616172,2421748,0.062249,0.019154,-9.543288,-0.012257,0.018386,-0.021583
1706616172,2421774,0.062249,0.045490,-9.526528,-0.014655,0.019985,-0.020518
1706616173,2421802,0.088585,-0.035913,-9.552865,-0.013323,0.017587,-0.024248
1706616173,2421828,0.129287,0.007183,-9.550470,-0.015721,0.016787,-0.019985
1706616173,2421854,0.095768,-0.016759,-9.478644,-0.014389,0.015988,-0.021051
1706616173,2421880,0.098162,-0.004788,-9.519346,-0.012524,0.014389,-0.019718
1706616173,2421906,0.069432,-0.055067,-9.514558,-0.014922,0.016787,-0.019985
1706616173,2421932,0.167594,-0.028730,-9.445126,-0.013323,0.017054,-0.019985
1706616173,2421961,0.071826,-0.033519,-9.516952,-0.013323,0.019718,-0.025847
1706616173,2421987,0.095768,0.002394,-9.631873,-0.011991,0.018119,-0.023982
1706616173,2422013,0.122104,-0.014365,-9.464279,-0.012790,0.014922,-0.020251
1706616173,2422039,0.081403,-0.033519,-9.600749,-0.014123,0.016787,-0.020518
1706616173,2422065,0.146046,-0.023942,-9.488221,-0.014655,0.017054,-0.022649
1706616173,2422091,0.160412,-0.038307,-9.567230,-0.010392,0.015455,-0.020784
1706616173,2422117,0.055067,-0.052672,-9.509769,-0.015455,0.019718,-0.020251
1706616173,2422146,0.122104,-0.047884,-9.579201,-0.014655,0.018919,-0.021317
1706616173,2422172,0.067038,-0.031125,-9.543288,-0.012524,0.017054,-0.021850
1706616173,2422198,0.107739,-0.035913,-9.485827,-0.013590,0.018919,-0.025314
1706616173,2422224,0.181959,-0.011971,-9.516952,-0.013590,0.016254,-0.021051
1706616173,2422250,0.114922,-0.026336,-9.490616,-0.011724,0.019452,-0.018386
1706616173,2422276,0.069432,-0.007183,-9.483433,-0.013590,0.017587,-0.020784
1706616173,2422302,0.167594,0.021548,-9.574412,-0.015721,0.022116,-0.021317
1706616173,2422331,0.181959,0.002394,-9.605537,-0.013590,0.018919,-0.022649
1706616173,2422357,0.110133,0.028730,-9.459491,-0.017054,0.019452,-0.019985
1706616173,2422383,0.119710,-0.002394,-9.469068,-0.013856,0.014655,-0.021850
1706616173,2422409,0.055067,-0.011971,-9.516952,-0.014123,0.015455,-0.021850
1706616173,2422435,0.136469,0.038307,-9.543288,-0.013590,0.019718,-0.018386
1706616173,2422461,0.095768,0.067038,-9.540894,-0.011991,0.018386,-0.021850
1706616173,2422490,0.090980,-0.007183,-9.531317,-0.012790,0.017853,-0.020784
1706616173,2422516,0.117316,0.000000,-9.445126,-0.011458,0.015455,-0.019185
1706616173,2422542,0.043096,0.059855,-9.442732,-0.014123,0.014655,-0.022383
1706616173,2422568,0.146046,-0.019154,-9.552865,-0.012790,0.017054,-0.021850
1706616173,2422594,0.126893,0.019154,-9.552865,-0.012257,0.019185,-0.018386
1706616173,2422620,0.093374,0.016759,-9.502586,-0.015988,0.019718,-0.022916
1706616173,2422646,0.086191,0.040701,-9.552865,-0.014389,0.020784,-0.021583
1706616173,2422675,0.086191,0.026336,-9.560047,-0.015188,0.018652,-0.017320
1706616173,2422701,0.086191,0.023942,-9.639056,-0.013856,0.013590,-0.018386
1706616173,2422727,0.033519,0.004788,-9.452309,-0.017054,0.017587,-0.020784
1706616173,2422753,0.114922,0.055067,-9.504981,-0.013057,0.017320,-0.019985
1706616174,2422779,0.071826,-0.026336,-9.478644,-0.013057,0.016787,-0.020784
1706616174,2422805,0.067038,-0.045490,-9.540894,-0.014655,0.017054,-0.024248
1706616174,2422831,0.057461,-0.079009,-9.519346,-0.014922,0.015988,-0.019985
1706616174,2422860,0.114922,0.000000,-9.493010,-0.013590,0.014655,-0.023449
1706616174,2422886,0.126893,-0.069432,-9.531317,-0.014655,0.018652,-0.022383
1706616174,2422912,0.074220,-0.011971,-9.595961,-0.013057,0.017054,-0.023715
1706616174,2422938,0.067038,-0.035913,-9.528923,-0.013590,0.019452,-0.022383
1706616174,2422964,0.031125,-0.062249,-9.552865,-0.010392,0.015721,-0.019985
1706616174,2422990,0.122104,-0.011971,-9.562442,-0.014922,0.015188,-0.023449
1706616174,2423026,0.090980,-0.057461,-9.507375,-0.015188,0.018386,-0.023182
1706616174,2423053,0.102951,0.002394,-9.481039,-0.011991,0.019452,-0.020251
1706616174,2423078,0.148441,-0.026336,-9.466674,-0.016521,0.022383,-0.021317
1706616174,2423104,0.138864,0.007183,-9.617508,-0.013057,0.020784,-0.021317
1706616174,2423130,0.093374,-0.088585,-9.564836,-0.012524,0.014922,-0.019718
1706616174,2423155,0.107739,0.021548,-9.478644,-0.014123,0.018652,-0.020518
1706616174,2423181,0.100556,0.011971,-9.493010,-0.013590,0.018652,-0.021051
1706616174,2423209,0.124498,-0.014365,-9.528923,-0.013590,0.016521,-0.022116
1706616174,2423235,0.153229,0.002394,-9.440337,-0.014123,0.015988,-0.019985
1706616174,2423261,0.019154,-0.038307,-9.416395,-0.016254,0.017587,-0.023715
1706616174,2423287,0.112527,-0.086191,-9.507375,-0.013323,0.020251,-0.021051
1706616174,2423313,0.076614,-0.069432,-9.507375,-0.014922,0.016787,-0.021317
1706616174,2423338,0.100556,0.004788,-9.521740,-0.014389,0.019185,-0.022383
1706616174,2423364,0.129287,-0.014365,-9.490616,-0.015188,0.017853,-0.020784
1706616174,2423392,0.090980,0.007183,-9.536105,-0.011991,0.017054,-0.022916
1706616174,2423418,0.165200,0.023942,-9.471462,-0.010658,0.017320,-0.021317
1706616174,2423444,0.076614,-0.059855,-9.483433,-0.013323,0.019452,-0.019185
1706616174,2423470,0.064643,-0.014365,-9.488221,-0.012790,0.019985,-0.019185
1706616174,2423496,0.126893,0.040701,-9.440337,-0.014123,0.018119,-0.021583
1706616174,2423521,0.062249,0.014365,-9.464279,-0.013057,0.016521,-0.021850
1706616174,2423547,0.095768,0.002394,-9.464279,-0.015188,0.018119,-0.021850
1706616174,2423575,0.090980,0.033519,-9.617508,-0.015188,0.018119,-0.022383
1706616174,2423601,0.050278,-0.050278,-9.512163,-0.012790,0.014389,-0.021583
1706616174,2423627,0.122104,0.014365,-9.516952,-0.015988,0.017320,-0.024781
1706616174,2423653,0.098162,-0.007183,-9.454702,-0.013590,0.020518,-0.022116
1706616174,2423679,0.098162,0.040701,-9.442732,-0.014655,0.018119,-0.018386
1706616174,2423705,0.043096,0.002394,-9.504981,-0.012790,0.020251,-0.021583
1706616174,2423733,0.179565,0.007183,-9.514558,-0.014655,0.015455,-0.019185
1706616174,2423758,0.167594,-0.035913,-9.452309,-0.013057,0.018386,-0.021317
1706616175,2423784,0.071826,0.009577,-9.538500,-0.013856,0.018652,-0.021850
1706616175,2423810,0.076614,0.007183,-9.428367,-0.008793,0.018386,-0.023449
1706616175,2423836,0.069432,0.004788,-9.567230,-0.013057,0.017054,-0.024781
1706616175,2423861,0.198719,0.002394,-9.414001,-0.015455,0.018119,-0.019185
1706616175,2423887,0.093374,0.004788,-9.466674,-0.015188,0.020518,-0.019452
1706616175,2423915,0.069432,0.038307,-9.557653,-0.014655,0.020251,-0.024248
1706616175,2423941,0.105345,0.023942,-9.514558,-0.009859,0.020251,-0.021583
1706616175,2423967,0.136469,-0.062249,-9.483433,-0.013057,0.017054,-0.022116
1706616175,2423993,0.090980,-0.045490,-9.442732,-0.014655,0.016787,-0.021850
1706616175,2424018,0.110133,0.011971,-9.531317,-0.012524,0.016787,-0.020251
1706616175,2424044,0.079009,0.002394,-9.583989,-0.013057,0.019718,-0.017320
1706616175,2424070,0.122104,-0.035913,-9.567230,-0.011991,0.018652,-0.019185
1706616175,2424098,0.055067,0.009577,-9.476251,-0.011991,0.019185,-0.021850
1706616175,2424124,0.117316,-0.009577,-9.574412,-0.014922,0.017054,-0.019718
1706616175,2424149,0.107739,-0.007183,-9.507375,-0.011191,0.015188,-0.019985
1706616175,2424175,0.071826,-0.043096,-9.624691,-0.013856,0.015721,-0.017853
1706616175,2424201,0.114922,0.011971,-9.528923,-0.017853,0.016521,-0.020784
1706616175,2424227,0.090980,-0.009577,-9.507375,-0.011991,0.018119,-0.024515
1706616175,2424255,0.119710,0.021548,-9.447520,-0.011458,0.015721,-0.022383
1706616175,2424281,0.155623,0.019154,-9.528923,-0.014655,0.018119,-0.021583
1706616175,2424306,0.093374,0.007183,-9.677363,-0.014655,0.014922,-0.019718
1706616175,2424332,0.071826,-0.016759,-9.526528,-0.013323,0.016521,-0.021583
1706616175,2424358,0.079009,-0.021548,-9.538500,-0.013057,0.018919,-0.021317
1706616175,2424383,0.148441,-0.028730,-9.493010,-0.014655,0.014123,-0.022649
1706616175,2424409,0.093374,-0.040701,-9.564836,-0.013590,0.016521,-0.020784
1706616175,2424438,0.181959,-0.052672,-9.619903,-0.017587,0.018919,-0.022383
1706616175,2424464,0.098162,0.021548,-9.490616,-0.014922,0.016521,-0.021317
1706616175,2424490,0.167594,-0.035913,-9.476251,-0.012790,0.018386,-0.019985
1706616175,2424516,0.100556,-0.009577,-9.516952,-0.015455,0.017853,-0.021850
1706616175,2424542,0.148441,-0.016759,-9.555259,-0.016254,0.015455,-0.021317
1706616175,2424568,0.146046,-0.016759,-9.485827,-0.015988,0.015455,-0.022916
1706616175,2424594,0.067038,0.043096,-9.497798,-0.012790,0.018652,-0.019718
1706616175,2424622,0.095768,-0.055067,-9.483433,-0.013590,0.015455,-0.021317
1706616175,2424648,0.098162,0.002394,-9.490616,-0.013323,0.017054,-0.021850
1706616175,2424674,0.122104,0.028730,-9.533711,-0.014655,0.018119,-0.022649
1706616175,2424701,0.146046,0.002394,-9.574412,-0.013323,0.017587,-0.021051
1706616175,2424727,0.146046,-0.004788,-9.552865,-0.016521,0.018119,-0.020784
1706616175,2424753,0.155623,0.004788,-9.662998,-0.013057,0.017587,-0.023715
1706616176,2424781,0.098162,0.007183,-9.569624,-0.013590,0.021051,-0.022649
1706616176,2424807,0.086191,-0.038307,-9.538500,-0.016521,0.019185,-0.022116
1706616176,2424833,0.150835,-0.019154,-9.528923,-0.011458,0.013323,-0.023449
1706616176,2424859,0.110133,-0.033519,-9.557653,-0.014389,0.020251,-0.019718
1706616176,2424885,0.117316,-0.026336,-9.528923,-0.015721,0.017320,-0.022649
1706616176,2424911,0.093374,-0.026336,-9.572019,-0.015988,0.020784,-0.022649
1706616176,2424938,0.117316,0.023942,-9.461885,-0.015455,0.018119,-0.022383
1706616176,2424966,0.117316,-0.026336,-9.526528,-0.012790,0.015188,-0.020784
1706616176,2424992,0.129287,0.019154,-9.562442,-0.014123,0.017853,-0.021850
1706616176,2425018,0.083797,-0.014365,-9.581595,-0.013856,0.018386,-0.021850
1706616176,2425044,0.126893,-0.021548,-9.562442,-0.011724,0.019985,-0.022383
1706616176,2425070,0.064643,-0.021548,-9.538500,-0.012790,0.017587,-0.020784
1706616176,2425096,0.057461,-0.014365,-9.437943,-0.015188,0.017320,-0.022916
1706616176,2425122,0.165200,-0.033519,-9.583989,-0.013057,0.021051,-0.019452
1706616176,2425151,0.131681,-0.019154,-9.454702,-0.014123,0.015455,-0.021850
1706616176,2425177,0.141258,0.028730,-9.512163,-0.015188,0.018919,-0.022116
1706616176,2425203,0.165200,0.052672,-9.485827,-0.013590,0.021051,-0.021051
1706616176,2425229,0.069432,-0.009577,-9.545682,-0.015188,0.015188,-0.021317
1706616176,2425255,0.100556,-0.019154,-9.507375,-0.014389,0.016254,-0.017853
1706616176,2425281,0.098162,0.071826,-9.507375,-0.013057,0.019452,-0.022383
1706616176,2425310,0.131681,-0.019154,-9.555259,-0.015455,0.019185,-0.022383
1706616176,2425336,0.067038,-0.016759,-9.471462,-0.009859,0.021051,-0.021051
1706616176,2425362,0.074220,-0.098162,-9.555259,-0.011991,0.016254,-0.021317
1706616176,2425388,0.126893,-0.071826,-9.528923,-0.014389,0.016787,-0.019985
1706616176,2425414,0.112527,-0.064643,-9.514558,-0.012524,0.016787,-0.020251
1706616176,2425440,0.124498,0.004788,-9.478644,-0.015721,0.017054,-0.019718
1706616176,2425466,0.119710,-0.007183,-9.464279,-0.014655,0.018119,-0.022916
1706616176,2425495,0.105345,-0.021548,-9.552865,-0.014922,0.014922,-0.019718
1706616176,2425521,0.136469,-0.011971,-9.581595,-0.014922,0.017587,-0.022116
1706616176,2425547,0.062249,-0.002394,-9.461885,-0.013856,0.018119,-0.021317
1706616176,2425573,0.129287,-0.021548,-9.509769,-0.014389,0.018919,-0.022649
1706616176,2425599,0.105345,-0.035913,-9.524135,-0.012257,0.017320,-0.021850
1706616176,2425625,0.136469,0.019154,-9.560047,-0.014655,0.018386,-0.021583
1706616176,2425651,0.141258,-0.050278,-9.430760,-0.015988,0.017320,-0.022649
1706616176,2425680,0.100556,0.040701,-9.509769,-0.014922,0.016787,-0.022916
1706616176,2425706,0.040701,-0.026336,-9.488221,-0.015721,0.017320,-0.024781
1706616176,2425732,0.102951,-0.033519,-9.538500,-0.013856,0.014123,-0.018919
1706616176,2425758,0.059855,-0.014365,-9.519346,-0.012790,0.017853,-0.022383
