timestamp,millis,AccX,AccY,AccZ,GyroX,GyroY,GyroZ
1703069219,1404362,0.177171,-0.011971,-10.122684
1703069219,1404381,0.181959,0.117316,-8.743625
1703069219,1404400,0.181959,-0.023942,-9.890448
1703069219,1404419,0.174777,0.002394,-9.619903
1703069219,1404437,0.174777,0.035913,-8.892065
1703069219,1404456,0.275333,-0.064643,-10.120291
1703069219,1404475,0.179565,0.064643,-9.018958
1703069219,1404494,0.239420,0.023942,-9.406818
1703069219,1404513,0.196325,-0.016759,-10.002975
1703069219,1404532,0.208296,0.026336,-8.887277
1703069219,1404553,0.174777,0.064643,-9.670180
1703069219,1404572,0.141258,0.014365,-9.832987
1703069219,1404590,0.134075,0.071826,-8.927979
1703069219,1404609,0.184354,-0.035913,-9.976639
1703069219,1404628,0.155623,0.071826,-9.337387
1703069219,1404647,0.189142,0.100556,-9.193734
1703069219,1404665,0.181959,0.009577,-9.947908
1703069219,1404684,0.208296,0.110133,-9.050082
1703069219,1404703,0.229843,0.083797,-9.533711
1703069219,1404722,0.205901,-0.014365,-9.706094
1703069219,1404741,0.162806,0.052672,-9.097966
1703069219,1404762,0.181959,-0.004788,-9.773131
1703069219,1404781,0.126893,0.095768,-9.651027
1703069219,1404800,0.174777,0.059855,-9.105149
1703069219,1404819,0.248997,-0.021548,-9.856929
1703069219,1404838,0.246603,0.011971,-9.227253
1703069219,1404857,0.179565,0.007183,-9.294291
1703069219,1404876,0.193930,-0.028730,-9.938332
1703069219,1404895,0.208296,0.028730,-9.133880
1703069219,1404914,0.141258,0.081403,-9.588778
1703069219,1404933,0.201113,-0.055067,-9.686940
1703069219,1404952,0.237026,0.009577,-9.100361
1703069219,1404974,0.193930,0.007183,-9.464279
1703069219,1404993,0.198719,0.002394,-9.720459
1703069219,1405012,0.210690,0.055067,-9.093178
1703069219,1405031,0.203507,-0.011971,-9.753978
1703069219,1405050,0.184354,0.028730,-9.485827
1703069219,1405070,0.186748,0.023942,-9.330204
1703069219,1405089,0.201113,0.004788,-9.813833
1703069219,1405108,0.193930,0.031125,-9.469068
1703069219,1405127,0.184354,0.079009,-9.483433
1703069219,1405146,0.232238,-0.021548,-9.689334
1703069219,1405168,0.229843,0.023942,-9.299079
1703069219,1405187,0.203507,-0.014365,-9.327810
1703069219,1405206,0.253785,0.009577,-9.662998
1703069219,1405225,0.148441,0.004788,-9.358934
1703069219,1405244,0.191536,0.026336,-9.521740
1703069219,1405264,0.186748,0.052672,-9.574412
1703069219,1405283,0.201113,0.105345,-9.203311
1703069219,1405302,0.162806,0.004788,-9.653421
1703069219,1405321,0.179565,0.011971,-9.464279
1703069220,1405340,0.213084,0.038307,-9.390059
1703069220,1405359,0.165200,0.064643,-9.785102
1703069220,1405381,0.184354,0.102951,-9.483433
1703069220,1405400,0.193930,0.050278,-9.402030
1703069220,1405420,0.201113,0.014365,-9.603143
1703069220,1405439,0.215478,0.038307,-9.457097
1703069220,1405458,0.169988,0.052672,-9.402030
1703069220,1405477,0.246603,0.028730,-9.612720
1703069220,1405496,0.179565,0.047884,-9.176975
1703069220,1405515,0.210690,0.045490,-9.473856
1703069220,1405534,0.213084,0.083797,-9.526528
1703069220,1405554,0.193930,0.059855,-9.327810
1703069220,1405573,0.217872,0.045490,-9.641450
1703069220,1405594,0.198719,0.031125,-9.507375
1703069220,1405614,0.143652,0.031125,-9.287108
1703069220,1405633,0.229843,0.079009,-9.552865
1703069220,1405652,0.222661,0.014365,-9.433155
1703069220,1405671,0.253785,0.031125,-9.354146
1703069220,1405690,0.162806,-0.009577,-9.595961
1703069220,1405709,0.189142,0.079009,-9.418790
1703069220,1405729,0.193930,0.045490,-9.469068
1703069220,1405748,0.136469,0.045490,-9.583989
1703069220,1405767,0.191536,0.126893,-9.351752
1703069220,1405786,0.162806,-0.009577,-9.459491
1703069220,1405808,0.191536,0.016759,-9.548077
1703069220,1405827,0.160412,0.055067,-9.239224
1703069220,1405846,0.189142,0.004788,-9.445126
1703069220,1405865,0.189142,0.021548,-9.457097
1703069220,1405884,0.189142,0.043096,-9.385271
1703069220,1405903,0.153229,0.009577,-9.600749
1703069220,1405922,0.205901,0.028730,-9.461885
1703069220,1405942,0.253785,0.033519,-9.497798
1703069220,1405961,0.165200,0.076614,-9.433155
1703069220,1405980,0.201113,-0.026336,-9.368511
1703069220,1405999,0.222661,0.007183,-9.440337
1703069220,1406021,0.208296,0.021548,-9.562442
1703069220,1406040,0.208296,0.057461,-9.378088
1703069220,1406059,0.165200,0.014365,-9.459491
1703069220,1406078,0.217872,0.052672,-9.624691
1703069220,1406097,0.260968,0.100556,-9.423578
1703069220,1406116,0.215478,0.033519,-9.538500
1703069220,1406135,0.213084,0.079009,-9.548077
1703069220,1406155,0.193930,0.035913,-9.454702
1703069220,1406174,0.210690,0.057461,-9.560047
1703069220,1406193,0.210690,0.062249,-9.500193
1703069220,1406212,0.201113,-0.004788,-9.509769
1703069220,1406233,0.186748,-0.019154,-9.495404
1703069220,1406253,0.177171,-0.019154,-9.445126
1703069220,1406272,0.196325,-0.002394,-9.548077
1703069220,1406291,0.189142,0.011971,-9.375694
1703069220,1406310,0.172383,-0.007183,-9.485827
1703069220,1406329,0.213084,-0.007183,-9.586384
1703069221,1406348,0.189142,0.050278,-9.449914
1703069221,1406367,0.169988,0.026336,-9.459491
1703069221,1406386,0.237026,0.026336,-9.469068
1703069221,1406405,0.189142,0.045490,-9.442732
1703069221,1406424,0.246603,0.043096,-9.411607
1703069221,1406453,0.172383,0.038307,-9.466674
1703069221,1406473,0.227449,0.035913,-9.483433
1703069221,1406492,0.241814,0.083797,-9.440337
1703069221,1406511,0.150835,0.019154,-9.586384
1703069221,1406529,0.201113,0.038307,-9.423578
1703069221,1406548,0.220267,0.045490,-9.512163
1703069221,1406567,0.201113,0.079009,-9.557653
1703069221,1406586,0.169988,0.009577,-9.418790
1703069221,1406605,0.227449,0.019154,-9.497798
1703069221,1406623,0.138864,0.043096,-9.512163
1703069221,1406645,0.205901,0.050278,-9.392453
1703069221,1406663,0.232238,0.040701,-9.485827
1703069221,1406682,0.203507,-0.011971,-9.500193
1703069221,1406701,0.167594,0.035913,-9.464279
1703069221,1406720,0.117316,0.028730,-9.519346
1703069221,1406739,0.246603,0.033519,-9.464279
1703069221,1406758,0.244209,0.007183,-9.504981
1703069221,1406777,0.184354,0.019154,-9.507375
1703069221,1406795,0.177171,0.038307,-9.449914
1703069221,1406814,0.227449,0.055067,-9.469068
1703069221,1406833,0.150835,0.052672,-9.502586
1703069221,1406854,0.258574,0.021548,-9.478644
1703069221,1406873,0.232238,-0.016759,-9.421184
1703069221,1406892,0.215478,0.069432,-9.514558
1703069221,1406911,0.203507,0.021548,-9.428367
1703069221,1406930,0.227449,0.004788,-9.509769
1703069221,1406948,0.205901,0.007183,-9.507375
1703069221,1406967,0.210690,0.059855,-9.493010
1703069221,1406986,0.220267,0.002394,-9.481039
1703069221,1407005,0.179565,-0.038307,-9.516952
1703069221,1407024,0.196325,0.050278,-9.521740
1703069221,1407043,0.186748,0.100556,-9.387665
1703069221,1407064,0.208296,0.062249,-9.445126
1703069221,1407083,0.191536,0.002394,-9.387665
1703069221,1407102,0.158017,0.000000,-9.519346
1703069221,1407120,0.107739,0.014365,-9.423578
1703069221,1407139,0.193930,0.035913,-9.440337
1703069221,1407158,0.131681,-0.009577,-9.464279
1703069221,1407177,0.172383,0.002394,-9.521740
1703069221,1407196,0.213084,0.021548,-9.485827
1703069221,1407215,0.198719,0.069432,-9.399636
1703069221,1407234,0.146046,0.067038,-9.521740
1703069221,1407252,0.205901,0.021548,-9.445126
1703069221,1407274,0.215478,0.007183,-9.452309
1703069221,1407292,0.150835,0.009577,-9.567230
1703069221,1407311,0.222661,0.059855,-9.459491
1703069221,1407330,0.177171,0.047884,-9.466674
1703069222,1407349,0.165200,0.076614,-9.581595
1703069222,1407368,0.205901,0.050278,-9.481039
1703069222,1407387,0.136469,0.009577,-9.562442
1703069222,1407406,0.208296,0.014365,-9.490616
1703069222,1407425,0.162806,0.040701,-9.497798
1703069222,1407443,0.143652,0.014365,-9.504981
1703069222,1407462,0.258574,0.021548,-9.500193
1703069222,1407483,0.172383,0.055067,-9.540894
1703069222,1407502,0.193930,0.028730,-9.461885
1703069222,1407521,0.179565,0.028730,-9.380483
1703069222,1407540,0.186748,0.019154,-9.552865
1703069222,1407559,0.222661,0.014365,-9.483433
1703069222,1407578,0.241814,0.016759,-9.533711
1703069222,1407597,0.205901,-0.002394,-9.495404
1703069222,1407615,0.177171,0.021548,-9.490616
1703069222,1407634,0.201113,0.038307,-9.430760
1703069222,1407653,0.220267,0.059855,-9.437943
1703069222,1407672,0.153229,-0.023942,-9.483433
1703069222,1407693,0.155623,-0.004788,-9.428367
1703069222,1407712,0.201113,0.071826,-9.423578
1703069222,1407731,0.220267,-0.033519,-9.449914
1703069222,1407750,0.172383,0.047884,-9.402030
1703069222,1407769,0.225055,0.035913,-9.454702
1703069222,1407787,0.193930,0.023942,-9.536105
1703069222,1407806,0.287304,0.009577,-9.516952
1703069222,1407825,0.215478,0.069432,-9.507375
1703069222,1407844,0.205901,-0.011971,-9.461885
1703069222,1407863,0.196325,0.009577,-9.397242
1703069222,1407882,0.292093,0.064643,-9.476251
1703069222,1407903,0.237026,-0.004788,-9.497798
1703069222,1407922,0.162806,0.023942,-9.600749
1703069222,1407940,0.248997,0.069432,-9.497798
1703069222,1407959,0.181959,0.059855,-9.445126
1703069222,1407978,0.191536,-0.021548,-9.531317
1703069222,1407997,0.237026,0.067038,-9.435549
1703069222,1408015,0.225055,0.045490,-9.423578
1703069222,1408034,0.215478,-0.026336,-9.524135
1703069222,1408053,0.227449,0.067038,-9.502586
1703069222,1408072,0.253785,0.074220,-9.504981
1703069222,1408093,0.158017,0.021548,-9.469068
1703069222,1408112,0.148441,0.007183,-9.452309
1703069222,1408131,0.213084,0.055067,-9.567230
1703069222,1408150,0.220267,0.035913,-9.449914
1703069222,1408169,0.193930,-0.016759,-9.493010
1703069222,1408188,0.177171,0.002394,-9.476251
1703069222,1408207,0.213084,0.035913,-9.500193
1703069222,1408226,0.258574,0.031125,-9.459491
1703069222,1408245,0.179565,0.057461,-9.447520
1703069222,1408265,0.251391,0.000000,-9.476251
1703069222,1408284,0.146046,0.009577,-9.481039
1703069222,1408305,0.155623,-0.009577,-9.540894
1703069222,1408324,0.196325,0.052672,-9.447520
1703069223,1408343,0.158017,0.038307,-9.538500
1703069223,1408363,0.174777,-0.021548,-9.588778
1703069223,1408382,0.201113,0.057461,-9.490616
1703069223,1408401,0.122104,0.040701,-9.437943
1703069223,1408420,0.177171,0.040701,-9.454702
1703069223,1408439,0.181959,0.059855,-9.572019
1703069223,1408458,0.227449,0.023942,-9.504981
1703069223,1408478,0.198719,-0.004788,-9.502586
1703069223,1408497,0.179565,0.021548,-9.416395
1703069223,1408518,0.186748,0.086191,-9.524135
1703069223,1408537,0.196325,0.076614,-9.521740
1703069223,1408557,0.189142,0.071826,-9.452309
1703069223,1408576,0.222661,0.064643,-9.435549
1703069223,1408595,0.167594,0.004788,-9.382876
1703069223,1408614,0.169988,-0.002394,-9.469068
1703069223,1408633,0.248997,0.047884,-9.440337
1703069223,1408652,0.165200,0.055067,-9.490616
1703069223,1408672,0.256180,0.031125,-9.504981
1703069223,1408691,0.198719,0.038307,-9.394848
1703069223,1408710,0.205901,0.026336,-9.414001
1703069223,1408732,0.172383,0.019154,-9.514558
1703069223,1408751,0.184354,0.014365,-9.516952
1703069223,1408770,0.179565,0.007183,-9.516952
1703069223,1408789,0.215478,0.033519,-9.473856
1703069223,1408808,0.134075,0.050278,-9.437943
1703069223,1408827,0.229843,0.019154,-9.469068
1703069223,1408847,0.155623,-0.009577,-9.414001
1703069223,1408866,0.205901,0.043096,-9.469068
1703069223,1408885,0.198719,0.007183,-9.464279
1703069223,1408904,0.205901,0.059855,-9.428367
1703069223,1408923,0.205901,0.016759,-9.466674
1703069223,1408945,0.179565,-0.004788,-9.411607
1703069223,1408964,0.241814,0.016759,-9.440337
1703069223,1408983,0.158017,-0.031125,-9.469068
1703069223,1409002,0.244209,0.052672,-9.466674
1703069223,1409021,0.246603,0.045490,-9.509769
1703069223,1409041,0.213084,0.100556,-9.435549
1703069223,1409060,0.215478,0.050278,-9.411607
1703069223,1409079,0.186748,0.009577,-9.524135
1703069223,1409098,0.246603,0.038307,-9.402030
1703069223,1409117,0.172383,0.074220,-9.476251
1703069223,1409136,0.162806,0.090980,-9.399636
1703069223,1409169,0.189142,0.011971,-9.447520
1703069223,1409188,0.241814,0.000000,-9.504981
1703069223,1409207,0.208296,0.021548,-9.430760
1703069223,1409226,0.215478,-0.016759,-9.473856
1703069223,1409245,0.134075,0.007183,-9.464279
1703069223,1409264,0.237026,-0.040701,-9.452309
1703069223,1409283,0.239420,0.086191,-9.485827
1703069223,1409302,0.220267,0.040701,-9.454702
1703069223,1409321,0.244209,0.055067,-9.464279
1703069224,1409341,0.146046,-0.026336,-9.394848
1703069224,1409360,0.189142,0.014365,-9.567230
1703069224,1409381,0.186748,0.031125,-9.461885
1703069224,1409401,0.270545,0.023942,-9.433155
1703069224,1409420,0.186748,0.002394,-9.414001
1703069224,1409439,0.167594,0.038307,-9.447520
1703069224,1409458,0.181959,0.004788,-9.418790
1703069224,1409477,0.153229,0.021548,-9.464279
1703069224,1409496,0.196325,0.045490,-9.519346
1703069224,1409515,0.201113,-0.007183,-9.390059
1703069224,1409535,0.181959,-0.019154,-9.545682
1703069224,1409554,0.213084,0.026336,-9.493010
1703069224,1409575,0.177171,-0.033519,-9.387665
1703069224,1409594,0.205901,-0.014365,-9.418790
1703069224,1409613,0.181959,0.067038,-9.445126
1703069224,1409632,0.150835,0.019154,-9.459491
1703069224,1409652,0.198719,0.035913,-9.452309
1703069224,1409671,0.181959,0.023942,-9.476251
1703069224,1409690,0.225055,0.043096,-9.543288
1703069224,1409709,0.208296,0.007183,-9.457097
1703069224,1409728,0.244209,0.031125,-9.493010
1703069224,1409747,0.241814,0.028730,-9.507375
1703069224,1409766,0.153229,0.028730,-9.497798
1703069224,1409795,0.196325,0.062249,-9.516952
1703069224,1409815,0.155623,0.052672,-9.469068
1703069224,1409833,0.172383,0.071826,-9.502586
1703069224,1409852,0.213084,-0.031125,-9.519346
1703069224,1409871,0.217872,0.057461,-9.440337
1703069224,1409890,0.213084,0.045490,-9.464279
1703069224,1409909,0.160412,0.050278,-9.471462
1703069224,1409927,0.141258,0.045490,-9.533711
1703069224,1409946,0.126893,0.062249,-9.428367
1703069224,1409965,0.172383,0.031125,-9.557653
1703069224,1409984,0.179565,0.031125,-9.454702
1703069224,1410005,0.229843,0.026336,-9.437943
1703069224,1410024,0.177171,0.050278,-9.507375
1703069224,1410043,0.215478,0.043096,-9.497798
1703069224,1410061,0.232238,0.043096,-9.478644
1703069224,1410080,0.239420,-0.011971,-9.497798
1703069224,1410099,0.203507,0.081403,-9.540894
1703069224,1410118,0.256180,0.052672,-9.399636
1703069224,1410137,0.179565,0.031125,-9.469068
1703069224,1410156,0.189142,0.009577,-9.493010
1703069224,1410174,0.205901,0.038307,-9.509769
1703069224,1410193,0.205901,0.040701,-9.461885
1703069224,1410214,0.244209,0.011971,-9.394848
1703069224,1410233,0.179565,0.009577,-9.576807
1703069224,1410252,0.198719,0.040701,-9.579201
1703069224,1410271,0.201113,0.086191,-9.516952
1703069224,1410290,0.220267,0.026336,-9.516952
1703069224,1410309,0.117316,0.016759,-9.433155
1703069224,1410328,0.251391,0.076614,-9.449914
1703069225,1410346,0.229843,0.002394,-9.457097
1703069225,1410365,0.153229,0.028730,-9.476251
1703069225,1410384,0.239420,0.014365,-9.488221
1703069225,1410403,0.189142,0.050278,-9.454702
1703069225,1410424,0.213084,-0.031125,-9.445126
1703069225,1410443,0.239420,0.067038,-9.428367
1703069225,1410462,0.189142,0.038307,-9.516952
1703069225,1410481,0.150835,0.102951,-9.483433
1703069225,1410500,0.229843,0.079009,-9.464279
1703069225,1410519,0.191536,0.067038,-9.598354
1703069225,1410537,0.229843,0.071826,-9.519346
1703069225,1410556,0.222661,0.035913,-9.473856
1703069225,1410575,0.205901,-0.009577,-9.402030
1703069225,1410594,0.189142,0.028730,-9.497798
1703069225,1410613,0.160412,0.028730,-9.423578
1703069225,1410634,0.193930,0.050278,-9.531317
1703069225,1410653,0.232238,0.057461,-9.392453
1703069225,1410672,0.205901,0.016759,-9.454702
1703069225,1410691,0.222661,0.045490,-9.536105
1703069225,1410709,0.205901,-0.038307,-9.435549
1703069225,1410728,0.232238,0.028730,-9.490616
1703069225,1410747,0.162806,0.016759,-9.524135
1703069225,1410766,0.220267,0.057461,-9.320627
1703069225,1410785,0.189142,0.009577,-9.490616
1703069225,1410804,0.213084,0.074220,-9.469068
1703069225,1410822,0.167594,0.021548,-9.481039
1703069225,1410844,0.146046,0.040701,-9.540894
1703069225,1410863,0.213084,0.071826,-9.500193
1703069225,1410881,0.241814,0.071826,-9.526528
1703069225,1410900,0.234632,0.021548,-9.373300
1703069225,1410919,0.186748,0.028730,-9.545682
1703069225,1410938,0.148441,0.043096,-9.504981
1703069225,1410957,0.162806,0.021548,-9.481039
1703069225,1410976,0.217872,0.064643,-9.421184
1703069225,1410994,0.143652,0.031125,-9.454702
1703069225,1411013,0.172383,0.038307,-9.433155
1703069225,1411032,0.191536,0.031125,-9.433155
1703069225,1411053,0.205901,0.031125,-9.440337
1703069225,1411072,0.222661,0.043096,-9.457097
1703069225,1411091,0.203507,0.086191,-9.425972
1703069225,1411110,0.160412,0.016759,-9.504981
1703069225,1411129,0.220267,0.016759,-9.485827
1703069225,1411148,0.167594,0.038307,-9.435549
1703069225,1411166,0.196325,-0.014365,-9.433155
1703069225,1411185,0.181959,0.069432,-9.447520
1703069225,1411204,0.134075,0.031125,-9.538500
1703069225,1411223,0.239420,0.009577,-9.404425
1703069225,1411244,0.181959,0.033519,-9.409213
1703069225,1411263,0.193930,0.014365,-9.428367
1703069225,1411282,0.184354,0.069432,-9.512163
1703069225,1411300,0.141258,0.033519,-9.490616
1703069225,1411319,0.225055,0.071826,-9.459491
1703069226,1411338,0.246603,0.035913,-9.514558
1703069226,1411357,0.225055,0.014365,-9.459491
1703069226,1411376,0.244209,0.035913,-9.497798
1703069226,1411395,0.208296,-0.052672,-9.504981
1703069226,1411413,0.158017,0.035913,-9.504981
1703069226,1411432,0.165200,0.016759,-9.473856
1703069226,1411453,0.198719,0.071826,-9.471462
1703069226,1411472,0.217872,-0.028730,-9.509769
1703069226,1411491,0.165200,0.033519,-9.459491
1703069226,1411510,0.201113,0.014365,-9.526528
1703069226,1411529,0.208296,0.021548,-9.555259
1703069226,1411549,0.196325,-0.031125,-9.507375
1703069226,1411568,0.186748,0.031125,-9.437943
1703069226,1411587,0.162806,0.047884,-9.548077
1703069226,1411606,0.251391,0.031125,-9.483433
1703069226,1411625,0.234632,0.057461,-9.610326
1703069226,1411644,0.270545,0.031125,-9.416395
1703069226,1411665,0.160412,0.050278,-9.428367
1703069226,1411685,0.258574,0.043096,-9.504981
1703069226,1411704,0.177171,0.093374,-9.437943
1703069226,1411723,0.165200,0.011971,-9.485827
1703069226,1411742,0.229843,0.011971,-9.464279
1703069226,1411761,0.172383,0.023942,-9.469068
1703069226,1411780,0.205901,0.059855,-9.459491
1703069226,1411799,0.191536,0.002394,-9.387665
1703069226,1411819,0.225055,0.014365,-9.476251
1703069226,1411838,0.179565,0.021548,-9.524135
1703069226,1411857,0.227449,0.067038,-9.502586
1703069226,1411878,0.201113,-0.014365,-9.526528
1703069226,1411898,0.208296,0.088585,-9.481039
1703069226,1411917,0.181959,0.021548,-9.471462
1703069226,1411936,0.220267,0.019154,-9.540894
1703069226,1411955,0.241814,0.000000,-9.516952
1703069226,1411974,0.198719,0.081403,-9.435549
1703069226,1411993,0.184354,0.055067,-9.476251
1703069226,1412013,0.198719,0.069432,-9.507375
1703069226,1412032,0.234632,-0.009577,-9.543288
1703069226,1412051,0.220267,0.112527,-9.543288
1703069226,1412070,0.155623,0.028730,-9.500193
1703069226,1412092,0.222661,0.057461,-9.461885
1703069226,1412111,0.158017,0.019154,-9.457097
1703069226,1412130,0.201113,0.057461,-9.562442
1703069226,1412149,0.260968,0.016759,-9.464279
1703069226,1412168,0.244209,-0.014365,-9.560047
1703069226,1412187,0.155623,0.050278,-9.526528
1703069226,1412207,0.198719,0.095768,-9.607931
1703069226,1412226,0.203507,0.038307,-9.457097
1703069226,1412245,0.148441,0.059855,-9.459491
1703069226,1412264,0.191536,0.021548,-9.397242
1703069226,1412283,0.174777,0.031125,-9.514558
1703069226,1412305,0.189142,0.014365,-9.454702
1703069226,1412324,0.215478,0.064643,-9.493010
1703069227,1412343,0.232238,0.009577,-9.425972
1703069227,1412362,0.198719,-0.016759,-9.524135
1703069227,1412382,0.237026,0.038307,-9.495404
1703069227,1412401,0.155623,0.045490,-9.490616
1703069227,1412420,0.167594,0.040701,-9.514558
1703069227,1412439,0.229843,0.011971,-9.583989
1703069227,1412458,0.165200,0.057461,-9.497798
1703069227,1412478,0.172383,0.083797,-9.504981
1703069227,1412497,0.251391,0.086191,-9.545682
1703069227,1412518,0.248997,0.045490,-9.469068
1703069227,1412538,0.203507,0.028730,-9.490616
1703069227,1412557,0.208296,0.071826,-9.524135
1703069227,1412576,0.181959,-0.016759,-9.488221
1703069227,1412595,0.227449,0.081403,-9.411607
1703069227,1412614,0.256180,0.093374,-9.428367
1703069227,1412633,0.205901,0.023942,-9.500193
1703069227,1412652,0.222661,-0.007183,-9.440337
1703069227,1412672,0.220267,0.062249,-9.471462
1703069227,1412691,0.179565,0.059855,-9.533711
1703069227,1412712,0.213084,0.016759,-9.423578
1703069227,1412731,0.251391,0.002394,-9.540894
1703069227,1412750,0.237026,0.050278,-9.466674
1703069227,1412770,0.172383,0.026336,-9.526528
1703069227,1412789,0.201113,-0.007183,-9.490616
1703069227,1412808,0.186748,0.019154,-9.543288
1703069227,1412827,0.169988,0.107739,-9.483433
1703069227,1412846,0.186748,0.071826,-9.519346
1703069227,1412865,0.217872,0.028730,-9.507375
1703069227,1412884,0.246603,0.033519,-9.428367
1703069227,1412904,0.241814,0.004788,-9.521740
1703069227,1412925,0.229843,-0.002394,-9.478644
1703069227,1412944,0.189142,0.026336,-9.459491
1703069227,1412963,0.160412,0.023942,-9.560047
1703069227,1412982,0.241814,0.014365,-9.445126
1703069227,1413001,0.181959,0.004788,-9.504981
1703069227,1413020,0.193930,0.081403,-9.490616
1703069227,1413040,0.160412,0.107739,-9.361329
1703069227,1413059,0.177171,0.014365,-9.461885
1703069227,1413078,0.181959,0.009577,-9.380483
1703069227,1413097,0.237026,0.045490,-9.488221
1703069227,1413116,0.213084,0.043096,-9.485827
1703069227,1413145,0.169988,0.016759,-9.567230
1703069227,1413165,0.165200,0.035913,-9.478644
1703069227,1413183,0.248997,0.031125,-9.437943
1703069227,1413202,0.248997,-0.011971,-9.351752
1703069227,1413221,0.196325,-0.002394,-9.471462
1703069227,1413240,0.215478,0.050278,-9.500193
1703069227,1413258,0.237026,0.023942,-9.493010
1703069227,1413277,0.124498,0.021548,-9.548077
1703069227,1413296,0.208296,0.045490,-9.471462
1703069227,1413315,0.177171,0.002394,-9.421184
1703069227,1413334,0.193930,0.009577,-9.531317
1703069228,1413355,0.165200,-0.023942,-9.528923
1703069228,1413374,0.232238,-0.002394,-9.430760
1703069228,1413392,0.165200,0.019154,-9.504981
1703069228,1413411,0.201113,0.016759,-9.516952
1703069228,1413430,0.208296,0.038307,-9.442732
1703069228,1413449,0.232238,0.023942,-9.440337
1703069228,1413468,0.186748,-0.007183,-9.543288
1703069228,1413487,0.220267,0.031125,-9.481039
1703069228,1413506,0.229843,-0.011971,-9.442732
1703069228,1413524,0.213084,0.040701,-9.370906
1703069228,1413543,0.256180,0.007183,-9.481039
1703069228,1413564,0.208296,0.021548,-9.454702
1703069228,1413583,0.201113,0.040701,-9.466674
1703069228,1413602,0.167594,0.052672,-9.428367
1703069228,1413621,0.210690,0.021548,-9.449914
1703069228,1413640,0.196325,0.011971,-9.557653
1703069228,1413659,0.225055,0.021548,-9.497798
1703069228,1413678,0.208296,0.052672,-9.524135
1703069228,1413696,0.158017,0.069432,-9.464279
1703069228,1413715,0.222661,0.038307,-9.418790
1703069228,1413734,0.217872,0.057461,-9.471462
1703069228,1413753,0.169988,0.016759,-9.485827
1703069228,1413774,0.191536,0.112527,-9.454702
1703069228,1413793,0.227449,0.088585,-9.526528
1703069228,1413812,0.160412,0.038307,-9.442732
1703069228,1413831,0.217872,0.000000,-9.471462
1703069228,1413850,0.208296,0.045490,-9.433155
1703069228,1413868,0.251391,0.088585,-9.378088
1703069228,1413887,0.172383,0.045490,-9.481039
1703069228,1413906,0.158017,0.050278,-9.478644
1703069228,1413925,0.205901,0.014365,-9.440337
1703069228,1413944,0.193930,0.016759,-9.469068
1703069228,1413963,0.189142,0.038307,-9.543288
1703069228,1413984,0.167594,0.038307,-9.469068
1703069228,1414003,0.294487,0.040701,-9.538500
1703069228,1414022,0.208296,0.074220,-9.454702
1703069228,1414040,0.227449,0.028730,-9.536105
1703069228,1414059,0.177171,0.023942,-9.430760
1703069228,1414078,0.234632,0.040701,-9.526528
1703069228,1414097,0.217872,0.028730,-9.495404
1703069228,1414116,0.191536,0.040701,-9.485827
1703069228,1414135,0.241814,0.040701,-9.471462
1703069228,1414154,0.165200,0.112527,-9.473856
1703069228,1414172,0.225055,0.021548,-9.435549
1703069228,1414194,0.155623,0.069432,-9.497798
1703069228,1414213,0.201113,0.023942,-9.490616
1703069228,1414231,0.229843,0.043096,-9.545682
1703069228,1414250,0.208296,0.038307,-9.469068
1703069228,1414269,0.141258,0.016759,-9.512163
1703069228,1414288,0.158017,0.052672,-9.543288
1703069228,1414307,0.189142,-0.009577,-9.502586
1703069228,1414326,0.196325,0.007183,-9.411607
1703069229,1414344,0.210690,0.002394,-9.425972
1703069229,1414363,0.143652,0.079009,-9.457097
1703069229,1414385,0.213084,0.009577,-9.567230
1703069229,1414404,0.193930,0.000000,-9.485827
1703069229,1414422,0.153229,-0.009577,-9.490616
1703069229,1414441,0.232238,0.098162,-9.445126
1703069229,1414460,0.244209,0.088585,-9.397242
1703069229,1414479,0.208296,0.047884,-9.528923
1703069229,1414498,0.158017,0.057461,-9.421184
1703069229,1414517,0.217872,0.055067,-9.512163
1703069229,1414536,0.234632,0.004788,-9.574412
1703069229,1414554,0.198719,0.043096,-9.528923
1703069229,1414573,0.232238,0.031125,-9.442732
1703069229,1414594,0.193930,0.038307,-9.488221
1703069229,1414613,0.179565,0.067038,-9.428367
1703069229,1414632,0.227449,0.076614,-9.533711
1703069229,1414651,0.208296,0.064643,-9.483433
1703069229,1414669,0.280122,0.000000,-9.390059
1703069229,1414688,0.184354,0.028730,-9.543288
1703069229,1414707,0.284910,0.043096,-9.488221
1703069229,1414726,0.179565,0.074220,-9.483433
1703069229,1414745,0.203507,-0.021548,-9.560047
1703069229,1414763,0.177171,0.035913,-9.509769
1703069229,1414782,0.265756,0.028730,-9.481039
1703069229,1414803,0.181959,-0.047884,-9.500193
1703069229,1414822,0.186748,0.033519,-9.373300
1703069229,1414841,0.256180,0.035913,-9.543288
1703069229,1414860,0.225055,0.035913,-9.476251
1703069229,1414880,0.208296,0.045490,-9.423578
1703069229,1414899,0.167594,-0.031125,-9.576807
1703069229,1414918,0.181959,0.059855,-9.528923
1703069229,1414937,0.196325,0.014365,-9.516952
1703069229,1414956,0.225055,-0.035913,-9.509769
1703069229,1414975,0.167594,0.016759,-9.445126
1703069229,1414994,0.272939,0.016759,-9.447520
1703069229,1415015,0.241814,0.028730,-9.485827
1703069229,1415035,0.205901,-0.021548,-9.490616
1703069229,1415054,0.165200,0.014365,-9.531317
1703069229,1415073,0.222661,0.057461,-9.466674
1703069229,1415092,0.181959,0.045490,-9.421184
1703069229,1415111,0.193930,0.071826,-9.557653
1703069229,1415130,0.225055,0.043096,-9.490616
1703069229,1415149,0.181959,0.033519,-9.536105
1703069229,1415169,0.189142,0.079009,-9.555259
1703069229,1415188,0.186748,0.038307,-9.457097
1703069229,1415207,0.222661,0.038307,-9.562442
1703069229,1415228,0.186748,0.035913,-9.423578
1703069229,1415248,0.237026,0.021548,-9.464279
1703069229,1415267,0.225055,0.033519,-9.481039
1703069229,1415286,0.179565,0.071826,-9.593566
1703069229,1415305,0.217872,0.026336,-9.536105
1703069229,1415324,0.184354,-0.002394,-9.425972
1703069230,1415343,0.299275,0.021548,-9.425972
1703069230,1415363,0.181959,0.043096,-9.509769
1703069230,1415382,0.141258,0.004788,-9.562442
1703069230,1415401,0.129287,0.021548,-9.516952
1703069230,1415420,0.189142,0.009577,-9.555259
1703069230,1415442,0.146046,0.074220,-9.576807
1703069230,1415461,0.162806,0.057461,-9.514558
1703069230,1415480,0.181959,0.141258,-9.478644
1703069230,1415499,0.213084,0.093374,-9.502586
1703069230,1415519,0.215478,0.023942,-9.481039
1703069230,1415538,0.169988,0.011971,-9.557653
1703069230,1415557,0.167594,0.040701,-9.447520
1703069230,1415576,0.244209,0.040701,-9.447520
1703069230,1415595,0.167594,0.083797,-9.548077
1703069230,1415614,0.189142,0.009577,-9.526528
1703069230,1415634,0.201113,0.057461,-9.452309
1703069230,1415655,0.208296,0.002394,-9.416395
1703069230,1415674,0.217872,-0.014365,-9.502586
1703069230,1415694,0.234632,-0.014365,-9.502586
1703069230,1415713,0.193930,0.040701,-9.440337
1703069230,1415732,0.217872,-0.014365,-9.471462
1703069230,1415751,0.201113,0.026336,-9.548077
1703069230,1415770,0.184354,0.023942,-9.454702
1703069230,1415789,0.256180,0.083797,-9.504981
1703069230,1415809,0.239420,0.045490,-9.447520
1703069230,1415828,0.189142,-0.026336,-9.394848
1703069230,1415849,0.229843,0.064643,-9.445126
1703069230,1415868,0.215478,0.064643,-9.502586
1703069230,1415888,0.234632,0.016759,-9.557653
1703069230,1415907,0.184354,0.038307,-9.514558
1703069230,1415926,0.167594,0.016759,-9.447520
1703069230,1415945,0.134075,0.071826,-9.459491
1703069230,1415964,0.193930,0.035913,-9.536105
1703069230,1415983,0.158017,0.055067,-9.504981
1703069230,1416003,0.244209,-0.040701,-9.442732
1703069230,1416022,0.181959,0.055067,-9.457097
1703069230,1416041,0.186748,0.055067,-9.437943
1703069230,1416062,0.179565,-0.004788,-9.437943
1703069230,1416081,0.198719,0.045490,-9.514558
1703069230,1416101,0.205901,0.093374,-9.406818
1703069230,1416120,0.189142,0.045490,-9.526528
1703069230,1416139,0.160412,0.050278,-9.466674
1703069230,1416158,0.217872,0.007183,-9.507375
1703069230,1416177,0.141258,0.031125,-9.457097
1703069230,1416196,0.225055,0.081403,-9.471462
1703069230,1416216,0.160412,0.071826,-9.428367
1703069230,1416235,0.191536,-0.009577,-9.495404
1703069230,1416254,0.181959,0.028730,-9.354146
1703069230,1416275,0.251391,0.011971,-9.495404
1703069230,1416294,0.263362,0.057461,-9.469068
1703069230,1416313,0.210690,0.014365,-9.560047
1703069230,1416333,0.244209,0.023942,-9.435549
1703069231,1416352,0.186748,0.064643,-9.495404
1703069231,1416371,0.198719,0.040701,-9.459491
1703069231,1416390,0.181959,0.009577,-9.459491
1703069231,1416409,0.167594,0.079009,-9.469068
1703069231,1416428,0.191536,0.059855,-9.533711
1703069231,1416447,0.129287,0.021548,-9.478644
1703069231,1416466,0.146046,0.050278,-9.485827
1703069231,1416495,0.172383,0.083797,-9.507375
1703069231,1416515,0.208296,-0.011971,-9.493010
1703069231,1416534,0.215478,0.069432,-9.524135
1703069231,1416553,0.165200,0.014365,-9.464279
1703069231,1416571,0.213084,0.067038,-9.524135
1703069231,1416590,0.165200,0.095768,-9.574412
1703069231,1416609,0.201113,0.007183,-9.430760
1703069231,1416628,0.201113,-0.016759,-9.514558
1703069231,1416646,0.213084,0.105345,-9.550470
1703069231,1416665,0.215478,0.079009,-9.495404
1703069231,1416684,0.258574,0.093374,-9.473856
1703069231,1416705,0.220267,0.040701,-9.454702
1703069231,1416724,0.232238,0.011971,-9.502586
1703069231,1416743,0.191536,-0.016759,-9.490616
1703069231,1416762,0.205901,0.007183,-9.461885
1703069231,1416781,0.241814,0.026336,-9.449914
1703069231,1416799,0.256180,0.055067,-9.483433
1703069231,1416818,0.222661,0.043096,-9.452309
1703069231,1416837,0.241814,0.033519,-9.466674
1703069231,1416856,0.191536,0.045490,-9.521740
1703069231,1416875,0.227449,0.069432,-9.516952
1703069231,1416894,0.237026,0.021548,-9.414001
1703069231,1416915,0.186748,0.052672,-9.461885
1703069231,1416934,0.208296,0.069432,-9.433155
1703069231,1416953,0.203507,0.023942,-9.478644
1703069231,1416971,0.210690,-0.011971,-9.507375
1703069231,1416990,0.165200,-0.002394,-9.447520
1703069231,1417009,0.205901,-0.007183,-9.440337
1703069231,1417028,0.189142,0.055067,-9.459491
1703069231,1417047,0.141258,-0.004788,-9.521740
1703069231,1417066,0.239420,0.031125,-9.509769
1703069231,1417085,0.203507,0.059855,-9.526528
1703069231,1417103,0.191536,0.043096,-9.433155
1703069231,1417125,0.136469,0.023942,-9.531317
1703069231,1417143,0.196325,0.023942,-9.416395
1703069231,1417162,0.222661,0.021548,-9.433155
1703069231,1417181,0.217872,-0.047884,-9.490616
1703069231,1417200,0.148441,0.043096,-9.598354
1703069231,1417219,0.172383,0.031125,-9.473856
1703069231,1417238,0.268151,0.009577,-9.533711
1703069231,1417257,0.177171,0.026336,-9.524135
1703069231,1417275,0.222661,0.021548,-9.442732
1703069231,1417294,0.201113,0.007183,-9.466674
1703069231,1417315,0.203507,0.052672,-9.533711
1703069231,1417334,0.198719,0.043096,-9.485827
1703069232,1417353,0.258574,0.009577,-9.469068
1703069232,1417372,0.196325,0.040701,-9.567230
1703069232,1417391,0.196325,0.079009,-9.562442
1703069232,1417410,0.153229,0.033519,-9.428367
1703069232,1417429,0.241814,0.045490,-9.454702
1703069232,1417448,0.189142,0.038307,-9.411607
1703069232,1417466,0.184354,0.052672,-9.502586
1703069232,1417485,0.172383,0.040701,-9.552865
1703069232,1417504,0.189142,0.019154,-9.574412
1703069232,1417525,0.258574,0.086191,-9.485827
1703069232,1417544,0.215478,0.052672,-9.454702
1703069232,1417563,0.213084,0.000000,-9.404425
1703069232,1417582,0.160412,0.050278,-9.488221
1703069232,1417601,0.155623,0.000000,-9.524135
1703069232,1417620,0.196325,0.031125,-9.493010
1703069232,1417638,0.174777,0.026336,-9.502586
1703069232,1417657,0.258574,0.019154,-9.478644
1703069232,1417676,0.294487,0.033519,-9.493010
1703069232,1417695,0.205901,0.064643,-9.481039
1703069232,1417714,0.186748,0.055067,-9.543288
1703069232,1417735,0.174777,0.007183,-9.471462
1703069232,1417754,0.191536,0.014365,-9.473856
1703069232,1417773,0.210690,-0.021548,-9.524135
1703069232,1417792,0.189142,0.035913,-9.483433
1703069232,1417810,0.234632,0.033519,-9.509769
1703069232,1417829,0.177171,-0.002394,-9.533711
1703069232,1417848,0.160412,0.023942,-9.445126
1703069232,1417867,0.225055,0.002394,-9.459491
1703069232,1417886,0.234632,0.026336,-9.512163
1703069232,1417905,0.260968,0.050278,-9.524135
1703069232,1417924,0.215478,-0.019154,-9.402030
1703069232,1417945,0.215478,0.014365,-9.519346
1703069232,1417963,0.174777,0.050278,-9.500193
1703069232,1417982,0.131681,0.074220,-9.504981
1703069232,1418001,0.220267,0.023942,-9.464279
1703069232,1418020,0.232238,-0.028730,-9.466674
1703069232,1418039,0.181959,0.043096,-9.586384
1703069232,1418057,0.196325,0.074220,-9.428367
1703069232,1418076,0.232238,0.043096,-9.469068
1703069232,1418095,0.181959,0.043096,-9.435549
1703069232,1418114,0.217872,0.069432,-9.459491
1703069232,1418133,0.193930,0.057461,-9.485827
1703069232,1418154,0.160412,0.033519,-9.572019
1703069232,1418173,0.150835,0.028730,-9.402030
1703069232,1418192,0.174777,0.124498,-9.543288
1703069232,1418211,0.225055,0.093374,-9.531317
1703069232,1418230,0.203507,0.052672,-9.495404
1703069232,1418249,0.146046,0.019154,-9.536105
1703069232,1418268,0.237026,0.016759,-9.521740
1703069232,1418287,0.193930,0.019154,-9.301474
1703069232,1418306,0.167594,0.023942,-9.399636
1703069232,1418325,0.225055,-0.019154,-9.433155
1703069233,1418344,0.232238,-0.026336,-9.488221
1703069233,1418366,0.158017,0.038307,-9.435549
1703069233,1418385,0.208296,0.083797,-9.540894
1703069233,1418404,0.186748,0.059855,-9.485827
1703069233,1418423,0.227449,0.019154,-9.464279
1703069233,1418443,0.162806,0.059855,-9.500193
1703069233,1418462,0.227449,-0.021548,-9.552865
1703069233,1418481,0.205901,0.035913,-9.478644
1703069233,1418500,0.174777,0.019154,-9.466674
1703069233,1418519,0.100556,0.043096,-9.485827
1703069233,1418538,0.198719,0.052672,-9.538500
1703069233,1418557,0.169988,0.011971,-9.557653
1703069233,1418579,0.131681,-0.016759,-9.452309
1703069233,1418598,0.158017,0.043096,-9.521740
1703069233,1418617,0.208296,0.081403,-9.473856
1703069233,1418636,0.203507,0.047884,-9.457097
1703069233,1418656,0.119710,0.055067,-9.414001
1703069233,1418675,0.198719,0.021548,-9.425972
1703069233,1418694,0.220267,0.043096,-9.437943
1703069233,1418713,0.208296,0.038307,-9.497798
1703069233,1418732,0.201113,-0.019154,-9.404425
1703069233,1418751,0.184354,0.055067,-9.435549
1703069233,1418771,0.160412,0.007183,-9.567230
1703069233,1418792,0.210690,0.045490,-9.459491
1703069233,1418811,0.220267,0.040701,-9.507375
1703069233,1418831,0.239420,0.004788,-9.454702
1703069233,1418850,0.239420,0.021548,-9.440337
1703069233,1418869,0.232238,0.021548,-9.562442
1703069233,1418888,0.205901,0.007183,-9.493010
1703069233,1418907,0.225055,0.059855,-9.459491
1703069233,1418926,0.244209,0.050278,-9.579201
1703069233,1418946,0.234632,0.038307,-9.569624
1703069233,1418965,0.275333,0.038307,-9.402030
1703069233,1418986,0.165200,-0.016759,-9.466674
1703069233,1419005,0.232238,0.045490,-9.442732
1703069233,1419025,0.215478,-0.007183,-9.500193
1703069233,1419044,0.201113,0.071826,-9.483433
1703069233,1419063,0.217872,0.031125,-9.406818
1703069233,1419082,0.181959,0.023942,-9.502586
1703069233,1419101,0.229843,0.031125,-9.481039
1703069233,1419120,0.181959,0.002394,-9.399636
1703069233,1419140,0.229843,0.088585,-9.509769
1703069233,1419159,0.158017,0.050278,-9.545682
1703069233,1419178,0.220267,0.007183,-9.466674
1703069233,1419200,0.203507,-0.047884,-9.483433
1703069233,1419219,0.153229,0.040701,-9.519346
1703069233,1419238,0.141258,0.057461,-9.485827
1703069233,1419257,0.241814,-0.007183,-9.437943
1703069233,1419287,0.203507,0.007183,-9.493010
1703069233,1419306,0.213084,-0.009577,-9.514558
1703069233,1419325,0.237026,-0.040701,-9.397242
1703069234,1419344,0.172383,0.002394,-9.449914
1703069234,1419363,0.201113,-0.009577,-9.488221
1703069234,1419382,0.174777,0.083797,-9.488221
1703069234,1419402,0.213084,0.040701,-9.478644
1703069234,1419423,0.220267,0.071826,-9.485827
1703069234,1419442,0.193930,0.023942,-9.540894
1703069234,1419461,0.198719,0.059855,-9.447520
1703069234,1419481,0.201113,0.126893,-9.449914
1703069234,1419500,0.222661,0.052672,-9.416395
1703069234,1419519,0.179565,0.045490,-9.442732
1703069234,1419538,0.191536,0.023942,-9.421184
1703069234,1419557,0.210690,0.031125,-9.497798
1703069234,1419576,0.174777,0.009577,-9.428367
1703069234,1419595,0.201113,0.069432,-9.433155
1703069234,1419614,0.193930,0.035913,-9.454702
1703069234,1419636,0.232238,0.052672,-9.476251
1703069234,1419655,0.186748,0.007183,-9.397242
1703069234,1419674,0.222661,0.019154,-9.504981
1703069234,1419693,0.201113,0.062249,-9.402030
1703069234,1419712,0.215478,0.055067,-9.488221
1703069234,1419731,0.146046,0.055067,-9.593566
1703069234,1419750,0.172383,0.043096,-9.483433
1703069234,1419769,0.162806,0.043096,-9.583989
1703069234,1419789,0.215478,0.009577,-9.533711
1703069234,1419808,0.189142,0.052672,-9.351752
1703069234,1419827,0.167594,0.028730,-9.461885
1703069234,1419856,0.227449,0.011971,-9.552865
1703069234,1419876,0.215478,0.000000,-9.526528
1703069234,1419894,0.205901,0.021548,-9.490616
1703069234,1419913,0.277727,0.050278,-9.461885
1703069234,1419932,0.203507,0.014365,-9.502586
1703069234,1419951,0.256180,-0.016759,-9.409213
1703069234,1419969,0.241814,0.045490,-9.509769
1703069234,1419988,0.138864,0.000000,-9.521740
1703069234,1420007,0.186748,0.021548,-9.457097
1703069234,1420026,0.215478,0.038307,-9.461885
1703069234,1420045,0.205901,0.021548,-9.435549
1703069234,1420066,0.246603,0.074220,-9.433155
1703069234,1420084,0.179565,-0.011971,-9.409213
1703069234,1420103,0.203507,0.086191,-9.402030
1703069234,1420122,0.160412,0.047884,-9.402030
1703069234,1420141,0.222661,0.045490,-9.528923
1703069234,1420160,0.205901,0.038307,-9.447520
1703069234,1420179,0.210690,0.014365,-9.521740
1703069234,1420198,0.174777,0.016759,-9.588778
1703069234,1420216,0.143652,0.028730,-9.478644
1703069234,1420235,0.138864,0.009577,-9.574412
1703069234,1420254,0.248997,0.019154,-9.361329
1703069234,1420275,0.215478,0.004788,-9.452309
1703069234,1420294,0.239420,-0.011971,-9.459491
1703069234,1420313,0.146046,0.069432,-9.445126
1703069234,1420332,0.205901,0.090980,-9.385271
1703069235,1420351,0.201113,0.067038,-9.509769
1703069235,1420370,0.186748,0.014365,-9.433155
1703069235,1420389,0.193930,0.071826,-9.579201
1703069235,1420407,0.198719,0.081403,-9.538500
1703069235,1420426,0.244209,-0.011971,-9.421184
1703069235,1420445,0.256180,0.064643,-9.509769
1703069235,1420466,0.213084,-0.019154,-9.442732
1703069235,1420485,0.239420,0.026336,-9.406818
1703069235,1420504,0.155623,-0.007183,-9.572019
1703069235,1420523,0.150835,0.047884,-9.392453
1703069235,1420542,0.201113,0.081403,-9.500193
1703069235,1420561,0.201113,0.059855,-9.411607
1703069235,1420580,0.203507,0.043096,-9.495404
1703069235,1420598,0.201113,-0.011971,-9.564836
1703069235,1420617,0.174777,-0.019154,-9.504981
1703069235,1420636,0.205901,0.014365,-9.521740
1703069235,1420655,0.189142,0.028730,-9.478644
1703069235,1420676,0.198719,0.050278,-9.473856
1703069235,1420695,0.172383,0.079009,-9.440337
1703069235,1420714,0.138864,0.028730,-9.504981
1703069235,1420733,0.160412,0.050278,-9.466674
1703069235,1420752,0.270545,0.014365,-9.454702
1703069235,1420770,0.189142,0.069432,-9.478644
1703069235,1420789,0.167594,-0.004788,-9.404425
1703069235,1420808,0.203507,-0.014365,-9.466674
1703069235,1420827,0.169988,0.016759,-9.397242
1703069235,1420846,0.150835,0.035913,-9.423578
1703069235,1420865,0.191536,0.057461,-9.447520
1703069235,1420886,0.158017,0.067038,-9.531317
1703069235,1420905,0.191536,0.064643,-9.495404
1703069235,1420924,0.143652,0.014365,-9.533711
1703069235,1420942,0.122104,0.009577,-9.394848
1703069235,1420961,0.208296,-0.014365,-9.461885
1703069235,1420980,0.210690,0.016759,-9.466674
1703069235,1420999,0.172383,0.062249,-9.421184
1703069235,1421018,0.213084,0.019154,-9.593566
1703069235,1421037,0.177171,0.023942,-9.512163
1703069235,1421055,0.217872,0.026336,-9.471462
1703069235,1421074,0.191536,0.014365,-9.598354
1703069235,1421096,0.225055,0.031125,-9.464279
1703069235,1421114,0.203507,0.064643,-9.385271
1703069235,1421133,0.141258,0.093374,-9.509769
1703069235,1421152,0.155623,0.031125,-9.457097
1703069235,1421171,0.213084,-0.014365,-9.624691
1703069235,1421190,0.189142,0.074220,-9.473856
1703069235,1421209,0.193930,0.028730,-9.387665
1703069235,1421227,0.158017,0.038307,-9.545682
1703069235,1421246,0.239420,0.043096,-9.469068
1703069235,1421265,0.234632,0.007183,-9.512163
1703069235,1421284,0.196325,-0.028730,-9.533711
1703069235,1421305,0.196325,0.050278,-9.447520
1703069235,1421324,0.181959,0.138864,-9.473856
1703069236,1421343,0.208296,0.045490,-9.476251
1703069236,1421362,0.186748,0.023942,-9.440337
1703069236,1421380,0.220267,0.076614,-9.519346
1703069236,1421399,0.215478,0.062249,-9.519346
1703069236,1421418,0.177171,0.035913,-9.531317
1703069236,1421437,0.205901,0.023942,-9.509769
1703069236,1421456,0.203507,0.047884,-9.406818
1703069236,1421474,0.210690,0.052672,-9.430760
1703069236,1421493,0.234632,0.055067,-9.469068
1703069236,1421514,0.196325,-0.016759,-9.488221
1703069236,1421533,0.186748,-0.023942,-9.617508
1703069236,1421552,0.215478,0.059855,-9.516952
1703069236,1421571,0.143652,0.031125,-9.435549
1703069236,1421591,0.193930,0.011971,-9.531317
1703069236,1421610,0.232238,0.031125,-9.449914
1703069236,1421629,0.251391,0.057461,-9.519346
1703069236,1421648,0.251391,0.043096,-9.528923
1703069236,1421667,0.241814,0.009577,-9.380483
1703069236,1421686,0.174777,0.026336,-9.497798
1703069236,1421705,0.186748,0.028730,-9.493010
1703069236,1421726,0.220267,0.069432,-9.485827
1703069236,1421746,0.213084,0.007183,-9.421184
1703069236,1421765,0.260968,0.074220,-9.588778
1703069236,1421784,0.215478,0.047884,-9.404425
1703069236,1421803,0.205901,0.050278,-9.543288
1703069236,1421822,0.237026,0.035913,-9.454702
1703069236,1421841,0.193930,0.014365,-9.449914
1703069236,1421860,0.263362,0.052672,-9.504981
1703069236,1421880,0.160412,0.009577,-9.461885
1703069236,1421899,0.203507,0.016759,-9.442732
1703069236,1421920,0.225055,0.043096,-9.519346
1703069236,1421939,0.229843,0.019154,-9.399636
1703069236,1421959,0.181959,0.119710,-9.514558
1703069236,1421978,0.237026,0.016759,-9.560047
1703069236,1421997,0.203507,0.019154,-9.452309
1703069236,1422016,0.203507,0.035913,-9.521740
1703069236,1422035,0.165200,0.038307,-9.442732
1703069236,1422054,0.229843,0.052672,-9.483433
1703069236,1422073,0.196325,0.076614,-9.454702
1703069236,1422093,0.177171,0.057461,-9.385271
1703069236,1422112,0.081403,0.033519,-9.543288
1703069236,1422133,0.184354,0.055067,-9.562442
1703069236,1422153,0.196325,0.069432,-9.464279
1703069236,1422172,0.251391,0.021548,-9.528923
1703069236,1422191,0.172383,0.071826,-9.533711
1703069236,1422210,0.220267,0.021548,-9.485827
1703069236,1422229,0.198719,0.074220,-9.521740
1703069236,1422248,0.241814,0.023942,-9.564836
1703069236,1422268,0.181959,0.057461,-9.459491
1703069236,1422287,0.196325,0.002394,-9.536105
1703069236,1422306,0.179565,0.043096,-9.533711
1703069236,1422325,0.201113,-0.004788,-9.526528
1703069237,1422347,0.177171,0.038307,-9.514558
1703069237,1422366,0.213084,-0.035913,-9.428367
1703069237,1422385,0.193930,0.067038,-9.550470
1703069237,1422404,0.189142,0.062249,-9.595961
1703069237,1422424,0.181959,0.031125,-9.464279
1703069237,1422443,0.193930,-0.014365,-9.464279
1703069237,1422462,0.193930,0.019154,-9.533711
1703069237,1422481,0.246603,0.014365,-9.361329
1703069237,1422500,0.263362,0.059855,-9.442732
1703069237,1422519,0.203507,0.067038,-9.502586
1703069237,1422538,0.205901,0.064643,-9.430760
1703069237,1422560,0.193930,0.000000,-9.514558
1703069237,1422579,0.169988,-0.004788,-9.493010
1703069237,1422598,0.160412,-0.007183,-9.397242
1703069237,1422618,0.181959,0.009577,-9.528923
1703069237,1422637,0.186748,0.045490,-9.502586
1703069237,1422656,0.169988,0.004788,-9.485827
1703069237,1422675,0.284910,0.007183,-9.500193
1703069237,1422694,0.184354,0.081403,-9.495404
1703069237,1422713,0.148441,0.026336,-9.457097
1703069237,1422733,0.248997,0.052672,-9.504981
1703069237,1422752,0.239420,0.026336,-9.512163
1703069237,1422773,0.203507,0.021548,-9.583989
1703069237,1422792,0.225055,0.019154,-9.490616
1703069237,1422811,0.124498,0.011971,-9.457097
1703069237,1422831,0.138864,-0.040701,-9.430760
1703069237,1422850,0.208296,0.028730,-9.452309
1703069237,1422869,0.179565,0.021548,-9.464279
1703069237,1422888,0.198719,0.033519,-9.583989
1703069237,1422907,0.220267,0.038307,-9.481039
1703069237,1422926,0.203507,0.057461,-9.425972
1703069237,1422945,0.205901,0.007183,-9.495404
1703069237,1422965,0.167594,0.011971,-9.454702
1703069237,1422986,0.201113,0.028730,-9.476251
1703069237,1423005,0.169988,0.023942,-9.454702
1703069237,1423024,0.227449,0.033519,-9.466674
1703069237,1423043,0.205901,0.047884,-9.528923
1703069237,1423062,0.129287,0.119710,-9.469068
1703069237,1423081,0.232238,-0.004788,-9.500193
1703069237,1423101,0.169988,0.033519,-9.411607
1703069237,1423120,0.205901,0.028730,-9.531317
1703069237,1423139,0.198719,-0.004788,-9.423578
1703069237,1423158,0.155623,0.043096,-9.495404
1703069237,1423177,0.258574,-0.045490,-9.435549
1703069237,1423206,0.184354,-0.026336,-9.473856
1703069237,1423226,0.131681,0.095768,-9.459491
1703069237,1423244,0.169988,0.014365,-9.504981
1703069237,1423263,0.198719,0.004788,-9.433155
1703069237,1423282,0.193930,0.064643,-9.507375
1703069237,1423301,0.165200,0.026336,-9.500193
1703069237,1423320,0.117316,0.043096,-9.449914
1703069238,1423338,0.174777,0.004788,-9.569624
1703069238,1423357,0.184354,0.011971,-9.433155
1703069238,1423376,0.213084,-0.002394,-9.493010
1703069238,1423395,0.253785,0.093374,-9.574412
1703069238,1423412,0.193930,0.009577,-9.478644
1703069238,1423431,0.124498,0.062249,-9.440337
1703069238,1423450,0.155623,0.031125,-9.459491
1703069238,1423469,0.205901,0.095768,-9.471462
1703069238,1423488,0.162806,0.035913,-9.435549
1703069238,1423507,0.232238,0.043096,-9.524135
1703069238,1423526,0.232238,0.083797,-9.557653
1703069238,1423544,0.205901,-0.043096,-9.536105
1703069238,1423563,0.186748,0.023942,-9.454702
1703069238,1423582,0.251391,-0.009577,-9.471462
1703069238,1423603,0.241814,0.011971,-9.473856
1703069238,1423622,0.220267,0.007183,-9.531317
1703069238,1423641,0.172383,0.062249,-9.490616
1703069238,1423660,0.184354,0.014365,-9.567230
1703069238,1423679,0.213084,0.007183,-9.493010
1703069238,1423698,0.107739,0.035913,-9.550470
1703069238,1423717,0.203507,0.014365,-9.430760
1703069238,1423735,0.136469,0.033519,-9.497798
1703069238,1423754,0.172383,-0.016759,-9.473856
1703069238,1423773,0.258574,0.031125,-9.411607
1703069238,1423792,0.165200,0.088585,-9.483433
1703069238,1423813,0.225055,0.035913,-9.557653
1703069238,1423832,0.177171,0.086191,-9.469068
1703069238,1423851,0.184354,0.052672,-9.557653
1703069238,1423870,0.251391,0.002394,-9.610326
1703069238,1423889,0.208296,0.035913,-9.476251
1703069238,1423907,0.227449,0.035913,-9.521740
1703069238,1423926,0.143652,0.035913,-9.459491
1703069238,1423945,0.213084,0.023942,-9.481039
1703069238,1423964,0.148441,0.071826,-9.469068
1703069238,1423983,0.158017,0.093374,-9.454702
1703069238,1424002,0.131681,0.047884,-9.581595
1703069238,1424023,0.244209,0.050278,-9.454702
1703069238,1424042,0.179565,0.047884,-9.538500
1703069238,1424061,0.246603,0.011971,-9.433155
1703069238,1424079,0.198719,0.045490,-9.442732
1703069238,1424098,0.229843,0.043096,-9.524135
1703069238,1424117,0.222661,0.011971,-9.483433
1703069238,1424136,0.198719,0.028730,-9.452309
1703069238,1424155,0.232238,0.016759,-9.452309
1703069238,1424174,0.172383,0.028730,-9.430760
1703069238,1424193,0.179565,0.033519,-9.493010
1703069238,1424211,0.241814,-0.016759,-9.476251
1703069238,1424233,0.138864,0.033519,-9.493010
1703069238,1424251,0.186748,0.114922,-9.461885
1703069238,1424270,0.244209,0.055067,-9.466674
1703069238,1424289,0.162806,0.033519,-9.435549
1703069238,1424308,0.160412,-0.009577,-9.382876
1703069238,1424327,0.186748,0.021548,-9.516952
1703069239,1424346,0.193930,0.047884,-9.516952
1703069239,1424365,0.174777,-0.011971,-9.485827
1703069239,1424383,0.148441,0.052672,-9.507375
1703069239,1424402,0.193930,0.035913,-9.445126
1703069239,1424421,0.201113,0.059855,-9.433155
1703069239,1424442,0.186748,0.067038,-9.449914
1703069239,1424461,0.213084,0.043096,-9.545682
1703069239,1424480,0.213084,0.007183,-9.459491
1703069239,1424499,0.191536,-0.007183,-9.493010
1703069239,1424518,0.177171,0.031125,-9.495404
1703069239,1424537,0.222661,-0.004788,-9.442732
1703069239,1424556,0.129287,0.016759,-9.493010
1703069239,1424574,0.153229,0.000000,-9.464279
1703069239,1424593,0.210690,-0.009577,-9.536105
1703069239,1424612,0.196325,0.038307,-9.488221
1703069239,1424631,0.203507,0.026336,-9.497798
1703069239,1424652,0.215478,0.105345,-9.488221
1703069239,1424671,0.141258,0.035913,-9.504981
1703069239,1424690,0.215478,0.076614,-9.445126
1703069239,1424708,0.172383,0.059855,-9.452309
1703069239,1424727,0.220267,-0.009577,-9.461885
1703069239,1424746,0.208296,0.071826,-9.466674
1703069239,1424765,0.129287,0.043096,-9.437943
1703069239,1424784,0.256180,0.007183,-9.567230
1703069239,1424802,0.210690,0.038307,-9.449914
1703069239,1424821,0.232238,-0.002394,-9.519346
1703069239,1424840,0.196325,0.028730,-9.481039
1703069239,1424861,0.165200,0.086191,-9.452309
1703069239,1424880,0.160412,0.038307,-9.560047
1703069239,1424899,0.213084,0.009577,-9.473856
1703069239,1424918,0.181959,0.000000,-9.409213
1703069239,1424937,0.172383,0.050278,-9.356541
1703069239,1424956,0.251391,0.002394,-9.536105
1703069239,1424975,0.208296,-0.004788,-9.514558
1703069239,1424994,0.227449,0.047884,-9.619903
1703069239,1425014,0.299275,0.074220,-9.409213
1703069239,1425033,0.213084,0.038307,-9.524135
1703069239,1425054,0.184354,0.052672,-9.490616
1703069239,1425073,0.203507,0.057461,-9.516952
1703069239,1425092,0.158017,0.028730,-9.461885
1703069239,1425112,0.229843,0.019154,-9.435549
1703069239,1425131,0.160412,0.079009,-9.533711
1703069239,1425150,0.215478,0.043096,-9.478644
1703069239,1425169,0.141258,0.035913,-9.543288
1703069239,1425188,0.253785,0.007183,-9.404425
1703069239,1425207,0.181959,-0.002394,-9.483433
1703069239,1425226,0.205901,0.026336,-9.452309
1703069239,1425246,0.177171,0.033519,-9.397242
1703069239,1425267,0.186748,0.052672,-9.526528
1703069239,1425286,0.174777,0.045490,-9.519346
1703069239,1425306,0.227449,0.076614,-9.452309
1703069239,1425325,0.136469,0.047884,-9.509769
1703069240,1425344,0.174777,0.016759,-9.469068
1703069240,1425363,0.193930,0.055067,-9.564836
1703069240,1425382,0.203507,0.019154,-9.483433
1703069240,1425401,0.162806,0.035913,-9.418790
1703069240,1425421,0.191536,-0.004788,-9.493010
1703069240,1425440,0.191536,0.009577,-9.526528
1703069240,1425459,0.215478,0.071826,-9.466674
1703069240,1425480,0.210690,0.038307,-9.409213
1703069240,1425500,0.196325,0.071826,-9.464279
1703069240,1425519,0.220267,0.083797,-9.593566
1703069240,1425538,0.227449,0.047884,-9.533711
1703069240,1425557,0.213084,0.040701,-9.569624
1703069240,1425576,0.186748,0.009577,-9.497798
1703069240,1425596,0.220267,0.057461,-9.442732
1703069240,1425615,0.201113,0.007183,-9.504981
1703069240,1425634,0.268151,0.023942,-9.524135
1703069240,1425653,0.181959,0.035913,-9.370906
1703069240,1425672,0.198719,0.000000,-9.442732
1703069240,1425694,0.184354,0.002394,-9.493010
1703069240,1425713,0.203507,0.047884,-9.440337
1703069240,1425732,0.217872,-0.043096,-9.545682
1703069240,1425751,0.222661,0.090980,-9.531317
1703069240,1425771,0.229843,0.083797,-9.564836
1703069240,1425790,0.198719,0.057461,-9.449914
1703069240,1425809,0.136469,0.071826,-9.555259
1703069240,1425828,0.203507,0.071826,-9.473856
1703069240,1425847,0.213084,0.019154,-9.533711
1703069240,1425866,0.181959,0.052672,-9.497798
1703069240,1425886,0.193930,0.019154,-9.366117
1703069240,1425907,0.246603,0.071826,-9.423578
1703069240,1425926,0.148441,0.043096,-9.528923
1703069240,1425946,0.112527,0.043096,-9.440337
1703069240,1425965,0.222661,0.014365,-9.471462
1703069240,1425984,0.246603,0.028730,-9.483433
1703069240,1426003,0.239420,0.059855,-9.502586
1703069240,1426022,0.215478,0.026336,-9.521740
1703069240,1426042,0.201113,0.033519,-9.440337
1703069240,1426061,0.177171,0.074220,-9.509769
1703069240,1426080,0.196325,0.052672,-9.485827
1703069240,1426099,0.138864,0.086191,-9.423578
1703069240,1426121,0.177171,-0.014365,-9.507375
1703069240,1426140,0.196325,0.057461,-9.519346
1703069240,1426159,0.129287,0.035913,-9.402030
1703069240,1426178,0.186748,0.014365,-9.514558
1703069240,1426197,0.174777,0.004788,-9.524135
1703069240,1426216,0.241814,0.043096,-9.500193
1703069240,1426235,0.237026,-0.009577,-9.457097
1703069240,1426254,0.201113,0.071826,-9.425972
1703069240,1426274,0.217872,0.067038,-9.519346
1703069240,1426293,0.263362,-0.004788,-9.459491
1703069240,1426312,0.217872,0.028730,-9.447520
1703069240,1426333,0.186748,0.014365,-9.526528
1703069241,1426353,0.198719,0.009577,-9.528923
1703069241,1426372,0.136469,0.009577,-9.588778
1703069241,1426391,0.193930,0.009577,-9.497798
1703069241,1426410,0.148441,0.045490,-9.493010
1703069241,1426429,0.160412,0.014365,-9.404425
1703069241,1426448,0.201113,0.009577,-9.504981
1703069241,1426467,0.193930,0.002394,-9.445126
1703069241,1426486,0.193930,0.040701,-9.430760
1703069241,1426505,0.229843,0.016759,-9.490616
1703069241,1426524,0.186748,0.059855,-9.428367
1703069241,1426553,0.222661,0.062249,-9.533711
1703069241,1426573,0.232238,0.031125,-9.509769
1703069241,1426592,0.213084,0.064643,-9.454702
1703069241,1426611,0.210690,0.028730,-9.411607
1703069241,1426629,0.215478,0.021548,-9.500193
1703069241,1426648,0.241814,0.028730,-9.519346
1703069241,1426667,0.160412,0.055067,-9.555259
1703069241,1426686,0.239420,0.045490,-9.387665
1703069241,1426705,0.181959,0.043096,-9.469068
1703069241,1426723,0.196325,0.023942,-9.509769
1703069241,1426744,0.222661,0.028730,-9.464279
1703069241,1426763,0.244209,0.002394,-9.459491
1703069241,1426782,0.158017,0.043096,-9.425972
1703069241,1426801,0.172383,0.047884,-9.550470
1703069241,1426820,0.213084,0.021548,-9.543288
1703069241,1426839,0.213084,-0.004788,-9.488221
1703069241,1426858,0.217872,0.035913,-9.495404
1703069241,1426876,0.253785,0.031125,-9.557653
1703069241,1426895,0.225055,0.028730,-9.560047
1703069241,1426914,0.220267,0.014365,-9.447520
1703069241,1426933,0.208296,0.021548,-9.550470
1703069241,1426954,0.193930,0.014365,-9.466674
1703069241,1426973,0.198719,0.031125,-9.471462
1703069241,1426992,0.239420,0.043096,-9.445126
1703069241,1427011,0.260968,0.016759,-9.483433
1703069241,1427030,0.210690,0.081403,-9.478644
1703069241,1427049,0.256180,0.031125,-9.473856
1703069241,1427067,0.251391,0.055067,-9.425972
1703069241,1427086,0.213084,0.004788,-9.449914
1703069241,1427105,0.232238,0.055067,-9.516952
1703069241,1427124,0.181959,0.057461,-9.536105
1703069241,1427143,0.186748,0.026336,-9.574412
1703069241,1427164,0.158017,0.050278,-9.519346
1703069241,1427183,0.253785,0.021548,-9.469068
1703069241,1427202,0.203507,0.059855,-9.440337
1703069241,1427221,0.225055,0.074220,-9.461885
1703069241,1427239,0.186748,0.059855,-9.390059
1703069241,1427258,0.234632,0.021548,-9.344569
1703069241,1427277,0.167594,0.023942,-9.423578
1703069241,1427296,0.193930,0.019154,-9.402030
1703069241,1427315,0.203507,0.071826,-9.464279
1703069241,1427334,0.172383,0.007183,-9.531317
1703069242,1427353,0.162806,0.055067,-9.514558
1703069242,1427374,0.237026,0.014365,-9.524135
1703069242,1427393,0.179565,-0.002394,-9.519346
1703069242,1427411,0.215478,0.007183,-9.507375
1703069242,1427430,0.237026,0.028730,-9.442732
1703069242,1427449,0.239420,0.009577,-9.476251
1703069242,1427468,0.227449,0.033519,-9.469068
1703069242,1427487,0.220267,0.067038,-9.399636
1703069242,1427506,0.186748,0.035913,-9.574412
1703069242,1427525,0.239420,0.028730,-9.562442
1703069242,1427543,0.217872,0.021548,-9.445126
1703069242,1427562,0.174777,0.007183,-9.536105
1703069242,1427583,0.237026,0.031125,-9.421184
1703069242,1427602,0.237026,-0.023942,-9.533711
1703069242,1427621,0.196325,0.057461,-9.521740
1703069242,1427640,0.189142,0.062249,-9.490616
1703069242,1427659,0.198719,0.014365,-9.545682
1703069242,1427678,0.213084,0.047884,-9.519346
1703069242,1427697,0.232238,-0.009577,-9.457097
1703069242,1427715,0.167594,0.023942,-9.464279
1703069242,1427734,0.177171,0.035913,-9.483433
1703069242,1427753,0.215478,0.004788,-9.442732
1703069242,1427772,0.189142,-0.009577,-9.531317
1703069242,1427793,0.251391,0.050278,-9.423578
1703069242,1427812,0.148441,0.067038,-9.533711
1703069242,1427831,0.260968,0.079009,-9.445126
1703069242,1427850,0.208296,0.014365,-9.466674
1703069242,1427869,0.205901,0.026336,-9.471462
1703069242,1427887,0.213084,0.050278,-9.469068
1703069242,1427906,0.172383,-0.045490,-9.473856
1703069242,1427925,0.193930,0.019154,-9.466674
1703069242,1427944,0.196325,0.050278,-9.461885
1703069242,1427963,0.232238,-0.019154,-9.464279
1703069242,1427982,0.193930,0.047884,-9.452309
1703069242,1428003,0.241814,0.067038,-9.471462
1703069242,1428022,0.196325,0.000000,-9.564836
1703069242,1428040,0.172383,0.028730,-9.533711
1703069242,1428059,0.184354,0.019154,-9.478644
1703069242,1428078,0.189142,0.069432,-9.504981
1703069242,1428097,0.205901,0.021548,-9.418790
1703069242,1428116,0.227449,0.098162,-9.521740
1703069242,1428134,0.210690,0.074220,-9.507375
1703069242,1428153,0.179565,0.081403,-9.548077
1703069242,1428172,0.174777,0.009577,-9.497798
1703069242,1428191,0.246603,0.009577,-9.454702
1703069242,1428212,0.227449,0.021548,-9.471462
1703069242,1428231,0.227449,-0.002394,-9.512163
1703069242,1428250,0.222661,0.019154,-9.461885
1703069242,1428269,0.172383,0.019154,-9.504981
1703069242,1428288,0.215478,0.007183,-9.464279
1703069242,1428307,0.203507,0.031125,-9.557653
1703069242,1428326,0.174777,0.011971,-9.397242
1703069243,1428345,0.143652,0.083797,-9.447520
1703069243,1428364,0.189142,0.028730,-9.526528
1703069243,1428384,0.198719,0.007183,-9.466674
1703069243,1428405,0.181959,0.011971,-9.528923
1703069243,1428424,0.150835,-0.016759,-9.416395
1703069243,1428444,0.258574,0.074220,-9.466674
1703069243,1428463,0.208296,0.014365,-9.459491
1703069243,1428482,0.220267,0.043096,-9.521740
1703069243,1428501,0.134075,0.052672,-9.490616
1703069243,1428520,0.258574,-0.038307,-9.473856
1703069243,1428539,0.198719,0.057461,-9.430760
1703069243,1428558,0.196325,0.095768,-9.334992
1703069243,1428578,0.131681,0.074220,-9.526528
1703069243,1428597,0.177171,0.050278,-9.516952
1703069243,1428618,0.181959,0.038307,-9.449914
1703069243,1428637,0.270545,0.007183,-9.421184
1703069243,1428657,0.191536,0.038307,-9.483433
1703069243,1428676,0.174777,-0.002394,-9.449914
1703069243,1428695,0.198719,-0.016759,-9.457097
1703069243,1428714,0.184354,0.023942,-9.461885
1703069243,1428733,0.150835,0.090980,-9.478644
1703069243,1428752,0.186748,0.021548,-9.538500
1703069243,1428771,0.189142,0.026336,-9.478644
1703069243,1428791,0.201113,0.055067,-9.459491
1703069243,1428810,0.244209,-0.019154,-9.447520
1703069243,1428831,0.117316,0.088585,-9.452309
1703069243,1428851,0.165200,0.050278,-9.437943
1703069243,1428870,0.210690,0.014365,-9.483433
1703069243,1428889,0.203507,0.059855,-9.538500
1703069243,1428908,0.215478,0.043096,-9.636662
1703069243,1428927,0.174777,-0.040701,-9.555259
1703069243,1428946,0.158017,0.007183,-9.425972
1703069243,1428966,0.210690,-0.016759,-9.449914
1703069243,1428985,0.184354,0.038307,-9.497798
1703069243,1429004,0.225055,0.069432,-9.490616
1703069243,1429023,0.263362,0.059855,-9.442732
1703069243,1429045,0.201113,0.021548,-9.437943
1703069243,1429064,0.162806,0.014365,-9.504981
1703069243,1429083,0.186748,0.136469,-9.433155
1703069243,1429102,0.210690,0.035913,-9.545682
1703069243,1429121,0.234632,-0.009577,-9.457097
1703069243,1429140,0.181959,-0.011971,-9.490616
1703069243,1429160,0.205901,0.009577,-9.447520
1703069243,1429179,0.208296,0.069432,-9.466674
1703069243,1429198,0.215478,0.064643,-9.437943
1703069243,1429217,0.196325,-0.004788,-9.521740
1703069243,1429236,0.227449,0.045490,-9.449914
1703069243,1429258,0.162806,0.000000,-9.485827
1703069243,1429277,0.160412,0.016759,-9.564836
1703069243,1429296,0.181959,0.002394,-9.552865
1703069243,1429315,0.210690,0.021548,-9.497798
1703069243,1429335,0.251391,0.071826,-9.495404
1703069244,1429354,0.179565,0.038307,-9.507375
1703069244,1429373,0.208296,0.028730,-9.469068
1703069244,1429392,0.172383,-0.021548,-9.469068
1703069244,1429422,0.179565,0.055067,-9.512163
1703069244,1429441,0.162806,0.038307,-9.516952
1703069244,1429460,0.205901,0.045490,-9.449914
1703069244,1429482,0.169988,0.016759,-9.466674
1703069244,1429501,0.239420,0.064643,-9.452309
1703069244,1429520,0.222661,0.028730,-9.449914
1703069244,1429539,0.220267,0.059855,-9.495404
1703069244,1429558,0.169988,-0.026336,-9.540894
1703069244,1429577,0.059855,0.023942,-9.478644
1703069244,1429596,0.165200,0.040701,-9.562442
1703069244,1429616,0.119710,0.064643,-9.483433
1703069244,1429635,0.181959,0.069432,-9.473856
1703069244,1429654,0.215478,0.071826,-9.464279
1703069244,1429673,0.172383,0.064643,-9.509769
1703069244,1429691,0.201113,0.047884,-9.538500
1703069244,1429710,0.167594,0.023942,-9.586384
1703069244,1429729,0.225055,0.052672,-9.512163
1703069244,1429748,0.260968,0.038307,-9.504981
1703069244,1429767,0.153229,0.052672,-9.421184
1703069244,1429786,0.222661,0.021548,-9.485827
1703069244,1429805,0.186748,0.028730,-9.526528
1703069244,1429824,0.186748,0.031125,-9.524135
1703069244,1429843,0.229843,0.014365,-9.418790
1703069244,1429862,0.241814,0.021548,-9.437943
1703069244,1429892,0.155623,-0.021548,-9.440337
1703069244,1429911,0.205901,0.004788,-9.452309
1703069244,1429930,0.227449,0.052672,-9.502586
1703069244,1429949,0.210690,0.014365,-9.514558
1703069244,1429968,0.174777,0.026336,-9.430760
1703069244,1429986,0.165200,-0.004788,-9.449914
1703069244,1430005,0.251391,0.081403,-9.409213
1703069244,1430024,0.153229,-0.007183,-9.363723
1703069244,1430043,0.153229,0.021548,-9.452309
1703069244,1430062,0.189142,0.074220,-9.430760
1703069244,1430080,0.191536,0.059855,-9.490616
1703069244,1430102,0.222661,0.062249,-9.433155
1703069244,1430120,0.208296,-0.014365,-9.512163
1703069244,1430139,0.205901,0.023942,-9.490616
1703069244,1430158,0.208296,0.040701,-9.605537
1703069244,1430177,0.196325,0.043096,-9.459491
1703069244,1430196,0.174777,0.081403,-9.502586
1703069244,1430215,0.186748,0.043096,-9.449914
1703069244,1430234,0.172383,0.026336,-9.425972
1703069244,1430252,0.220267,0.035913,-9.457097
1703069244,1430271,0.167594,0.023942,-9.418790
1703069244,1430290,0.225055,0.021548,-9.564836
1703069244,1430311,0.191536,0.007183,-9.502586
1703069244,1430330,0.225055,0.069432,-9.385271
1703069245,1430349,0.213084,0.011971,-9.483433
1703069245,1430368,0.256180,0.021548,-9.555259
1703069245,1430387,0.191536,-0.019154,-9.526528
1703069245,1430406,0.213084,0.038307,-9.437943
1703069245,1430425,0.186748,0.040701,-9.473856
1703069245,1430444,0.201113,0.093374,-9.366117
1703069245,1430462,0.227449,-0.031125,-9.485827
1703069245,1430481,0.203507,0.050278,-9.440337
1703069245,1430500,0.237026,0.055067,-9.433155
1703069245,1430521,0.160412,0.021548,-9.583989
1703069245,1430540,0.169988,0.043096,-9.629479
1703069245,1430559,0.169988,-0.016759,-9.449914
1703069245,1430578,0.193930,0.000000,-9.528923
1703069245,1430597,0.205901,-0.021548,-9.552865
1703069245,1430616,0.208296,0.004788,-9.423578
1703069245,1430634,0.217872,0.064643,-9.567230
1703069245,1430653,0.227449,-0.016759,-9.502586
1703069245,1430672,0.189142,-0.028730,-9.526528
1703069245,1430691,0.213084,0.014365,-9.536105
1703069245,1430710,0.256180,0.064643,-9.459491
1703069245,1430731,0.165200,0.014365,-9.509769
1703069245,1430750,0.112527,0.064643,-9.504981
1703069245,1430769,0.222661,0.016759,-9.334992
1703069245,1430788,0.265756,0.052672,-9.490616
1703069245,1430806,0.225055,0.004788,-9.538500
1703069245,1430825,0.167594,0.064643,-9.430760
1703069245,1430844,0.203507,0.110133,-9.469068
1703069245,1430863,0.196325,0.038307,-9.519346
1703069245,1430882,0.146046,0.007183,-9.440337
1703069245,1430901,0.158017,0.026336,-9.452309
1703069245,1430920,0.169988,0.021548,-9.481039
1703069245,1430941,0.237026,0.028730,-9.459491
1703069245,1430960,0.227449,0.002394,-9.497798
1703069245,1430979,0.275333,0.026336,-9.526528
1703069245,1430997,0.205901,0.035913,-9.370906
1703069245,1431016,0.203507,0.038307,-9.495404
1703069245,1431035,0.232238,0.002394,-9.512163
1703069245,1431054,0.222661,0.100556,-9.366117
1703069245,1431073,0.208296,0.069432,-9.497798
1703069245,1431092,0.225055,0.083797,-9.433155
1703069245,1431111,0.191536,0.000000,-9.560047
1703069245,1431129,0.114922,0.002394,-9.500193
1703069245,1431151,0.232238,0.035913,-9.435549
1703069245,1431169,0.229843,0.050278,-9.428367
1703069245,1431188,0.141258,0.040701,-9.447520
1703069245,1431207,0.193930,0.043096,-9.509769
1703069245,1431226,0.184354,0.026336,-9.469068
1703069245,1431245,0.225055,0.031125,-9.459491
1703069245,1431264,0.198719,0.067038,-9.490616
1703069245,1431283,0.210690,0.040701,-9.526528
1703069245,1431301,0.191536,0.043096,-9.382876
1703069245,1431320,0.229843,0.009577,-9.481039
