timestamp,millis,AccX,AccY,AccZ,GyroX,GyroY,GyroZ
1706621675,7923886,0.251391,-0.210690,-8.408437,-0.012790,-0.006395,-0.028511
1706621675,7923928,0.136469,0.014365,-8.250419,-0.019452,0.019452,-0.024515
1706621675,7923970,0.112527,-0.067038,-9.241618,-0.013856,0.013856,-0.023182
1706621675,7924012,0.074220,0.093374,-8.786720,-0.012257,0.017320,-0.023449
1706621675,7924054,0.110133,-0.023942,-9.562442,-0.012790,0.021317,-0.022649
1706621675,7924096,0.114922,0.074220,-9.674969,-0.010925,0.029844,-0.023449
1706621675,7924141,0.093374,0.052672,-9.792285,-0.015455,0.016787,-0.025314
1706621675,7924183,0.174777,-0.026336,-9.976639,-0.012257,0.026380,-0.024781
1706621675,7924225,0.045490,0.000000,-9.809045,-0.014655,0.016787,-0.024248
1706621675,7924267,0.100556,-0.031125,-9.821015,-0.014922,0.017320,-0.023449
1706621675,7924309,0.095768,0.000000,-9.737218,-0.011991,0.017587,-0.023182
1706621675,7924351,0.169988,-0.050278,-9.610326,-0.013323,0.013323,-0.023982
1706621675,7924393,0.098162,-0.019154,-9.421184,-0.015188,0.015188,-0.021317
1706621675,7924438,0.131681,-0.035913,-9.445126,-0.014655,0.009326,-0.019985
1706621675,7924480,0.114922,-0.059855,-9.464279,-0.014123,0.014922,-0.024248
1706621675,7924522,0.093374,-0.050278,-9.533711,-0.014389,0.015988,-0.022649
1706621675,7924564,0.055067,-0.067038,-9.459491,-0.011724,0.016254,-0.025047
1706621675,7924606,0.069432,-0.067038,-9.320627,-0.014655,0.019718,-0.023982
1706621675,7924648,0.055067,-0.050278,-9.459491,-0.014389,0.018652,-0.027446
1706621675,7924690,0.083797,0.000000,-9.485827,-0.014389,0.015455,-0.025047
1706621675,7924735,0.062249,-0.071826,-9.490616,-0.012790,0.016254,-0.025847
1706621675,7924777,0.090980,-0.050278,-9.519346,-0.014123,0.016254,-0.026113
1706621676,7924819,0.134075,-0.011971,-9.569624,-0.013590,0.015721,-0.022649
1706621676,7924861,0.095768,-0.064643,-9.595961,-0.013590,0.015988,-0.023982
1706621676,7924903,0.083797,0.000000,-9.543288,-0.012257,0.018652,-0.021317
1706621676,7924945,0.098162,0.002394,-9.528923,-0.014123,0.018919,-0.019985
1706621676,7924989,0.081403,0.050278,-9.660604,-0.013057,0.019718,-0.024781
1706621676,7925031,0.083797,-0.045490,-9.636662,-0.010925,0.015188,-0.023982
1706621676,7925073,0.126893,-0.033519,-9.581595,-0.013590,0.019985,-0.023449
1706621676,7925115,0.114922,-0.009577,-9.567230,-0.013323,0.017587,-0.022916
1706621676,7925157,0.122104,0.028730,-9.528923,-0.014655,0.019452,-0.025047
1706621676,7925199,0.100556,0.035913,-9.521740,-0.011724,0.014655,-0.025580
1706621676,7925241,0.088585,0.007183,-9.521740,-0.012257,0.016521,-0.021051
1706621676,7925286,0.019154,-0.035913,-9.471462,-0.009593,0.020251,-0.025047
1706621676,7925328,0.098162,-0.019154,-9.519346,-0.009593,0.018919,-0.023449
1706621676,7925371,0.162806,-0.040701,-9.521740,-0.016254,0.019985,-0.019718
1706621676,7925413,0.055067,-0.023942,-9.500193,-0.014922,0.018652,-0.022916
1706621676,7925455,0.098162,-0.026336,-9.512163,-0.014922,0.017853,-0.024515
1706621676,7925498,0.100556,-0.047884,-9.495404,-0.013856,0.015988,-0.025047
1706621676,7925540,0.083797,-0.021548,-9.610326,-0.013590,0.017853,-0.023715
1706621676,7925585,0.114922,-0.052672,-9.481039,-0.014123,0.017320,-0.021850
1706621676,7925627,0.100556,-0.016759,-9.526528,-0.015455,0.019718,-0.022116
1706621676,7925670,0.050278,-0.035913,-9.500193,-0.012524,0.020251,-0.025314
1706621676,7925712,0.069432,-0.028730,-9.552865,-0.011991,0.017054,-0.023982
1706621676,7925754,0.098162,-0.011971,-9.564836,-0.011991,0.018919,-0.021850
1706621676,7925797,0.038307,-0.026336,-9.548077,-0.015455,0.014922,-0.025847
1706621677,7925842,0.143652,0.002394,-9.481039,-0.013057,0.017320,-0.024515
1706621677,7925884,0.045490,-0.055067,-9.533711,-0.015988,0.019985,-0.021583
1706621677,7925926,0.160412,-0.016759,-9.564836,-0.015721,0.012790,-0.022916
1706621677,7925969,0.057461,0.038307,-9.519346,-0.014922,0.012524,-0.021317
1706621677,7926011,0.114922,-0.033519,-9.500193,-0.014389,0.014922,-0.023982
1706621677,7926054,0.126893,-0.009577,-9.576807,-0.011724,0.019985,-0.024781
1706621677,7926096,0.083797,0.004788,-9.605537,-0.015455,0.015988,-0.019718
1706621677,7926141,0.083797,0.004788,-9.507375,-0.010925,0.014123,-0.022383
1706621677,7926183,0.100556,-0.038307,-9.521740,-0.011724,0.018119,-0.024248
1706621677,7926226,0.160412,-0.014365,-9.612720,-0.012524,0.017320,-0.022649
1706621677,7926268,0.081403,0.011971,-9.548077,-0.011458,0.018119,-0.023449
1706621677,7926311,0.102951,0.004788,-9.514558,-0.014389,0.016254,-0.022383
1706621677,7926353,0.136469,-0.052672,-9.493010,-0.015721,0.018919,-0.026113
1706621677,7926395,0.136469,-0.011971,-9.583989,-0.012257,0.016254,-0.025580
1706621677,7926440,0.050278,-0.023942,-9.509769,-0.011991,0.020251,-0.022649
1706621677,7926483,0.100556,-0.062249,-9.526528,-0.013590,0.018386,-0.025314
1706621677,7926525,0.184354,-0.014365,-9.550470,-0.014655,0.017587,-0.022383
1706621677,7926567,0.102951,-0.021548,-9.610326,-0.015188,0.016521,-0.022916
1706621677,7926610,0.086191,-0.007183,-9.557653,-0.013057,0.018386,-0.026380
1706621677,7926652,0.201113,-0.002394,-9.569624,-0.014123,0.020784,-0.023449
1706621677,7926697,0.110133,-0.023942,-9.552865,-0.013590,0.017320,-0.024248
1706621677,7926740,0.105345,-0.007183,-9.598354,-0.015721,0.016254,-0.023182
1706621677,7926782,0.114922,-0.007183,-9.473856,-0.012790,0.020251,-0.024515
1706621678,7926824,0.134075,-0.026336,-9.495404,-0.014389,0.017320,-0.024781
1706621678,7926867,0.100556,0.021548,-9.583989,-0.009859,0.016254,-0.024248
1706621678,7926909,0.081403,0.009577,-9.536105,-0.012257,0.014123,-0.023182
1706621678,7926951,0.107739,-0.007183,-9.504981,-0.013856,0.017320,-0.021317
1706621678,7926996,0.090980,-0.026336,-9.528923,-0.012790,0.019452,-0.022116
1706621678,7927038,0.158017,-0.088585,-9.538500,-0.012257,0.019985,-0.024248
1706621678,7927081,0.155623,0.009577,-9.536105,-0.014655,0.017320,-0.022916
1706621678,7927123,0.119710,-0.009577,-9.622296,-0.014922,0.016254,-0.024248
1706621678,7927166,0.136469,0.045490,-9.476251,-0.014389,0.020518,-0.023182
1706621678,7927208,0.079009,-0.002394,-9.445126,-0.014922,0.018652,-0.024781
1706621678,7927250,0.064643,-0.026336,-9.598354,-0.010925,0.014655,-0.021583
1706621678,7927295,0.090980,0.007183,-9.572019,-0.012257,0.017054,-0.021583
1706621678,7927337,0.110133,-0.009577,-9.536105,-0.014922,0.018386,-0.023182
1706621678,7927380,0.064643,0.021548,-9.600749,-0.015188,0.017853,-0.024781
1706621678,7927422,0.002394,0.014365,-9.531317,-0.014123,0.016787,-0.024248
1706621678,7927464,0.134075,0.059855,-9.397242,-0.011191,0.014389,-0.023982
1706621678,7927507,0.112527,0.014365,-9.531317,-0.012790,0.018386,-0.027446
1706621678,7927559,0.112527,-0.047884,-9.548077,-0.014922,0.018652,-0.019985
1706621678,7927602,0.081403,-0.019154,-9.483433,-0.015188,0.015721,-0.024248
1706621678,7927644,0.088585,-0.031125,-9.459491,-0.014389,0.017853,-0.025314
1706621678,7927686,0.131681,-0.016759,-9.533711,-0.013057,0.017853,-0.024248
1706621678,7927728,0.095768,-0.045490,-9.437943,-0.014655,0.014922,-0.023982
1706621678,7927770,0.057461,-0.033519,-9.488221,-0.015188,0.020784,-0.023449
1706621678,7927812,0.074220,-0.002394,-9.524135,-0.011458,0.011191,-0.023715
1706621679,7927856,0.138864,-0.021548,-9.490616,-0.013323,0.017587,-0.023182
1706621679,7927899,0.057461,-0.043096,-9.488221,-0.014123,0.018652,-0.024515
1706621679,7927941,0.114922,-0.016759,-9.512163,-0.013057,0.016521,-0.025047
1706621679,7927983,0.083797,-0.014365,-9.449914,-0.012257,0.018652,-0.023449
1706621679,7928025,0.043096,-0.031125,-9.545682,-0.011991,0.018386,-0.023715
1706621679,7928067,0.119710,0.019154,-9.509769,-0.014922,0.022383,-0.023182
1706621679,7928109,0.148441,-0.007183,-9.560047,-0.014123,0.018119,-0.023182
1706621679,7928154,0.093374,-0.023942,-9.516952,-0.011458,0.022116,-0.022116
1706621679,7928196,0.067038,-0.047884,-9.473856,-0.012790,0.017853,-0.025047
1706621679,7928238,0.100556,-0.047884,-9.519346,-0.012790,0.015188,-0.020518
1706621679,7928280,0.081403,0.023942,-9.488221,-0.013323,0.019718,-0.023182
1706621679,7928322,0.079009,0.023942,-9.521740,-0.010658,0.016254,-0.026380
1706621679,7928364,0.107739,-0.040701,-9.493010,-0.012790,0.018386,-0.022383
1706621679,7928409,0.181959,-0.007183,-9.610326,-0.014922,0.018386,-0.023982
1706621679,7928451,0.129287,-0.038307,-9.545682,-0.010392,0.015721,-0.020518
1706621679,7928493,0.059855,0.031125,-9.490616,-0.014123,0.013057,-0.025314
1706621679,7928535,0.126893,0.007183,-9.569624,-0.013057,0.017587,-0.022916
1706621679,7928577,0.081403,0.000000,-9.497798,-0.015188,0.013590,-0.024515
1706621679,7928619,0.086191,0.009577,-9.488221,-0.015188,0.016254,-0.021850
1706621679,7928661,0.129287,0.011971,-9.653421,-0.015188,0.019185,-0.020251
1706621679,7928705,0.126893,-0.011971,-9.504981,-0.009326,0.017320,-0.023982
1706621679,7928747,0.079009,0.021548,-9.560047,-0.013323,0.015721,-0.025314
1706621679,7928790,0.090980,0.035913,-9.531317,-0.014389,0.018919,-0.023982
1706621680,7928832,0.124498,-0.050278,-9.457097,-0.011724,0.018386,-0.023182
1706621680,7928874,0.126893,0.014365,-9.600749,-0.013590,0.017587,-0.021850
1706621680,7928916,0.040701,-0.079009,-9.588778,-0.014123,0.017054,-0.023182
1706621680,7928958,0.045490,-0.043096,-9.543288,-0.013057,0.018386,-0.024248
1706621680,7929002,0.081403,0.002394,-9.562442,-0.011724,0.019985,-0.025047
1706621680,7929044,0.134075,-0.011971,-9.404425,-0.012524,0.018652,-0.023449
1706621680,7929086,0.083797,-0.023942,-9.569624,-0.011458,0.018119,-0.022916
1706621680,7929128,0.134075,-0.026336,-9.481039,-0.012524,0.016521,-0.023449
1706621680,7929171,0.050278,0.047884,-9.548077,-0.013590,0.016521,-0.023715
1706621680,7929213,0.184354,-0.016759,-9.576807,-0.013323,0.017320,-0.021317
1706621680,7929257,0.095768,-0.033519,-9.526528,-0.013590,0.016521,-0.021583
1706621680,7929299,0.155623,0.019154,-9.579201,-0.016521,0.014922,-0.024781
1706621680,7929341,0.107739,-0.043096,-9.459491,-0.011991,0.019985,-0.019985
1706621680,7929383,0.019154,-0.026336,-9.543288,-0.013856,0.017320,-0.024781
1706621680,7929426,0.169988,0.043096,-9.457097,-0.014123,0.017587,-0.024248
1706621680,7929468,0.119710,-0.016759,-9.490616,-0.013057,0.017054,-0.023449
1706621680,7929510,0.158017,0.016759,-9.509769,-0.013057,0.014922,-0.023449
1706621680,7929554,0.088585,-0.016759,-9.457097,-0.014655,0.018652,-0.024515
1706621680,7929596,0.105345,-0.002394,-9.524135,-0.013057,0.016254,-0.024515
1706621680,7929638,0.074220,0.000000,-9.598354,-0.011724,0.016787,-0.021850
1706621680,7929680,0.093374,-0.035913,-9.629479,-0.011991,0.013323,-0.021051
1706621680,7929722,0.074220,0.019154,-9.490616,-0.011724,0.021583,-0.023449
1706621680,7929764,0.057461,-0.023942,-9.495404,-0.013057,0.017054,-0.024248
1706621680,7929806,0.064643,0.055067,-9.514558,-0.013590,0.016254,-0.024248
1706621681,7929851,0.071826,-0.026336,-9.502586,-0.013323,0.017320,-0.024515
1706621681,7929893,0.090980,0.088585,-9.567230,-0.014123,0.019185,-0.022916
1706621681,7929935,0.122104,-0.014365,-9.461885,-0.014123,0.019185,-0.022383
1706621681,7929978,0.076614,-0.033519,-9.605537,-0.012257,0.015188,-0.023982
1706621681,7930020,0.062249,-0.038307,-9.564836,-0.015455,0.018119,-0.023449
1706621681,7930062,0.098162,-0.033519,-9.555259,-0.012790,0.016787,-0.021850
1706621681,7930107,0.105345,0.047884,-9.500193,-0.014655,0.015721,-0.025580
1706621681,7930150,0.047884,-0.086191,-9.588778,-0.012257,0.019452,-0.021317
1706621681,7930192,0.107739,0.019154,-9.567230,-0.015455,0.021583,-0.025047
1706621681,7930234,0.112527,-0.023942,-9.603143,-0.012790,0.018652,-0.025847
1706621681,7930277,0.134075,-0.009577,-9.579201,-0.011991,0.014123,-0.021583
1706621681,7930319,0.141258,0.004788,-9.528923,-0.013590,0.020518,-0.023449
1706621681,7930362,0.064643,-0.023942,-9.516952,-0.013323,0.017587,-0.023982
1706621681,7930407,0.126893,-0.019154,-9.552865,-0.011724,0.015988,-0.024515
1706621681,7930449,0.102951,0.035913,-9.521740,-0.011458,0.017587,-0.023449
1706621681,7930491,0.136469,-0.040701,-9.514558,-0.010658,0.015721,-0.021850
1706621681,7930534,0.093374,0.031125,-9.509769,-0.014123,0.019185,-0.023982
1706621681,7930576,0.064643,-0.043096,-9.557653,-0.013856,0.016787,-0.022649
1706621681,7930618,0.095768,-0.045490,-9.524135,-0.013057,0.015455,-0.025580
1706621681,7930661,0.114922,-0.057461,-9.519346,-0.011991,0.019452,-0.022116
1706621681,7930706,0.083797,-0.011971,-9.538500,-0.015988,0.016521,-0.023449
1706621681,7930748,0.129287,-0.009577,-9.512163,-0.012524,0.016521,-0.021317
1706621681,7930790,0.069432,-0.009577,-9.557653,-0.011724,0.016521,-0.022649
1706621682,7930833,0.098162,0.007183,-9.583989,-0.014123,0.017853,-0.026380
1706621682,7930875,0.124498,-0.074220,-9.536105,-0.014123,0.013323,-0.022649
1706621682,7930917,0.114922,-0.011971,-9.521740,-0.014655,0.016787,-0.025047
1706621682,7930962,0.114922,-0.043096,-9.493010,-0.011191,0.016787,-0.023449
1706621682,7931005,0.129287,0.057461,-9.507375,-0.013856,0.015188,-0.024515
1706621682,7931047,0.081403,0.007183,-9.600749,-0.013590,0.018119,-0.026913
1706621682,7931089,0.134075,-0.079009,-9.428367,-0.013590,0.019185,-0.024248
1706621682,7931132,0.081403,0.011971,-9.521740,-0.012790,0.015188,-0.024248
1706621682,7931174,0.052672,-0.007183,-9.483433,-0.015455,0.018386,-0.025847
1706621682,7931216,0.090980,-0.045490,-9.552865,-0.014389,0.020518,-0.020518
1706621682,7931261,0.107739,-0.028730,-9.557653,-0.013057,0.017320,-0.022649
1706621682,7931304,0.055067,-0.059855,-9.581595,-0.013590,0.018652,-0.022649
1706621682,7931346,0.158017,-0.019154,-9.445126,-0.014123,0.017320,-0.024248
1706621682,7931388,0.136469,-0.002394,-9.722853,-0.015188,0.017054,-0.021583
1706621682,7931431,0.095768,0.000000,-9.557653,-0.013057,0.018652,-0.022649
1706621682,7931473,0.114922,-0.002394,-9.531317,-0.013856,0.016254,-0.022383
1706621682,7931516,0.045490,-0.019154,-9.548077,-0.015188,0.014655,-0.023182
1706621682,7931560,0.069432,-0.057461,-9.579201,-0.014655,0.020518,-0.025580
1706621682,7931603,0.129287,0.028730,-9.452309,-0.012790,0.015455,-0.022916
1706621682,7931645,0.110133,0.028730,-9.507375,-0.014655,0.018119,-0.023715
1706621682,7931688,0.126893,-0.011971,-9.552865,-0.017587,0.018919,-0.021051
1706621682,7931730,0.129287,0.028730,-9.540894,-0.012790,0.023982,-0.025580
1706621682,7931772,0.086191,-0.038307,-9.473856,-0.014389,0.016787,-0.025847
1706621683,7931815,0.009577,-0.016759,-9.483433,-0.014922,0.015188,-0.025847
1706621683,7931859,0.107739,0.064643,-9.615114,-0.013323,0.018652,-0.022116
1706621683,7931902,0.047884,0.002394,-9.461885,-0.011724,0.018652,-0.024248
1706621683,7931944,0.083797,-0.016759,-9.490616,-0.011724,0.017853,-0.021850
1706621683,7931986,0.134075,-0.033519,-9.504981,-0.012790,0.016521,-0.022916
1706621683,7932029,0.117316,-0.004788,-9.528923,-0.012257,0.017320,-0.023449
1706621683,7932071,0.071826,-0.021548,-9.552865,-0.014655,0.019185,-0.020784
1706621683,7932124,0.098162,0.002394,-9.583989,-0.013590,0.018386,-0.021850
1706621683,7932167,0.102951,-0.002394,-9.509769,-0.015721,0.017853,-0.021583
1706621683,7932209,0.088585,-0.016759,-9.509769,-0.013057,0.014123,-0.022116
1706621683,7932251,0.002394,0.000000,-9.639056,-0.009859,0.015455,-0.023982
1706621683,7932293,0.102951,-0.095768,-9.538500,-0.014922,0.018919,-0.024515
1706621683,7932335,0.095768,-0.023942,-9.440337,-0.014123,0.019452,-0.021051
1706621683,7932377,0.155623,-0.067038,-9.524135,-0.013856,0.014389,-0.022116
1706621683,7932421,0.169988,-0.040701,-9.497798,-0.013057,0.019718,-0.026113
1706621683,7932463,0.126893,-0.064643,-9.526528,-0.014655,0.017320,-0.027979
1706621683,7932505,0.067038,0.023942,-9.497798,-0.014123,0.019718,-0.026380
1706621683,7932547,0.088585,-0.011971,-9.540894,-0.011991,0.014655,-0.025580
1706621683,7932590,0.117316,-0.057461,-9.531317,-0.008793,0.016787,-0.022116
1706621683,7932632,0.095768,0.000000,-9.423578,-0.013856,0.016787,-0.021051
1706621683,7932674,0.086191,-0.083797,-9.433155,-0.011191,0.017853,-0.021051
1706621683,7932718,0.045490,-0.026336,-9.548077,-0.014655,0.016521,-0.019985
1706621683,7932760,0.026336,-0.050278,-9.536105,-0.013590,0.017853,-0.023449
1706621683,7932802,0.081403,0.047884,-9.595961,-0.015721,0.018652,-0.025314
1706621684,7932845,0.141258,0.007183,-9.615114,-0.012524,0.019985,-0.023449
1706621684,7932887,0.071826,-0.062249,-9.528923,-0.013856,0.013590,-0.023182
1706621684,7932929,0.148441,-0.033519,-9.433155,-0.013057,0.019452,-0.021317
1706621684,7932973,0.081403,-0.035913,-9.504981,-0.015188,0.016521,-0.025047
1706621684,7933015,0.131681,-0.009577,-9.600749,-0.013856,0.021850,-0.025314
1706621684,7933057,0.114922,-0.011971,-9.526528,-0.016521,0.018919,-0.025580
1706621684,7933099,0.033519,-0.019154,-9.457097,-0.013057,0.012790,-0.023715
1706621684,7933142,0.119710,-0.021548,-9.653421,-0.014123,0.018652,-0.023182
1706621684,7933184,0.105345,0.026336,-9.502586,-0.011724,0.018386,-0.023982
1706621684,7933226,0.114922,0.028730,-9.615114,-0.013323,0.014922,-0.022649
1706621684,7933270,0.122104,-0.055067,-9.519346,-0.011724,0.018652,-0.022649
1706621684,7933312,0.098162,0.035913,-9.464279,-0.011724,0.021051,-0.025314
1706621684,7933354,0.102951,-0.016759,-9.550470,-0.009593,0.014922,-0.023982
1706621684,7933396,0.088585,0.045490,-9.545682,-0.013856,0.018386,-0.022383
1706621684,7933439,0.110133,0.019154,-9.682152,-0.013323,0.014389,-0.023982
1706621684,7933481,0.110133,-0.009577,-9.457097,-0.012524,0.018919,-0.023715
1706621684,7933523,0.124498,0.011971,-9.581595,-0.012257,0.016787,-0.025047
1706621684,7933567,0.105345,0.002394,-9.629479,-0.012790,0.016521,-0.025047
1706621684,7933610,0.081403,-0.026336,-9.586384,-0.015188,0.018919,-0.021317
1706621684,7933652,0.110133,-0.023942,-9.512163,-0.014389,0.016787,-0.025314
1706621684,7933694,0.122104,0.002394,-9.466674,-0.017054,0.017320,-0.024248
1706621684,7933736,0.102951,0.069432,-9.478644,-0.012524,0.017320,-0.021850
1706621684,7933778,0.083797,-0.038307,-9.469068,-0.013590,0.017320,-0.024515
1706621685,7933822,0.090980,-0.009577,-9.552865,-0.015188,0.016521,-0.021850
1706621685,7933875,0.095768,-0.052672,-9.543288,-0.011724,0.017587,-0.023182
1706621685,7933917,0.076614,-0.038307,-9.488221,-0.014123,0.017320,-0.021583
1706621685,7933959,0.126893,-0.033519,-9.524135,-0.013856,0.017853,-0.021317
1706621685,7934001,0.114922,-0.009577,-9.545682,-0.012790,0.017853,-0.023182
1706621685,7934043,0.124498,-0.038307,-9.552865,-0.013057,0.016521,-0.024781
1706621685,7934085,0.129287,-0.033519,-9.473856,-0.013590,0.017853,-0.024781
1706621685,7934130,0.114922,0.002394,-9.533711,-0.013323,0.017587,-0.022383
1706621685,7934172,0.031125,-0.093374,-9.600749,-0.012524,0.019985,-0.023449
1706621685,7934214,0.081403,-0.019154,-9.504981,-0.012524,0.017853,-0.022916
1706621685,7934256,0.088585,-0.038307,-9.507375,-0.013323,0.016787,-0.021583
1706621685,7934298,0.100556,-0.074220,-9.543288,-0.013856,0.016254,-0.023449
1706621685,7934340,0.141258,-0.028730,-9.442732,-0.010925,0.016521,-0.020784
1706621685,7934382,0.141258,0.014365,-9.454702,-0.011458,0.018386,-0.024781
1706621685,7934427,0.088585,-0.033519,-9.569624,-0.012257,0.014655,-0.023449
1706621685,7934469,0.134075,-0.071826,-9.509769,-0.013057,0.018119,-0.025047
1706621685,7934511,0.019154,-0.019154,-9.509769,-0.013057,0.017587,-0.023449
1706621685,7934554,0.131681,0.040701,-9.612720,-0.012790,0.019985,-0.024781
1706621685,7934596,0.079009,0.016759,-9.579201,-0.012257,0.017587,-0.021583
1706621685,7934638,0.100556,-0.040701,-9.543288,-0.014922,0.016787,-0.026913
1706621685,7934683,0.045490,0.019154,-9.473856,-0.015188,0.020518,-0.026380
1706621685,7934725,0.117316,-0.031125,-9.533711,-0.016787,0.017853,-0.022649
1706621685,7934768,0.031125,-0.026336,-9.531317,-0.016521,0.017587,-0.022649
1706621685,7934810,0.102951,0.023942,-9.509769,-0.013323,0.015721,-0.025047
1706621686,7934852,0.095768,0.031125,-9.548077,-0.016787,0.017587,-0.022916
1706621686,7934895,0.059855,-0.021548,-9.521740,-0.015455,0.019185,-0.021317
1706621686,7934937,0.105345,-0.009577,-9.504981,-0.010392,0.017587,-0.022916
1706621686,7934982,0.062249,0.023942,-9.536105,-0.012257,0.017853,-0.025580
1706621686,7935024,0.119710,-0.007183,-9.567230,-0.012257,0.017853,-0.021850
1706621686,7935067,0.107739,0.000000,-9.497798,-0.014389,0.019718,-0.021850
1706621686,7935109,0.083797,0.007183,-9.533711,-0.015988,0.018119,-0.023982
1706621686,7935151,0.122104,-0.016759,-9.493010,-0.011458,0.019718,-0.023715
1706621686,7935194,0.141258,0.074220,-9.524135,-0.014389,0.019718,-0.022916
1706621686,7935236,0.088585,0.002394,-9.514558,-0.013856,0.017853,-0.025847
1706621686,7935281,0.126893,0.047884,-9.440337,-0.013590,0.017320,-0.023182
1706621686,7935323,0.076614,-0.033519,-9.586384,-0.011724,0.017320,-0.024781
1706621686,7935366,0.162806,0.004788,-9.641450,-0.012524,0.018652,-0.024781
1706621686,7935408,0.086191,-0.079009,-9.509769,-0.016254,0.017054,-0.025047
1706621686,7935451,0.098162,-0.014365,-9.567230,-0.014123,0.017054,-0.025314
1706621686,7935493,0.052672,-0.009577,-9.562442,-0.013856,0.018919,-0.021317
1706621686,7935538,0.086191,-0.031125,-9.497798,-0.014123,0.016521,-0.022649
1706621686,7935580,0.117316,-0.055067,-9.485827,-0.014922,0.017853,-0.022383
1706621686,7935622,0.129287,-0.002394,-9.507375,-0.014655,0.017320,-0.021317
1706621686,7935665,0.086191,0.023942,-9.591172,-0.016521,0.018386,-0.021051
1706621686,7935707,0.071826,-0.009577,-9.536105,-0.013590,0.016254,-0.023982
1706621686,7935750,0.153229,-0.021548,-9.476251,-0.016521,0.017587,-0.023182
1706621686,7935792,0.076614,0.007183,-9.521740,-0.010925,0.017587,-0.022916
1706621687,7935837,0.088585,-0.033519,-9.507375,-0.015988,0.012790,-0.023449
1706621687,7935879,0.102951,-0.019154,-9.629479,-0.015988,0.019718,-0.022383
1706621687,7935921,0.083797,0.004788,-9.469068,-0.013323,0.021583,-0.017853
1706621687,7935964,0.150835,-0.045490,-9.495404,-0.013057,0.015721,-0.022116
1706621687,7936006,0.095768,-0.019154,-9.615114,-0.015988,0.017320,-0.022649
1706621687,7936049,0.122104,-0.019154,-9.540894,-0.011458,0.018652,-0.026380
1706621687,7936091,0.095768,-0.004788,-9.605537,-0.013057,0.013590,-0.023982
1706621687,7936136,0.153229,0.004788,-9.524135,-0.014922,0.018119,-0.023182
1706621687,7936178,0.146046,-0.052672,-9.466674,-0.014123,0.018919,-0.020518
1706621687,7936221,0.090980,0.002394,-9.507375,-0.013590,0.016787,-0.023715
1706621687,7936263,0.174777,0.021548,-9.569624,-0.014123,0.014655,-0.025314
1706621687,7936305,0.181959,0.028730,-9.560047,-0.014123,0.019185,-0.023449
1706621687,7936348,0.107739,-0.047884,-9.648633,-0.013590,0.015988,-0.024781
1706621687,7936393,0.102951,-0.071826,-9.519346,-0.011458,0.022116,-0.024248
1706621687,7936435,0.047884,0.055067,-9.509769,-0.015721,0.017320,-0.023715
1706621687,7936477,0.117316,-0.055067,-9.543288,-0.012790,0.016521,-0.024515
1706621687,7936520,0.038307,-0.023942,-9.548077,-0.014922,0.018652,-0.021317
1706621687,7936562,0.122104,-0.016759,-9.550470,-0.011458,0.012524,-0.023449
1706621687,7936604,0.119710,0.083797,-9.543288,-0.014123,0.020251,-0.024515
1706621687,7936646,0.124498,-0.055067,-9.540894,-0.012257,0.021317,-0.025047
1706621687,7936699,0.088585,0.031125,-9.447520,-0.014123,0.020518,-0.027979
1706621687,7936742,0.129287,-0.004788,-9.543288,-0.015988,0.019718,-0.025314
1706621687,7936784,0.126893,0.050278,-9.624691,-0.014922,0.015188,-0.024781
1706621688,7936826,0.102951,-0.057461,-9.481039,-0.014922,0.015721,-0.025580
1706621688,7936868,0.086191,0.038307,-9.509769,-0.011724,0.016787,-0.023982
1706621688,7936910,0.100556,-0.052672,-9.605537,-0.015188,0.016521,-0.027179
1706621688,7936952,0.031125,-0.043096,-9.476251,-0.014389,0.015188,-0.022116
1706621688,7936996,0.110133,0.035913,-9.576807,-0.011191,0.019452,-0.021850
1706621688,7937038,0.090980,0.000000,-9.651027,-0.011458,0.018652,-0.024248
1706621688,7937081,0.098162,-0.002394,-9.574412,-0.013590,0.021051,-0.025047
1706621688,7937123,0.055067,0.028730,-9.557653,-0.011724,0.014655,-0.022116
1706621688,7937165,0.086191,-0.033519,-9.581595,-0.013057,0.012790,-0.023449
1706621688,7937207,0.112527,-0.031125,-9.533711,-0.014123,0.016787,-0.023982
1706621688,7937251,0.095768,-0.069432,-9.622296,-0.014123,0.021051,-0.019985
1706621688,7937293,0.110133,-0.052672,-9.545682,-0.013323,0.022116,-0.022916
1706621688,7937335,0.102951,-0.093374,-9.545682,-0.013856,0.017054,-0.023982
1706621688,7937377,0.062249,0.002394,-9.481039,-0.010925,0.018919,-0.025314
1706621688,7937420,0.098162,0.016759,-9.550470,-0.012524,0.015721,-0.024515
1706621688,7937462,0.141258,-0.007183,-9.610326,-0.011724,0.017054,-0.023715
1706621688,7937504,0.148441,0.014365,-9.437943,-0.011991,0.017853,-0.023715
1706621688,7937548,0.134075,-0.043096,-9.639056,-0.014123,0.018652,-0.023982
1706621688,7937590,0.067038,-0.038307,-9.543288,-0.016254,0.019452,-0.023715
1706621688,7937633,0.107739,-0.007183,-9.423578,-0.013057,0.019718,-0.024781
1706621688,7937675,0.110133,0.062249,-9.598354,-0.013590,0.015988,-0.022383
1706621688,7937717,0.083797,-0.031125,-9.526528,-0.012524,0.018119,-0.025847
1706621688,7937759,0.069432,0.004788,-9.526528,-0.015188,0.018386,-0.021051
1706621688,7937801,0.098162,0.016759,-9.476251,-0.012524,0.016787,-0.023449
1706621689,7937845,0.110133,-0.007183,-9.550470,-0.013057,0.016254,-0.020518
1706621689,7937887,0.004788,-0.050278,-9.459491,-0.014123,0.018919,-0.024781
1706621689,7937929,0.148441,-0.004788,-9.555259,-0.013323,0.018119,-0.021317
1706621689,7937972,0.117316,0.007183,-9.488221,-0.010658,0.018919,-0.023982
1706621689,7938014,0.129287,-0.016759,-9.454702,-0.012257,0.017320,-0.023715
1706621689,7938056,0.122104,0.009577,-9.528923,-0.014123,0.011991,-0.025047
1706621689,7938098,0.100556,0.014365,-9.595961,-0.012790,0.015188,-0.023182
1706621689,7938142,0.011971,-0.057461,-9.509769,-0.011991,0.017587,-0.023982
1706621689,7938184,0.059855,0.059855,-9.516952,-0.012524,0.017054,-0.022116
1706621689,7938226,0.095768,-0.045490,-9.524135,-0.011191,0.017054,-0.021317
1706621689,7938269,0.122104,-0.023942,-9.516952,-0.014655,0.016254,-0.024248
1706621689,7938311,0.110133,0.016759,-9.507375,-0.013590,0.017054,-0.022916
1706621689,7938353,0.050278,-0.004788,-9.576807,-0.013590,0.018386,-0.024248
1706621689,7938397,0.090980,0.000000,-9.514558,-0.015988,0.014389,-0.022383
1706621689,7938439,0.086191,0.014365,-9.634268,-0.014123,0.017587,-0.023182
1706621689,7938482,0.045490,0.002394,-9.607931,-0.014655,0.016787,-0.024781
1706621689,7938524,0.055067,-0.021548,-9.519346,-0.014123,0.019985,-0.022383
1706621689,7938566,0.059855,0.019154,-9.536105,-0.011458,0.015988,-0.024515
1706621689,7938608,0.090980,0.047884,-9.504981,-0.011724,0.018652,-0.025314
1706621689,7938650,0.126893,-0.033519,-9.538500,-0.013856,0.015455,-0.023449
1706621689,7938694,0.071826,0.019154,-9.588778,-0.012524,0.014922,-0.023449
1706621689,7938736,0.045490,0.007183,-9.557653,-0.013856,0.015988,-0.024515
1706621689,7938778,0.119710,-0.040701,-9.447520,-0.013323,0.017853,-0.023715
1706621690,7938820,0.102951,-0.045490,-9.493010,-0.013057,0.016254,-0.021850
1706621690,7938862,0.102951,-0.086191,-9.569624,-0.015455,0.012257,-0.023449
1706621690,7938904,0.117316,-0.038307,-9.562442,-0.011991,0.020251,-0.020518
1706621690,7938946,0.102951,0.028730,-9.471462,-0.012790,0.016521,-0.023982
1706621690,7938991,0.083797,0.021548,-9.428367,-0.016521,0.020518,-0.020518
1706621690,7939033,0.081403,-0.033519,-9.631873,-0.014655,0.020784,-0.024781
1706621690,7939075,0.057461,-0.069432,-9.579201,-0.013590,0.015721,-0.023982
1706621690,7939118,0.050278,-0.019154,-9.514558,-0.015721,0.018386,-0.022649
1706621690,7939160,0.045490,-0.050278,-9.528923,-0.015721,0.019985,-0.023182
1706621690,7939202,0.100556,-0.059855,-9.425972,-0.014123,0.016521,-0.020518
1706621690,7939247,0.079009,-0.002394,-9.538500,-0.013057,0.017853,-0.020251
1706621690,7939289,0.174777,0.007183,-9.552865,-0.013057,0.015988,-0.025047
1706621690,7939332,0.076614,0.031125,-9.471462,-0.014655,0.015721,-0.022116
1706621690,7939374,0.114922,0.004788,-9.497798,-0.014655,0.018119,-0.022649
1706621690,7939417,0.138864,-0.019154,-9.488221,-0.012790,0.018119,-0.024515
1706621690,7939459,0.129287,-0.100556,-9.449914,-0.015455,0.015455,-0.023715
1706621690,7939502,0.117316,0.019154,-9.423578,-0.013057,0.017587,-0.023982
1706621690,7939546,0.153229,0.000000,-9.624691,-0.011458,0.017054,-0.023715
1706621690,7939589,0.114922,0.021548,-9.528923,-0.012524,0.016787,-0.026113
1706621690,7939631,0.191536,-0.033519,-9.598354,-0.014922,0.019452,-0.023982
1706621690,7939674,0.045490,-0.023942,-9.514558,-0.013323,0.016521,-0.022383
1706621690,7939716,0.069432,-0.035913,-9.512163,-0.014123,0.016787,-0.024515
1706621690,7939758,0.100556,-0.023942,-9.531317,-0.015721,0.020251,-0.024515
1706621690,7939801,0.124498,-0.035913,-9.500193,-0.012524,0.015721,-0.024781
1706621691,7939845,0.117316,-0.007183,-9.607931,-0.016787,0.021583,-0.023982
1706621691,7939888,0.083797,0.016759,-9.583989,-0.010925,0.018919,-0.021583
1706621691,7939930,0.110133,0.007183,-9.617508,-0.012257,0.019985,-0.024248
1706621691,7939973,0.122104,0.011971,-9.552865,-0.014389,0.015455,-0.020784
1706621691,7940015,0.105345,0.050278,-9.624691,-0.013590,0.018119,-0.021051
1706621691,7940057,0.090980,-0.026336,-9.548077,-0.013057,0.019985,-0.024515
1706621691,7940102,0.047884,-0.016759,-9.550470,-0.015721,0.014655,-0.024515
1706621691,7940145,0.117316,0.038307,-9.514558,-0.013590,0.015455,-0.021583
1706621691,7940187,0.064643,0.004788,-9.536105,-0.013323,0.017853,-0.026113
1706621691,7940230,0.098162,0.019154,-9.545682,-0.011458,0.018119,-0.023182
1706621691,7940272,0.079009,-0.052672,-9.528923,-0.017054,0.013856,-0.022649
1706621691,7940314,0.083797,-0.057461,-9.531317,-0.010658,0.019718,-0.022649
1706621691,7940357,0.124498,-0.011971,-9.519346,-0.012524,0.019185,-0.020784
1706621691,7940402,0.110133,-0.011971,-9.504981,-0.011991,0.014655,-0.024781
1706621691,7940444,0.081403,-0.040701,-9.516952,-0.011991,0.017853,-0.024781
1706621691,7940487,0.114922,-0.009577,-9.495404,-0.015188,0.018919,-0.020251
1706621691,7940529,0.095768,-0.040701,-9.466674,-0.013323,0.016254,-0.022383
1706621691,7940572,0.052672,0.000000,-9.545682,-0.013057,0.015988,-0.019452
1706621691,7940614,0.102951,-0.016759,-9.615114,-0.014123,0.019452,-0.025047
1706621691,7940656,0.098162,0.014365,-9.540894,-0.013856,0.019985,-0.023449
1706621691,7940701,0.052672,-0.026336,-9.521740,-0.016787,0.019718,-0.023182
1706621691,7940744,0.090980,0.007183,-9.538500,-0.015455,0.016787,-0.026113
1706621691,7940786,0.119710,-0.014365,-9.461885,-0.013856,0.019185,-0.026113
1706621692,7940828,0.067038,-0.031125,-9.552865,-0.014389,0.018652,-0.024781
1706621692,7940871,0.153229,0.002394,-9.526528,-0.012524,0.017853,-0.025314
1706621692,7940913,0.110133,-0.038307,-9.552865,-0.015721,0.017853,-0.024781
1706621692,7940958,0.098162,0.040701,-9.469068,-0.013323,0.015988,-0.026380
1706621692,7941000,0.062249,-0.009577,-9.469068,-0.013323,0.018119,-0.022916
1706621692,7941043,0.076614,-0.047884,-9.533711,-0.015988,0.015188,-0.024781
1706621692,7941085,0.076614,-0.002394,-9.607931,-0.013856,0.019718,-0.023449
1706621692,7941127,0.117316,-0.011971,-9.581595,-0.015721,0.017320,-0.021317
1706621692,7941170,0.131681,-0.055067,-9.550470,-0.014389,0.018386,-0.024515
1706621692,7941212,0.062249,0.000000,-9.562442,-0.013057,0.019718,-0.018919
1706621692,7941264,0.105345,-0.002394,-9.533711,-0.015455,0.018386,-0.021850
1706621692,7941308,0.107739,-0.028730,-9.512163,-0.015988,0.016787,-0.022649
1706621692,7941350,0.067038,-0.009577,-9.526528,-0.014655,0.013323,-0.021317
1706621692,7941391,0.134075,-0.059855,-9.473856,-0.012257,0.015988,-0.021850
1706621692,7941434,0.129287,-0.038307,-9.586384,-0.014655,0.019718,-0.025314
1706621692,7941476,0.114922,-0.047884,-9.588778,-0.013590,0.022383,-0.022649
1706621692,7941518,0.100556,-0.045490,-9.564836,-0.014123,0.019985,-0.023715
1706621692,7941562,0.095768,-0.064643,-9.583989,-0.016521,0.016254,-0.021583
1706621692,7941604,0.102951,-0.016759,-9.567230,-0.011724,0.019185,-0.027979
1706621692,7941646,0.172383,-0.007183,-9.583989,-0.017587,0.018919,-0.025047
1706621692,7941688,0.112527,0.031125,-9.543288,-0.014655,0.016787,-0.024781
1706621692,7941730,0.122104,-0.026336,-9.560047,-0.011991,0.016521,-0.022383
1706621692,7941772,0.114922,-0.062249,-9.543288,-0.011991,0.018386,-0.023982
1706621693,7941817,0.031125,-0.026336,-9.531317,-0.011191,0.019452,-0.022916
1706621693,7941859,0.069432,0.004788,-9.543288,-0.014922,0.020784,-0.025314
1706621693,7941901,0.105345,-0.047884,-9.490616,-0.013590,0.018386,-0.023982
1706621693,7941943,0.040701,-0.021548,-9.536105,-0.013057,0.017054,-0.023715
1706621693,7941985,0.088585,0.002394,-9.600749,-0.011458,0.017587,-0.023182
1706621693,7942027,0.083797,0.019154,-9.485827,-0.010392,0.012790,-0.024515
1706621693,7942069,0.114922,-0.026336,-9.607931,-0.014922,0.014123,-0.023449
1706621693,7942114,0.045490,-0.016759,-9.485827,-0.012257,0.020251,-0.024515
1706621693,7942156,0.107739,0.000000,-9.567230,-0.015721,0.017320,-0.026646
1706621693,7942198,0.112527,-0.023942,-9.543288,-0.013590,0.013856,-0.020784
1706621693,7942240,0.059855,0.009577,-9.526528,-0.012790,0.017320,-0.021317
1706621693,7942282,0.045490,-0.026336,-9.579201,-0.012257,0.017587,-0.021583
1706621693,7942324,0.095768,-0.007183,-9.512163,-0.011458,0.016521,-0.023449
1706621693,7942366,0.105345,-0.059855,-9.514558,-0.012790,0.015988,-0.025580
1706621693,7942411,0.014365,-0.040701,-9.562442,-0.013856,0.017320,-0.022116
1706621693,7942453,0.124498,-0.031125,-9.497798,-0.014389,0.016521,-0.025314
1706621693,7942495,0.088585,-0.021548,-9.567230,-0.012524,0.015455,-0.025847
1706621693,7942537,0.064643,0.028730,-9.631873,-0.013057,0.018919,-0.021583
1706621693,7942579,0.100556,-0.040701,-9.538500,-0.011991,0.015721,-0.019452
1706621693,7942621,0.064643,0.004788,-9.591172,-0.013057,0.021583,-0.023982
1706621693,7942666,0.100556,-0.021548,-9.531317,-0.018119,0.017853,-0.021583
1706621693,7942708,0.148441,-0.019154,-9.519346,-0.013856,0.017320,-0.024781
1706621693,7942750,0.083797,-0.002394,-9.521740,-0.014123,0.017853,-0.021317
1706621693,7942792,0.086191,-0.007183,-9.521740,-0.013856,0.017054,-0.022916
1706621694,7942834,0.122104,0.021548,-9.464279,-0.014123,0.021583,-0.019452
1706621694,7942876,0.112527,-0.047884,-9.555259,-0.012257,0.018652,-0.023982
1706621694,7942918,0.134075,-0.050278,-9.560047,-0.012790,0.021051,-0.022383
1706621694,7942962,0.098162,-0.047884,-9.629479,-0.011191,0.017587,-0.023982
1706621694,7943005,0.148441,0.014365,-9.521740,-0.013590,0.018652,-0.021317
1706621694,7943047,0.095768,-0.045490,-9.545682,-0.014123,0.018652,-0.020518
1706621694,7943089,0.117316,-0.035913,-9.507375,-0.014123,0.020784,-0.021850
1706621694,7943131,0.081403,-0.002394,-9.583989,-0.015188,0.015988,-0.022649
1706621694,7943173,0.155623,-0.023942,-9.538500,-0.018119,0.013323,-0.022649
1706621694,7943215,0.069432,-0.007183,-9.380483,-0.013323,0.016254,-0.022383
1706621694,7943259,0.107739,0.004788,-9.531317,-0.013856,0.019718,-0.024248
1706621694,7943301,0.122104,-0.062249,-9.612720,-0.014655,0.018652,-0.020784
1706621694,7943343,0.134075,-0.028730,-9.552865,-0.013590,0.014655,-0.021317
1706621694,7943385,0.059855,0.004788,-9.562442,-0.012524,0.016521,-0.019985
1706621694,7943428,0.114922,-0.057461,-9.548077,-0.012790,0.017054,-0.022116
1706621694,7943470,0.043096,0.023942,-9.536105,-0.016787,0.018919,-0.026913
1706621694,7943514,0.117316,0.035913,-9.504981,-0.015988,0.015988,-0.022649
1706621694,7943557,0.076614,-0.043096,-9.548077,-0.013856,0.016521,-0.023715
1706621694,7943599,0.143652,-0.028730,-9.550470,-0.013323,0.013323,-0.021850
1706621694,7943641,0.117316,0.000000,-9.543288,-0.012257,0.015988,-0.024515
1706621694,7943683,0.102951,0.000000,-9.550470,-0.014389,0.016787,-0.022916
1706621694,7943726,0.119710,-0.033519,-9.507375,-0.014123,0.022383,-0.020784
1706621694,7943768,0.062249,0.028730,-9.502586,-0.011724,0.017853,-0.025047
1706621695,7943813,0.086191,0.004788,-9.454702,-0.015455,0.014922,-0.024515
1706621695,7943855,0.112527,0.004788,-9.552865,-0.012790,0.021051,-0.023182
1706621695,7943898,0.098162,-0.028730,-9.591172,-0.012524,0.020518,-0.021317
1706621695,7943940,0.114922,-0.052672,-9.588778,-0.013590,0.016521,-0.023982
1706621695,7943982,0.040701,-0.009577,-9.473856,-0.013856,0.019985,-0.027712
1706621695,7944025,0.122104,0.019154,-9.567230,-0.008527,0.013590,-0.021583
1706621695,7944067,0.055067,-0.023942,-9.545682,-0.015188,0.020251,-0.021583
1706621695,7944112,0.129287,0.016759,-9.694122,-0.013057,0.017054,-0.022383
1706621695,7944154,0.088585,-0.031125,-9.605537,-0.014389,0.021317,-0.023449
1706621695,7944197,0.081403,-0.031125,-9.524135,-0.013590,0.018386,-0.024515
1706621695,7944239,0.076614,-0.031125,-9.481039,-0.011991,0.018119,-0.022916
1706621695,7944282,0.124498,0.014365,-9.481039,-0.013856,0.016787,-0.023982
1706621695,7944324,0.124498,0.059855,-9.564836,-0.015188,0.013323,-0.023449
1706621695,7944366,0.138864,-0.040701,-9.536105,-0.013323,0.019718,-0.023449
1706621695,7944407,0.086191,-0.043096,-9.543288,-0.013057,0.013323,-0.025047
1706621695,7944450,0.057461,-0.021548,-9.655815,-0.011991,0.016254,-0.023449
1706621695,7944492,0.050278,-0.023942,-9.512163,-0.015988,0.017320,-0.023982
1706621695,7944535,0.090980,0.057461,-9.552865,-0.013323,0.018119,-0.023982
1706621695,7944577,0.165200,0.014365,-9.516952,-0.015188,0.018386,-0.024515
1706621695,7944619,0.090980,0.016759,-9.593566,-0.015988,0.014922,-0.022383
1706621695,7944664,0.093374,-0.031125,-9.548077,-0.015455,0.017853,-0.024515
1706621695,7944706,0.122104,-0.011971,-9.555259,-0.014655,0.017054,-0.022383
1706621695,7944749,0.162806,0.000000,-9.509769,-0.014389,0.017320,-0.021850
1706621695,7944791,0.098162,0.014365,-9.569624,-0.013856,0.021051,-0.023449
1706621696,7944834,0.105345,-0.031125,-9.528923,-0.014123,0.018919,-0.026113
1706621696,7944876,0.158017,-0.016759,-9.485827,-0.012790,0.021317,-0.025847
1706621696,7944918,0.155623,-0.028730,-9.564836,-0.014123,0.019452,-0.022916
1706621696,7944963,0.110133,-0.043096,-9.524135,-0.013323,0.017054,-0.020518
1706621696,7945005,0.110133,-0.026336,-9.595961,-0.013057,0.017853,-0.024515
1706621696,7945048,0.107739,0.009577,-9.516952,-0.015455,0.015988,-0.021051
1706621696,7945090,0.083797,-0.004788,-9.557653,-0.015188,0.018119,-0.023449
1706621696,7945133,0.088585,0.031125,-9.579201,-0.011991,0.018652,-0.024781
1706621696,7945175,0.081403,-0.014365,-9.524135,-0.013590,0.019452,-0.023449
1706621696,7945217,0.079009,-0.062249,-9.569624,-0.013590,0.018652,-0.023182
1706621696,7945262,0.040701,0.002394,-9.519346,-0.010658,0.017320,-0.024248
1706621696,7945304,0.110133,-0.007183,-9.464279,-0.013856,0.016254,-0.023449
1706621696,7945347,0.155623,-0.028730,-9.583989,-0.014655,0.018119,-0.023715
1706621696,7945389,0.102951,0.014365,-9.595961,-0.012790,0.017853,-0.022116
1706621696,7945432,0.050278,0.000000,-9.466674,-0.012790,0.019185,-0.022116
1706621696,7945474,0.126893,-0.038307,-9.495404,-0.013856,0.015455,-0.025847
1706621696,7945519,0.090980,-0.004788,-9.509769,-0.014123,0.022649,-0.024781
1706621696,7945561,0.105345,0.026336,-9.526528,-0.012257,0.019718,-0.022116
1706621696,7945603,0.129287,-0.040701,-9.552865,-0.011458,0.017320,-0.021051
1706621696,7945646,0.107739,-0.021548,-9.452309,-0.012790,0.017054,-0.023715
1706621696,7945688,0.047884,-0.026336,-9.416395,-0.013590,0.016787,-0.022916
1706621696,7945730,0.081403,-0.016759,-9.593566,-0.014655,0.017853,-0.023449
1706621696,7945773,0.088585,0.009577,-9.495404,-0.010658,0.017054,-0.024781
1706621697,7945825,0.110133,0.009577,-9.593566,-0.010658,0.016254,-0.022649
1706621697,7945868,0.122104,-0.055067,-9.579201,-0.013323,0.015721,-0.022383
1706621697,7945910,0.059855,-0.014365,-9.538500,-0.014123,0.019452,-0.021583
1706621697,7945952,0.131681,-0.088585,-9.600749,-0.014123,0.013856,-0.022383
1706621697,7945994,0.050278,0.014365,-9.569624,-0.014655,0.016787,-0.024515
1706621697,7946036,0.081403,-0.055067,-9.545682,-0.011724,0.019718,-0.022916
1706621697,7946078,0.114922,-0.023942,-9.516952,-0.015721,0.014389,-0.027446
1706621697,7946123,0.102951,-0.040701,-9.440337,-0.014123,0.016521,-0.023182
1706621697,7946165,0.062249,-0.052672,-9.531317,-0.013323,0.021317,-0.022383
1706621697,7946207,0.119710,-0.021548,-9.560047,-0.013590,0.020784,-0.023449
1706621697,7946249,0.172383,-0.019154,-9.519346,-0.014123,0.015988,-0.022383
1706621697,7946291,0.160412,-0.021548,-9.536105,-0.013856,0.017320,-0.019985
1706621697,7946333,0.047884,-0.021548,-9.471462,-0.011991,0.016787,-0.020518
1706621697,7946378,0.102951,0.035913,-9.569624,-0.009859,0.019718,-0.021850
1706621697,7946420,0.093374,-0.023942,-9.586384,-0.011724,0.016254,-0.025847
1706621697,7946462,0.093374,-0.040701,-9.598354,-0.013590,0.014389,-0.021583
1706621697,7946504,0.107739,0.033519,-9.528923,-0.014389,0.016787,-0.026646
1706621697,7946546,0.110133,-0.043096,-9.531317,-0.015455,0.015988,-0.022916
1706621697,7946588,0.069432,-0.023942,-9.610326,-0.012257,0.016521,-0.023449
1706621697,7946630,0.088585,0.043096,-9.588778,-0.014123,0.015988,-0.021850
1706621697,7946675,0.028730,-0.040701,-9.572019,-0.012524,0.016521,-0.024515
1706621697,7946717,0.129287,-0.009577,-9.576807,-0.015188,0.015188,-0.023715
1706621697,7946759,0.112527,-0.031125,-9.574412,-0.014389,0.021051,-0.021583
1706621697,7946801,0.088585,0.009577,-9.629479,-0.016787,0.019985,-0.022649
1706621698,7946843,0.074220,-0.047884,-9.627085,-0.013057,0.018386,-0.025047
1706621698,7946885,0.160412,-0.021548,-9.562442,-0.011991,0.016521,-0.025847
1706621698,7946927,0.083797,-0.035913,-9.576807,-0.012524,0.015188,-0.023715
1706621698,7946972,0.088585,-0.002394,-9.490616,-0.013323,0.018119,-0.025047
1706621698,7947014,0.079009,0.023942,-9.593566,-0.014389,0.021051,-0.026646
1706621698,7947056,0.134075,-0.016759,-9.512163,-0.012790,0.016787,-0.022383
1706621698,7947098,0.105345,-0.067038,-9.469068,-0.013057,0.015455,-0.023449
1706621698,7947140,0.083797,-0.023942,-9.497798,-0.013590,0.018386,-0.026113
1706621698,7947182,0.050278,-0.014365,-9.507375,-0.012790,0.020518,-0.020784
1706621698,7947226,0.122104,0.014365,-9.488221,-0.013323,0.020251,-0.023715
1706621698,7947269,0.122104,0.038307,-9.550470,-0.015188,0.019185,-0.025847
1706621698,7947311,0.057461,-0.050278,-9.567230,-0.015988,0.020518,-0.025047
1706621698,7947353,0.086191,-0.033519,-9.533711,-0.010658,0.016254,-0.019985
1706621698,7947395,0.083797,-0.050278,-9.572019,-0.009060,0.014922,-0.023982
1706621698,7947437,0.081403,-0.035913,-9.493010,-0.013057,0.016521,-0.023449
1706621698,7947479,0.110133,-0.038307,-9.504981,-0.014655,0.015988,-0.023715
1706621698,7947524,0.093374,0.019154,-9.586384,-0.014389,0.017054,-0.023715
1706621698,7947566,0.110133,-0.026336,-9.583989,-0.016254,0.018652,-0.024781
1706621698,7947608,0.191536,-0.057461,-9.588778,-0.011991,0.015988,-0.024515
1706621698,7947650,0.086191,-0.016759,-9.509769,-0.013590,0.019718,-0.023182
1706621698,7947692,0.114922,0.035913,-9.481039,-0.014123,0.014655,-0.022916
1706621698,7947734,0.119710,-0.057461,-9.627085,-0.010925,0.015188,-0.022649
1706621698,7947776,0.112527,-0.009577,-9.605537,-0.011724,0.017587,-0.025847
1706621699,7947821,0.102951,-0.026336,-9.457097,-0.013590,0.015188,-0.023182
1706621699,7947863,0.102951,-0.016759,-9.543288,-0.014389,0.015988,-0.023182
1706621699,7947905,0.126893,0.002394,-9.627085,-0.012790,0.016521,-0.023982
1706621699,7947947,0.090980,0.047884,-9.672575,-0.011458,0.016787,-0.023449
1706621699,7947989,0.155623,-0.052672,-9.521740,-0.014655,0.017320,-0.022383
1706621699,7948031,0.107739,-0.014365,-9.449914,-0.014922,0.016787,-0.024515
1706621699,7948075,0.110133,-0.011971,-9.560047,-0.013057,0.016254,-0.025314
1706621699,7948118,0.038307,0.004788,-9.572019,-0.013057,0.015188,-0.026113
1706621699,7948160,0.064643,-0.011971,-9.567230,-0.013323,0.016787,-0.023182
1706621699,7948203,0.131681,-0.016759,-9.595961,-0.013590,0.014922,-0.024781
1706621699,7948245,0.050278,-0.062249,-9.598354,-0.012790,0.015721,-0.023715
1706621699,7948287,0.095768,-0.069432,-9.497798,-0.014655,0.016254,-0.019185
1706621699,7948330,0.088585,0.002394,-9.567230,-0.012790,0.018919,-0.027179
1706621699,7948375,0.090980,-0.047884,-9.574412,-0.015721,0.015988,-0.025047
1706621699,7948417,0.155623,0.028730,-9.459491,-0.013323,0.014389,-0.023182
1706621699,7948460,0.062249,-0.069432,-9.512163,-0.014389,0.017320,-0.020784
1706621699,7948502,0.076614,0.021548,-9.583989,-0.014389,0.016787,-0.027179
1706621699,7948544,0.105345,-0.057461,-9.543288,-0.013590,0.018386,-0.025047
1706621699,7948587,0.119710,-0.004788,-9.504981,-0.014123,0.015721,-0.025314
1706621699,7948629,0.110133,0.040701,-9.531317,-0.016254,0.017853,-0.025580
1706621699,7948674,0.126893,0.000000,-9.540894,-0.013057,0.018919,-0.022649
1706621699,7948716,0.062249,-0.035913,-9.509769,-0.013323,0.014389,-0.022649
1706621699,7948758,0.110133,0.016759,-9.500193,-0.011991,0.016521,-0.024248
1706621699,7948801,0.122104,-0.023942,-9.639056,-0.014922,0.018652,-0.019985
1706621700,7948843,0.134075,-0.011971,-9.610326,-0.013323,0.020518,-0.024781
1706621700,7948885,0.117316,-0.052672,-9.595961,-0.010392,0.016254,-0.025847
1706621700,7948930,0.069432,-0.059855,-9.469068,-0.010658,0.020251,-0.022916
1706621700,7948973,0.102951,0.016759,-9.567230,-0.010392,0.014922,-0.019452
1706621700,7949015,0.055067,0.009577,-9.552865,-0.013856,0.016254,-0.021317
1706621700,7949057,0.112527,-0.009577,-9.531317,-0.015721,0.015988,-0.022649
1706621700,7949100,0.141258,-0.028730,-9.636662,-0.013057,0.019452,-0.025047
1706621700,7949142,0.141258,0.019154,-9.600749,-0.014655,0.018919,-0.024781
1706621700,7949185,0.126893,-0.004788,-9.507375,-0.014655,0.022383,-0.022649
1706621700,7949229,0.100556,-0.007183,-9.538500,-0.014123,0.017320,-0.022116
1706621700,7949272,0.074220,-0.004788,-9.576807,-0.013057,0.017853,-0.024248
1706621700,7949314,0.079009,-0.031125,-9.545682,-0.015988,0.018119,-0.021583
1706621700,7949356,0.102951,-0.035913,-9.576807,-0.014922,0.019185,-0.020518
1706621700,7949399,0.095768,-0.081403,-9.504981,-0.012790,0.019185,-0.024515
1706621700,7949441,0.028730,-0.045490,-9.531317,-0.011724,0.015188,-0.021583
1706621700,7949484,0.095768,0.002394,-9.521740,-0.013856,0.018119,-0.023182
1706621700,7949529,0.138864,0.019154,-9.512163,-0.013856,0.015188,-0.023982
1706621700,7949571,0.093374,0.002394,-9.524135,-0.012790,0.017320,-0.021850
1706621700,7949613,0.055067,-0.040701,-9.490616,-0.012257,0.015188,-0.025580
1706621700,7949656,0.090980,-0.016759,-9.490616,-0.011458,0.018386,-0.021850
1706621700,7949698,0.090980,-0.016759,-9.569624,-0.013856,0.017320,-0.024781
1706621700,7949740,0.110133,-0.055067,-9.507375,-0.011458,0.014655,-0.021850
1706621700,7949785,0.112527,-0.057461,-9.526528,-0.011724,0.016787,-0.023182
1706621701,7949828,0.083797,-0.009577,-9.550470,-0.013057,0.015455,-0.022916
1706621701,7949870,0.081403,0.002394,-9.502586,-0.014922,0.016521,-0.020784
1706621701,7949912,0.153229,-0.028730,-9.471462,-0.012524,0.017054,-0.021850
1706621701,7949955,0.071826,-0.014365,-9.476251,-0.013057,0.016521,-0.022649
1706621701,7949997,0.100556,-0.021548,-9.540894,-0.014123,0.016521,-0.024248
1706621701,7950039,0.129287,-0.043096,-9.481039,-0.011458,0.015988,-0.024248
1706621701,7950084,0.083797,-0.028730,-9.543288,-0.013856,0.017054,-0.022916
1706621701,7950126,0.191536,-0.011971,-9.533711,-0.013590,0.018386,-0.024515
1706621701,7950169,0.119710,0.004788,-9.581595,-0.011991,0.019718,-0.023449
1706621701,7950211,0.117316,-0.002394,-9.449914,-0.011724,0.016521,-0.022649
1706621701,7950253,0.050278,0.011971,-9.555259,-0.013856,0.016521,-0.022116
1706621701,7950296,0.141258,-0.062249,-9.512163,-0.014123,0.021317,-0.025580
1706621701,7950338,0.086191,0.004788,-9.524135,-0.013590,0.013323,-0.023982
1706621701,7950391,0.110133,0.000000,-9.488221,-0.014922,0.015188,-0.021051
1706621701,7950434,0.095768,-0.045490,-9.488221,-0.011991,0.020251,-0.025047
1706621701,7950476,0.112527,0.014365,-9.579201,-0.014922,0.016254,-0.022383
1706621701,7950518,0.090980,-0.033519,-9.605537,-0.011458,0.016254,-0.018652
1706621701,7950560,0.057461,-0.031125,-9.552865,-0.015721,0.015721,-0.022383
1706621701,7950602,0.112527,-0.031125,-9.519346,-0.013856,0.014123,-0.022116
1706621701,7950646,0.081403,-0.045490,-9.617508,-0.014389,0.019185,-0.021850
1706621701,7950688,0.155623,-0.023942,-9.471462,-0.014922,0.019985,-0.020784
1706621701,7950730,0.052672,-0.079009,-9.502586,-0.012257,0.022116,-0.022916
1706621701,7950772,0.086191,0.028730,-9.536105,-0.014922,0.021850,-0.024248
1706621702,7950815,0.093374,0.000000,-9.552865,-0.013057,0.021850,-0.020251
1706621702,7950857,0.026336,-0.026336,-9.502586,-0.014389,0.015455,-0.022383
1706621702,7950899,0.148441,-0.023942,-9.593566,-0.013856,0.017320,-0.023449
1706621702,7950943,0.124498,-0.028730,-9.576807,-0.013590,0.017853,-0.022383
1706621702,7950985,0.064643,-0.059855,-9.603143,-0.017054,0.021317,-0.022383
1706621702,7951027,0.059855,-0.045490,-9.538500,-0.014123,0.021850,-0.022116
1706621702,7951069,0.126893,0.016759,-9.617508,-0.015455,0.013323,-0.022649
1706621702,7951111,0.069432,-0.071826,-9.550470,-0.013856,0.017587,-0.020784
1706621702,7951153,0.126893,-0.026336,-9.540894,-0.012524,0.014655,-0.024248
1706621702,7951196,0.093374,-0.038307,-9.485827,-0.012790,0.016254,-0.022916
1706621702,7951240,0.038307,-0.002394,-9.533711,-0.014655,0.016521,-0.022649
1706621702,7951282,0.100556,0.028730,-9.521740,-0.012524,0.015721,-0.021317
1706621702,7951324,0.069432,-0.055067,-9.493010,-0.010925,0.016787,-0.024248
1706621702,7951366,0.102951,-0.035913,-9.536105,-0.012524,0.018919,-0.022116
1706621702,7951408,0.110133,-0.026336,-9.447520,-0.012257,0.020518,-0.023982
1706621702,7951450,0.093374,-0.016759,-9.512163,-0.013057,0.014655,-0.024515
1706621702,7951495,0.076614,0.016759,-9.586384,-0.014389,0.016787,-0.022383
1706621702,7951537,0.067038,-0.007183,-9.581595,-0.014655,0.012524,-0.022916
1706621702,7951579,0.090980,-0.004788,-9.548077,-0.009060,0.013323,-0.021850
1706621702,7951621,0.090980,0.002394,-9.502586,-0.012524,0.015988,-0.025847
1706621702,7951663,0.090980,0.009577,-9.461885,-0.014922,0.020251,-0.019718
1706621702,7951705,0.093374,0.021548,-9.476251,-0.013856,0.021850,-0.023715
1706621702,7951747,0.093374,-0.028730,-9.536105,-0.012790,0.022649,-0.023715
1706621702,7951792,0.026336,-0.047884,-9.531317,-0.011724,0.016521,-0.022383
1706621703,7951834,0.083797,-0.033519,-9.519346,-0.011724,0.019718,-0.025047
1706621703,7951876,0.148441,-0.002394,-9.569624,-0.013057,0.018919,-0.021051
1706621703,7951918,0.141258,0.004788,-9.545682,-0.012524,0.019718,-0.025847
1706621703,7951960,0.050278,0.000000,-9.533711,-0.012790,0.015188,-0.023982
1706621703,7952002,0.141258,-0.028730,-9.576807,-0.010392,0.015988,-0.024515
1706621703,7952044,0.081403,-0.026336,-9.560047,-0.011991,0.015455,-0.023982
1706621703,7952089,0.081403,0.023942,-9.469068,-0.011458,0.016787,-0.023715
1706621703,7952131,0.045490,0.002394,-9.550470,-0.012524,0.020518,-0.024515
1706621703,7952173,0.124498,-0.028730,-9.579201,-0.012524,0.015721,-0.025580
1706621703,7952215,0.129287,0.035913,-9.581595,-0.013856,0.019985,-0.023715
1706621703,7952257,0.107739,0.047884,-9.579201,-0.011191,0.017054,-0.023449
1706621703,7952299,0.148441,-0.016759,-9.612720,-0.015188,0.017587,-0.026913
1706621703,7952344,0.095768,0.047884,-9.607931,-0.014922,0.016521,-0.023182
1706621703,7952386,0.090980,-0.062249,-9.531317,-0.013590,0.017320,-0.023449
1706621703,7952428,0.095768,-0.052672,-9.514558,-0.013856,0.015988,-0.019985
1706621703,7952470,0.067038,-0.009577,-9.591172,-0.013856,0.017054,-0.023715
1706621703,7952512,0.067038,-0.071826,-9.490616,-0.013856,0.017320,-0.022649
1706621703,7952554,0.069432,-0.055067,-9.619903,-0.012257,0.013323,-0.019452
1706621703,7952596,0.117316,-0.040701,-9.557653,-0.014123,0.015188,-0.020784
1706621703,7952641,0.124498,0.016759,-9.433155,-0.013057,0.015455,-0.025314
1706621703,7952683,0.114922,-0.069432,-9.694122,-0.013057,0.019185,-0.023982
1706621703,7952725,0.129287,-0.014365,-9.560047,-0.015988,0.019452,-0.024248
1706621703,7952768,0.098162,-0.033519,-9.533711,-0.014655,0.015721,-0.024515
1706621703,7952810,0.045490,-0.076614,-9.622296,-0.012524,0.015188,-0.020784
1706621704,7952852,0.045490,-0.023942,-9.519346,-0.014123,0.017587,-0.023715
1706621704,7952894,0.117316,-0.040701,-9.538500,-0.014389,0.016787,-0.024248
1706621704,7952939,0.158017,-0.038307,-9.605537,-0.012257,0.017054,-0.022916
1706621704,7952982,0.098162,-0.014365,-9.490616,-0.013856,0.017320,-0.025580
1706621704,7953024,0.090980,0.031125,-9.552865,-0.016787,0.018386,-0.021051
1706621704,7953066,0.079009,-0.067038,-9.528923,-0.011991,0.017587,-0.022383
1706621704,7953109,0.076614,-0.009577,-9.564836,-0.014922,0.015188,-0.022916
1706621704,7953151,0.117316,-0.081403,-9.483433,-0.016521,0.019452,-0.022383
1706621704,7953196,0.093374,-0.011971,-9.569624,-0.015988,0.017320,-0.025847
1706621704,7953238,0.095768,-0.007183,-9.485827,-0.014123,0.015988,-0.024515
1706621704,7953281,0.110133,-0.033519,-9.536105,-0.014655,0.018919,-0.019452
1706621704,7953323,0.122104,-0.035913,-9.526528,-0.010658,0.023715,-0.021850
1706621704,7953365,0.057461,-0.052672,-9.512163,-0.011191,0.016254,-0.023982
1706621704,7953408,0.062249,-0.083797,-9.531317,-0.011724,0.015988,-0.026113
1706621704,7953450,0.079009,0.031125,-9.555259,-0.014922,0.013323,-0.024781
1706621704,7953495,0.057461,-0.028730,-9.545682,-0.016254,0.020251,-0.023182
1706621704,7953537,0.112527,-0.052672,-9.569624,-0.012257,0.018652,-0.021317
1706621704,7953580,0.086191,0.021548,-9.598354,-0.012790,0.019985,-0.023449
1706621704,7953622,0.076614,-0.040701,-9.504981,-0.013856,0.014655,-0.024781
1706621704,7953665,0.160412,-0.047884,-9.483433,-0.010925,0.018652,-0.023715
1706621704,7953707,0.059855,-0.016759,-9.552865,-0.011724,0.017320,-0.024248
1706621704,7953749,0.107739,-0.023942,-9.545682,-0.015721,0.017320,-0.024781
1706621704,7953794,0.090980,-0.055067,-9.569624,-0.013057,0.013856,-0.024515
1706621705,7953836,0.055067,-0.007183,-9.459491,-0.011191,0.018119,-0.023982
1706621705,7953879,0.093374,-0.002394,-9.548077,-0.011724,0.017587,-0.019185
1706621705,7953921,0.119710,-0.040701,-9.600749,-0.013323,0.017587,-0.022383
1706621705,7953964,0.155623,0.002394,-9.495404,-0.012524,0.016787,-0.024248
1706621705,7954006,0.090980,-0.019154,-9.660604,-0.014389,0.017587,-0.023982
1706621705,7954051,0.112527,-0.050278,-9.557653,-0.015721,0.019185,-0.022916
1706621705,7954093,0.095768,-0.064643,-9.459491,-0.013856,0.019185,-0.027712
1706621705,7954136,0.100556,-0.062249,-9.521740,-0.013323,0.017320,-0.024515
1706621705,7954178,0.126893,0.000000,-9.562442,-0.013323,0.021051,-0.021317
1706621705,7954220,0.086191,-0.011971,-9.548077,-0.015188,0.018652,-0.022916
1706621705,7954263,0.062249,0.028730,-9.550470,-0.010925,0.016254,-0.023182
1706621705,7954305,0.081403,-0.002394,-9.533711,-0.013323,0.017853,-0.025314
1706621705,7954350,0.071826,-0.011971,-9.514558,-0.013057,0.016787,-0.022383
1706621705,7954392,0.047884,0.028730,-9.425972,-0.014655,0.018919,-0.022649
1706621705,7954435,0.098162,-0.021548,-9.524135,-0.010126,0.020784,-0.024781
1706621705,7954477,0.136469,-0.047884,-9.548077,-0.014922,0.018652,-0.023182
1706621705,7954520,0.076614,0.038307,-9.533711,-0.013590,0.021051,-0.020784
1706621705,7954562,0.160412,-0.026336,-9.425972,-0.012790,0.018919,-0.021583
1706621705,7954605,0.059855,0.009577,-9.536105,-0.009326,0.017320,-0.022649
1706621705,7954650,0.105345,-0.033519,-9.591172,-0.015188,0.019452,-0.019985
1706621705,7954692,0.081403,-0.009577,-9.548077,-0.012524,0.016787,-0.022916
1706621705,7954734,0.165200,0.009577,-9.562442,-0.012790,0.017054,-0.021583
1706621705,7954776,0.100556,-0.050278,-9.512163,-0.013057,0.016521,-0.021583
1706621706,7954819,0.057461,-0.040701,-9.507375,-0.013590,0.019718,-0.024781
1706621706,7954861,0.102951,-0.074220,-9.504981,-0.010392,0.019452,-0.022649
1706621706,7954914,0.071826,-0.002394,-9.641450,-0.013856,0.019452,-0.023715
1706621706,7954957,0.119710,-0.021548,-9.581595,-0.013323,0.017054,-0.024515
1706621706,7954999,0.112527,-0.074220,-9.473856,-0.016254,0.015988,-0.022916
1706621706,7955041,0.155623,-0.088585,-9.488221,-0.014389,0.012790,-0.025047
1706621706,7955083,0.067038,-0.059855,-9.593566,-0.016521,0.016521,-0.020518
1706621706,7955125,0.114922,0.028730,-9.483433,-0.012257,0.020784,-0.021583
1706621706,7955167,0.057461,-0.033519,-9.543288,-0.015721,0.017853,-0.023182
1706621706,7955211,0.052672,-0.019154,-9.552865,-0.014123,0.022916,-0.021850
1706621706,7955253,0.074220,-0.026336,-9.435549,-0.012790,0.016787,-0.025580
1706621706,7955296,0.129287,-0.023942,-9.583989,-0.014389,0.016254,-0.023182
1706621706,7955338,0.055067,-0.002394,-9.485827,-0.014922,0.014123,-0.023182
1706621706,7955380,0.033519,-0.057461,-9.476251,-0.013323,0.014389,-0.023182
1706621706,7955422,0.086191,-0.081403,-9.531317,-0.012790,0.018919,-0.022116
1706621706,7955464,0.119710,-0.071826,-9.471462,-0.011458,0.013856,-0.023715
1706621706,7955509,0.052672,0.007183,-9.481039,-0.010658,0.016254,-0.024781
1706621706,7955551,0.069432,-0.023942,-9.552865,-0.014655,0.014123,-0.023182
1706621706,7955593,0.131681,0.004788,-9.516952,-0.012524,0.018119,-0.025580
1706621706,7955646,0.102951,-0.033519,-9.555259,-0.013323,0.015988,-0.023449
1706621706,7955688,0.107739,0.021548,-9.418790,-0.011991,0.019452,-0.023182
1706621706,7955730,0.114922,0.002394,-9.531317,-0.012790,0.020251,-0.023982
1706621706,7955774,0.076614,-0.038307,-9.495404,-0.013590,0.014922,-0.022116
1706621707,7955816,0.102951,0.016759,-9.543288,-0.010925,0.016787,-0.022383
1706621707,7955858,0.131681,-0.069432,-9.536105,-0.014123,0.013590,-0.025580
1706621707,7955900,0.095768,-0.002394,-9.531317,-0.010925,0.013323,-0.022916
1706621707,7955942,0.158017,0.004788,-9.588778,-0.014123,0.017320,-0.023449
1706621707,7955984,0.090980,0.028730,-9.399636,-0.012524,0.018119,-0.021850
1706621707,7956026,0.055067,0.000000,-9.533711,-0.013057,0.015455,-0.022916
1706621707,7956071,0.110133,-0.026336,-9.543288,-0.012524,0.014922,-0.022383
1706621707,7956113,0.114922,-0.050278,-9.536105,-0.013323,0.018919,-0.025580
1706621707,7956155,0.160412,-0.016759,-9.588778,-0.010925,0.017054,-0.024515
1706621707,7956197,0.100556,-0.031125,-9.404425,-0.013057,0.018119,-0.020518
1706621707,7956239,0.141258,-0.035913,-9.512163,-0.013856,0.021317,-0.024781
1706621707,7956281,0.141258,-0.059855,-9.519346,-0.011191,0.015721,-0.023982
1706621707,7956323,0.083797,-0.007183,-9.481039,-0.014655,0.019452,-0.022916
1706621707,7956368,0.093374,-0.069432,-9.531317,-0.012524,0.015988,-0.026913
1706621707,7956410,0.153229,0.002394,-9.557653,-0.013856,0.017054,-0.022383
1706621707,7956452,0.122104,-0.081403,-9.605537,-0.015455,0.018919,-0.022383
1706621707,7956494,0.069432,-0.016759,-9.476251,-0.011458,0.019185,-0.020784
1706621707,7956536,0.098162,0.009577,-9.540894,-0.012790,0.016254,-0.024248
1706621707,7956578,0.138864,0.014365,-9.622296,-0.011458,0.018919,-0.025580
1706621707,7956623,0.086191,-0.059855,-9.555259,-0.017587,0.019985,-0.024781
1706621707,7956665,0.117316,-0.038307,-9.593566,-0.012524,0.018119,-0.023715
1706621707,7956707,0.143652,-0.004788,-9.533711,-0.013590,0.016521,-0.022383
1706621707,7956749,0.107739,0.009577,-9.588778,-0.013590,0.017320,-0.024781
1706621707,7956791,0.119710,0.021548,-9.619903,-0.015188,0.014922,-0.024781
1706621708,7956833,0.134075,0.043096,-9.557653,-0.014922,0.015721,-0.026380
1706621708,7956875,0.098162,0.009577,-9.528923,-0.011458,0.012790,-0.022383
1706621708,7956920,0.090980,0.004788,-9.624691,-0.016254,0.018386,-0.021317
1706621708,7956962,0.062249,-0.009577,-9.521740,-0.012790,0.015988,-0.021583
1706621708,7957004,0.098162,-0.023942,-9.495404,-0.014922,0.017853,-0.023982
1706621708,7957046,0.067038,0.038307,-9.545682,-0.014922,0.018919,-0.022649
1706621708,7957088,0.100556,-0.009577,-9.543288,-0.011458,0.011991,-0.021850
1706621708,7957130,0.110133,-0.040701,-9.634268,-0.010925,0.018919,-0.023449
1706621708,7957172,0.069432,0.007183,-9.521740,-0.014655,0.017320,-0.022116
1706621708,7957216,0.143652,-0.007183,-9.504981,-0.014123,0.017587,-0.023715
1706621708,7957259,0.124498,-0.014365,-9.552865,-0.013590,0.022116,-0.023449
1706621708,7957301,0.129287,0.000000,-9.476251,-0.012524,0.018386,-0.023982
1706621708,7957343,0.160412,-0.031125,-9.538500,-0.011724,0.021051,-0.023182
1706621708,7957385,0.141258,-0.038307,-9.555259,-0.012524,0.018386,-0.023449
1706621708,7957428,0.114922,-0.033519,-9.536105,-0.013856,0.016787,-0.024248
1706621708,7957470,0.095768,-0.043096,-9.454702,-0.012790,0.013590,-0.023182
1706621708,7957515,0.043096,-0.026336,-9.569624,-0.013057,0.019452,-0.026380
1706621708,7957557,0.033519,-0.095768,-9.526528,-0.014389,0.014123,-0.021583
1706621708,7957600,0.162806,-0.011971,-9.521740,-0.012790,0.018919,-0.023449
1706621708,7957642,0.098162,-0.074220,-9.581595,-0.010658,0.017320,-0.026380
1706621708,7957684,0.126893,-0.016759,-9.531317,-0.014389,0.013590,-0.022916
1706621708,7957727,0.081403,-0.040701,-9.485827,-0.013323,0.021317,-0.022916
1706621708,7957772,0.102951,0.019154,-9.495404,-0.013323,0.017320,-0.022916
1706621709,7957814,0.071826,-0.007183,-9.607931,-0.014389,0.017853,-0.025047
1706621709,7957856,0.093374,-0.040701,-9.488221,-0.011724,0.014389,-0.025847
1706621709,7957899,0.083797,-0.047884,-9.543288,-0.011724,0.018919,-0.022649
1706621709,7957941,0.098162,-0.043096,-9.521740,-0.016254,0.018919,-0.023715
1706621709,7957984,0.153229,0.007183,-9.612720,-0.011191,0.016254,-0.024781
1706621709,7958026,0.102951,0.002394,-9.478644,-0.012257,0.016787,-0.023715
1706621709,7958071,0.062249,-0.014365,-9.574412,-0.012524,0.018919,-0.021317
1706621709,7958113,0.098162,0.004788,-9.531317,-0.013323,0.016254,-0.023449
1706621709,7958155,0.134075,0.007183,-9.552865,-0.010925,0.019452,-0.020784
1706621709,7958198,0.100556,0.045490,-9.555259,-0.012524,0.022649,-0.024248
1706621709,7958240,0.100556,-0.062249,-9.543288,-0.013323,0.019452,-0.025580
1706621709,7958283,0.110133,-0.019154,-9.543288,-0.014389,0.018919,-0.023715
1706621709,7958325,0.069432,-0.040701,-9.593566,-0.016521,0.016787,-0.025314
1706621709,7958370,0.114922,0.007183,-9.380483,-0.012524,0.013856,-0.024515
1706621709,7958413,0.124498,-0.009577,-9.478644,-0.014123,0.020518,-0.023449
1706621709,7958455,0.114922,-0.074220,-9.459491,-0.013057,0.016787,-0.027179
1706621709,7958497,0.074220,0.019154,-9.512163,-0.013590,0.014655,-0.022916
1706621709,7958540,0.107739,-0.033519,-9.564836,-0.014922,0.019185,-0.022916
1706621709,7958582,0.110133,-0.079009,-9.583989,-0.014123,0.018386,-0.023982
1706621709,7958627,0.114922,-0.052672,-9.605537,-0.013590,0.015455,-0.022649
1706621709,7958669,0.110133,-0.057461,-9.375694,-0.014922,0.018919,-0.022649
1706621709,7958712,0.088585,-0.043096,-9.607931,-0.015721,0.017587,-0.022916
1706621709,7958754,0.095768,0.002394,-9.595961,-0.012790,0.018652,-0.021850
1706621709,7958796,0.117316,0.002394,-9.500193,-0.014922,0.020251,-0.022383
1706621710,7958839,0.124498,-0.014365,-9.610326,-0.014922,0.017320,-0.024781
1706621710,7958881,0.117316,-0.021548,-9.526528,-0.013590,0.017853,-0.025580
1706621710,7958926,0.179565,-0.014365,-9.579201,-0.011991,0.017320,-0.021850
1706621710,7958968,0.064643,-0.026336,-9.471462,-0.013323,0.021051,-0.021850
1706621710,7959011,0.129287,-0.031125,-9.639056,-0.011458,0.018919,-0.022916
1706621710,7959053,0.047884,-0.023942,-9.564836,-0.014655,0.017320,-0.025847
1706621710,7959095,0.102951,0.026336,-9.545682,-0.012790,0.017054,-0.021850
1706621710,7959138,0.117316,-0.023942,-9.514558,-0.015721,0.018119,-0.024248
1706621710,7959180,0.105345,-0.009577,-9.483433,-0.011724,0.015988,-0.021317
1706621710,7959225,0.100556,-0.014365,-9.557653,-0.014922,0.016787,-0.021051
1706621710,7959267,0.129287,-0.064643,-9.581595,-0.012790,0.019185,-0.022916
1706621710,7959310,0.090980,-0.019154,-9.521740,-0.015455,0.012257,-0.025314
1706621710,7959352,0.067038,-0.014365,-9.617508,-0.015721,0.016254,-0.024248
1706621710,7959394,0.079009,-0.014365,-9.612720,-0.013057,0.017587,-0.022916
1706621710,7959437,0.074220,0.026336,-9.567230,-0.014389,0.017320,-0.025047
1706621710,7959489,0.110133,0.002394,-9.581595,-0.010658,0.017054,-0.023982
1706621710,7959532,0.090980,-0.074220,-9.495404,-0.011991,0.016787,-0.020251
1706621710,7959574,0.093374,-0.009577,-9.576807,-0.011458,0.018652,-0.021051
1706621710,7959616,0.016759,-0.009577,-9.509769,-0.014922,0.017587,-0.022116
1706621710,7959658,0.112527,-0.004788,-9.509769,-0.013856,0.019452,-0.023715
1706621710,7959700,0.136469,-0.047884,-9.639056,-0.013590,0.017853,-0.023715
1706621710,7959742,0.112527,0.028730,-9.512163,-0.011191,0.018119,-0.022116
1706621710,7959787,0.090980,0.007183,-9.569624,-0.013590,0.013590,-0.025580
1706621711,7959829,0.134075,-0.021548,-9.598354,-0.012524,0.013590,-0.020251
1706621711,7959871,0.119710,-0.009577,-9.619903,-0.011991,0.015988,-0.023982
1706621711,7959913,0.122104,-0.055067,-9.595961,-0.013856,0.017320,-0.025580
1706621711,7959955,0.093374,-0.055067,-9.603143,-0.011991,0.014922,-0.024781
1706621711,7959997,0.110133,-0.002394,-9.507375,-0.012257,0.015988,-0.027179
1706621711,7960039,0.110133,-0.031125,-9.447520,-0.011458,0.020518,-0.024248
1706621711,7960084,0.069432,-0.009577,-9.624691,-0.014123,0.018386,-0.024248
1706621711,7960126,0.107739,-0.011971,-9.540894,-0.010392,0.017054,-0.023982
1706621711,7960168,0.124498,-0.004788,-9.521740,-0.015455,0.014389,-0.023182
1706621711,7960210,0.102951,-0.011971,-9.593566,-0.012790,0.017587,-0.024515
1706621711,7960252,0.090980,-0.009577,-9.579201,-0.013323,0.019185,-0.023449
1706621711,7960294,0.062249,-0.052672,-9.610326,-0.015455,0.017853,-0.022383
1706621711,7960339,0.129287,-0.007183,-9.536105,-0.015188,0.015455,-0.024781
1706621711,7960381,0.102951,0.019154,-9.521740,-0.012257,0.018386,-0.020518
1706621711,7960423,0.107739,-0.009577,-9.543288,-0.014123,0.017054,-0.022383
1706621711,7960465,0.114922,-0.023942,-9.550470,-0.012524,0.018386,-0.023182
1706621711,7960507,0.079009,-0.002394,-9.476251,-0.014922,0.017320,-0.027979
1706621711,7960549,0.110133,0.016759,-9.519346,-0.014123,0.018119,-0.023182
1706621711,7960591,0.071826,-0.098162,-9.473856,-0.010392,0.016254,-0.021850
1706621711,7960636,0.119710,0.009577,-9.593566,-0.014123,0.016254,-0.023449
1706621711,7960678,0.112527,-0.045490,-9.500193,-0.012524,0.016787,-0.024248
1706621711,7960720,0.184354,-0.023942,-9.504981,-0.015188,0.016254,-0.024781
1706621711,7960762,0.114922,-0.055067,-9.507375,-0.015188,0.021051,-0.023449
1706621711,7960804,0.119710,-0.033519,-9.677363,-0.009593,0.015455,-0.022383
1706621712,7960846,0.074220,-0.019154,-9.595961,-0.013323,0.014389,-0.023715
1706621712,7960888,0.134075,0.016759,-9.543288,-0.012524,0.015721,-0.023449
1706621712,7960933,0.102951,0.007183,-9.588778,-0.013590,0.020784,-0.023182
1706621712,7960975,0.079009,-0.035913,-9.576807,-0.016787,0.013856,-0.021850
1706621712,7961017,0.105345,-0.016759,-9.572019,-0.011191,0.014655,-0.024781
1706621712,7961059,0.102951,-0.035913,-9.536105,-0.013590,0.020784,-0.023182
1706621712,7961101,0.119710,0.045490,-9.595961,-0.013057,0.017853,-0.022649
1706621712,7961143,0.122104,-0.007183,-9.564836,-0.014389,0.016254,-0.024248
1706621712,7961187,0.071826,-0.052672,-9.612720,-0.010658,0.017587,-0.023182
1706621712,7961230,0.172383,0.043096,-9.536105,-0.010925,0.018652,-0.023715
1706621712,7961272,0.129287,-0.028730,-9.409213,-0.011991,0.017320,-0.026113
1706621712,7961314,0.107739,0.002394,-9.445126,-0.016521,0.016787,-0.022649
1706621712,7961356,0.146046,-0.040701,-9.488221,-0.014389,0.016254,-0.024515
1706621712,7961398,0.093374,-0.052672,-9.500193,-0.013057,0.016521,-0.023449
1706621712,7961440,0.083797,0.011971,-9.612720,-0.016521,0.015455,-0.024781
1706621712,7961484,0.136469,0.002394,-9.404425,-0.015188,0.017320,-0.021583
1706621712,7961526,0.146046,0.007183,-9.402030,-0.014389,0.014123,-0.021583
1706621712,7961569,0.086191,-0.040701,-9.461885,-0.012790,0.017853,-0.023449
1706621712,7961611,0.055067,-0.004788,-9.548077,-0.012257,0.018652,-0.021850
1706621712,7961653,0.074220,0.011971,-9.526528,-0.013856,0.019185,-0.024781
1706621712,7961695,0.134075,-0.011971,-9.507375,-0.009859,0.013590,-0.021583
1706621712,7961737,0.117316,-0.007183,-9.519346,-0.013057,0.014655,-0.026113
1706621712,7961781,0.143652,0.007183,-9.490616,-0.016787,0.019718,-0.022916
1706621713,7961824,0.081403,-0.057461,-9.552865,-0.015188,0.018119,-0.025047
1706621713,7961866,0.129287,-0.064643,-9.572019,-0.016254,0.016521,-0.021583
1706621713,7961908,0.062249,-0.002394,-9.516952,-0.013323,0.017853,-0.023449
1706621713,7961951,0.098162,-0.011971,-9.662998,-0.014922,0.017054,-0.026113
1706621713,7961993,0.069432,-0.047884,-9.572019,-0.012257,0.017853,-0.024515
1706621713,7962038,0.122104,-0.021548,-9.528923,-0.012790,0.017587,-0.023182
1706621713,7962080,0.107739,-0.009577,-9.457097,-0.012524,0.012524,-0.025847
1706621713,7962123,0.055067,-0.045490,-9.423578,-0.016254,0.013590,-0.025580
1706621713,7962165,0.110133,0.002394,-9.617508,-0.014655,0.019185,-0.024515
1706621713,7962207,0.146046,-0.074220,-9.562442,-0.016521,0.018652,-0.020518
1706621713,7962250,0.059855,-0.033519,-9.531317,-0.013057,0.019185,-0.022116
1706621713,7962292,0.095768,-0.074220,-9.545682,-0.010658,0.015188,-0.022383
1706621713,7962337,0.181959,-0.031125,-9.576807,-0.013057,0.016521,-0.024248
1706621713,7962380,0.098162,-0.009577,-9.543288,-0.014655,0.014389,-0.021583
1706621713,7962422,0.189142,-0.069432,-9.591172,-0.014389,0.017853,-0.025314
1706621713,7962465,0.100556,-0.038307,-9.576807,-0.012257,0.017587,-0.021051
1706621713,7962507,0.102951,-0.093374,-9.557653,-0.013057,0.019185,-0.025580
1706621713,7962549,0.153229,-0.067038,-9.493010,-0.014655,0.017587,-0.025314
1706621713,7962592,0.086191,-0.031125,-9.509769,-0.015188,0.016521,-0.022116
1706621713,7962637,0.095768,-0.038307,-9.552865,-0.011991,0.017587,-0.022383
1706621713,7962679,0.059855,0.011971,-9.516952,-0.015721,0.015455,-0.024781
1706621713,7962722,0.112527,-0.002394,-9.516952,-0.012524,0.018386,-0.023182
1706621713,7962764,0.153229,0.004788,-9.643845,-0.014123,0.017853,-0.021051
1706621713,7962806,0.165200,-0.052672,-9.588778,-0.012790,0.020518,-0.025047
1706621714,7962849,0.110133,0.009577,-9.531317,-0.013057,0.018119,-0.023982
1706621714,7962894,0.105345,-0.052672,-9.433155,-0.014123,0.018919,-0.024515
1706621714,7962936,0.098162,0.002394,-9.524135,-0.013590,0.016521,-0.023449
1706621714,7962979,0.110133,0.028730,-9.514558,-0.014123,0.017853,-0.026113
1706621714,7963021,0.098162,-0.009577,-9.495404,-0.014389,0.017054,-0.021850
1706621714,7963063,0.119710,0.002394,-9.624691,-0.011724,0.016254,-0.020518
1706621714,7963106,0.079009,-0.043096,-9.607931,-0.012257,0.016787,-0.021583
1706621714,7963148,0.088585,0.007183,-9.524135,-0.012257,0.018919,-0.025580
1706621714,7963193,0.107739,-0.038307,-9.555259,-0.014655,0.018386,-0.022649
1706621714,7963235,0.119710,-0.011971,-9.514558,-0.016254,0.018119,-0.023449
1706621714,7963277,0.105345,0.007183,-9.483433,-0.015188,0.016521,-0.024515
1706621714,7963320,0.167594,0.021548,-9.504981,-0.013323,0.012524,-0.022116
1706621714,7963362,0.074220,-0.023942,-9.583989,-0.009593,0.014389,-0.024248
1706621714,7963405,0.093374,0.016759,-9.557653,-0.014123,0.016787,-0.025847
1706621714,7963447,0.064643,-0.026336,-9.538500,-0.009859,0.017853,-0.023715
1706621714,7963492,0.100556,-0.023942,-9.581595,-0.010925,0.015988,-0.021850
1706621714,7963534,0.086191,-0.007183,-9.574412,-0.014655,0.013057,-0.020784
1706621714,7963577,0.129287,-0.047884,-9.495404,-0.015455,0.016254,-0.021583
1706621714,7963619,0.069432,-0.055067,-9.567230,-0.013323,0.017320,-0.022916
1706621714,7963661,0.040701,0.000000,-9.555259,-0.013323,0.018119,-0.022116
1706621714,7963704,0.102951,-0.031125,-9.485827,-0.014389,0.017320,-0.022383
1706621714,7963749,0.090980,-0.043096,-9.481039,-0.013323,0.016787,-0.023449
1706621714,7963791,0.074220,-0.026336,-9.552865,-0.012790,0.015455,-0.022649
1706621715,7963833,0.076614,-0.038307,-9.595961,-0.013856,0.017587,-0.023715
1706621715,7963875,0.083797,-0.040701,-9.651027,-0.013057,0.013323,-0.025847
1706621715,7963918,0.083797,0.000000,-9.574412,-0.012790,0.018386,-0.021850
1706621715,7963960,0.069432,-0.007183,-9.579201,-0.012257,0.018119,-0.020518
1706621715,7964002,0.102951,0.021548,-9.473856,-0.010126,0.019185,-0.023449
1706621715,7964055,0.124498,-0.038307,-9.490616,-0.014389,0.019185,-0.023449
1706621715,7964098,0.064643,0.009577,-9.540894,-0.013590,0.018386,-0.025047
1706621715,7964140,0.067038,-0.038307,-9.445126,-0.014922,0.018919,-0.022916
1706621715,7964182,0.136469,-0.016759,-9.509769,-0.013057,0.015988,-0.023449
1706621715,7964224,0.122104,-0.021548,-9.555259,-0.012790,0.014389,-0.021850
1706621715,7964266,0.122104,0.016759,-9.504981,-0.014123,0.020251,-0.024515
1706621715,7964308,0.126893,-0.124498,-9.576807,-0.015188,0.015188,-0.023982
1706621715,7964353,0.079009,-0.090980,-9.586384,-0.013856,0.017853,-0.024515
1706621715,7964395,0.174777,-0.050278,-9.545682,-0.013057,0.015455,-0.022916
1706621715,7964437,0.119710,0.052672,-9.526528,-0.013057,0.017320,-0.023449
1706621715,7964479,0.102951,-0.033519,-9.603143,-0.014922,0.018919,-0.021583
1706621715,7964521,0.148441,0.019154,-9.548077,-0.014123,0.016521,-0.023449
1706621715,7964563,0.062249,0.000000,-9.521740,-0.011458,0.017853,-0.025580
1706621715,7964608,0.050278,0.019154,-9.619903,-0.013057,0.016254,-0.024515
1706621715,7964650,0.105345,0.000000,-9.583989,-0.014389,0.018119,-0.024515
1706621715,7964692,0.083797,-0.011971,-9.437943,-0.013590,0.016787,-0.025314
1706621715,7964734,0.141258,0.045490,-9.509769,-0.014123,0.014389,-0.024515
1706621715,7964776,0.126893,-0.071826,-9.552865,-0.012790,0.018386,-0.024781
1706621716,7964818,0.079009,-0.074220,-9.560047,-0.014123,0.015721,-0.024515
1706621716,7964860,0.102951,-0.059855,-9.579201,-0.013590,0.015721,-0.022916
1706621716,7964904,0.136469,0.002394,-9.521740,-0.014123,0.018652,-0.021850
1706621716,7964947,0.064643,-0.007183,-9.447520,-0.012790,0.014655,-0.022649
1706621716,7964989,0.134075,-0.026336,-9.540894,-0.011724,0.018386,-0.025047
1706621716,7965031,0.102951,0.026336,-9.519346,-0.012524,0.017587,-0.023982
1706621716,7965073,0.167594,-0.069432,-9.564836,-0.011191,0.015188,-0.021850
1706621716,7965115,0.016759,0.007183,-9.524135,-0.013057,0.015988,-0.021583
1706621716,7965157,0.098162,-0.021548,-9.516952,-0.015988,0.015455,-0.024781
1706621716,7965201,0.071826,0.009577,-9.574412,-0.012790,0.014922,-0.022383
1706621716,7965243,0.110133,-0.064643,-9.576807,-0.013856,0.016521,-0.024781
1706621716,7965286,0.124498,0.074220,-9.430760,-0.013590,0.019185,-0.022649
1706621716,7965328,0.146046,-0.016759,-9.533711,-0.011458,0.016521,-0.020251
1706621716,7965370,0.047884,0.011971,-9.512163,-0.013856,0.018919,-0.023715
1706621716,7965412,0.098162,-0.033519,-9.509769,-0.014123,0.017853,-0.026380
1706621716,7965456,0.095768,-0.038307,-9.536105,-0.013590,0.020518,-0.022916
1706621716,7965499,0.081403,-0.009577,-9.481039,-0.012257,0.020518,-0.023182
1706621716,7965541,0.093374,-0.023942,-9.478644,-0.012257,0.015988,-0.023982
1706621716,7965583,0.095768,-0.019154,-9.488221,-0.014922,0.017587,-0.023449
1706621716,7965625,0.100556,-0.031125,-9.495404,-0.013856,0.015188,-0.023182
1706621716,7965667,0.117316,-0.045490,-9.473856,-0.013323,0.020784,-0.026380
1706621716,7965709,0.050278,-0.011971,-9.524135,-0.013856,0.017320,-0.022116
1706621716,7965753,0.126893,-0.045490,-9.526528,-0.012790,0.018386,-0.021317
1706621716,7965795,0.083797,0.011971,-9.469068,-0.011724,0.019718,-0.025580
1706621717,7965838,0.129287,-0.031125,-9.524135,-0.015188,0.014922,-0.022116
1706621717,7965880,0.126893,-0.043096,-9.509769,-0.013057,0.018652,-0.025047
1706621717,7965922,0.067038,-0.026336,-9.581595,-0.011458,0.016254,-0.023182
1706621717,7965964,0.177171,-0.021548,-9.504981,-0.013323,0.016521,-0.023982
1706621717,7966006,0.081403,-0.045490,-9.588778,-0.013057,0.023449,-0.024515
1706621717,7966050,0.064643,-0.023942,-9.521740,-0.013323,0.018119,-0.024515
1706621717,7966092,0.047884,-0.026336,-9.605537,-0.011991,0.019185,-0.026113
1706621717,7966134,0.062249,-0.047884,-9.545682,-0.013323,0.017587,-0.023182
1706621717,7966176,0.076614,-0.043096,-9.543288,-0.011991,0.016521,-0.022116
1706621717,7966218,0.062249,-0.009577,-9.528923,-0.012524,0.018386,-0.023182
1706621717,7966260,0.069432,-0.033519,-9.528923,-0.013323,0.015455,-0.023982
1706621717,7966305,0.102951,-0.031125,-9.485827,-0.012257,0.015455,-0.018386
1706621717,7966347,0.102951,-0.026336,-9.560047,-0.011724,0.017320,-0.021051
1706621717,7966390,0.100556,-0.047884,-9.550470,-0.015188,0.018119,-0.023715
1706621717,7966432,0.098162,-0.026336,-9.500193,-0.013057,0.020251,-0.022916
1706621717,7966474,0.095768,-0.038307,-9.562442,-0.011458,0.018119,-0.025047
1706621717,7966517,0.150835,-0.045490,-9.488221,-0.015188,0.021051,-0.025847
1706621717,7966559,0.064643,-0.009577,-9.579201,-0.014389,0.013323,-0.024515
1706621717,7966604,0.117316,-0.023942,-9.550470,-0.012790,0.016787,-0.019452
1706621717,7966646,0.136469,-0.019154,-9.473856,-0.013590,0.017587,-0.023715
1706621717,7966689,0.050278,-0.062249,-9.622296,-0.014123,0.015988,-0.024781
1706621717,7966731,0.119710,-0.040701,-9.567230,-0.013323,0.015721,-0.019185
1706621717,7966773,0.064643,0.035913,-9.504981,-0.011724,0.017853,-0.021850
1706621718,7966816,0.122104,-0.038307,-9.531317,-0.012524,0.018386,-0.021583
1706621718,7966858,0.052672,-0.031125,-9.493010,-0.010392,0.017853,-0.022116
1706621718,7966903,0.098162,0.009577,-9.555259,-0.015455,0.017587,-0.021583
1706621718,7966945,0.153229,0.014365,-9.516952,-0.013590,0.016254,-0.021317
1706621718,7966988,0.040701,-0.067038,-9.512163,-0.014655,0.020251,-0.021051
1706621718,7967030,0.095768,0.055067,-9.569624,-0.011991,0.014655,-0.021583
1706621718,7967072,0.098162,-0.062249,-9.538500,-0.011191,0.018119,-0.023982
1706621718,7967115,0.052672,-0.019154,-9.595961,-0.014123,0.016787,-0.025047
1706621718,7967160,0.069432,0.014365,-9.560047,-0.015188,0.018386,-0.022116
1706621718,7967202,0.160412,0.021548,-9.459491,-0.014922,0.018386,-0.024515
1706621718,7967244,0.067038,-0.028730,-9.526528,-0.013323,0.018652,-0.023982
1706621718,7967287,0.122104,-0.004788,-9.540894,-0.015188,0.018652,-0.025314
1706621718,7967329,0.055067,-0.081403,-9.507375,-0.012257,0.017054,-0.022916
1706621718,7967371,0.057461,-0.031125,-9.603143,-0.011724,0.016787,-0.023715
1706621718,7967414,0.055067,-0.016759,-9.509769,-0.012257,0.020784,-0.024515
1706621718,7967459,0.129287,0.062249,-9.617508,-0.013323,0.018652,-0.022649
1706621718,7967501,0.071826,-0.007183,-9.574412,-0.014123,0.019452,-0.022383
1706621718,7967543,0.079009,-0.002394,-9.473856,-0.016787,0.017587,-0.022649
1706621718,7967586,-0.002394,-0.028730,-9.526528,-0.011191,0.019452,-0.022916
1706621718,7967628,0.050278,0.004788,-9.545682,-0.013057,0.015988,-0.021583
1706621718,7967671,0.138864,-0.014365,-9.528923,-0.012524,0.016521,-0.022383
1706621718,7967713,0.126893,-0.079009,-9.502586,-0.013856,0.020251,-0.022116
1706621718,7967758,0.069432,0.004788,-9.490616,-0.014655,0.023449,-0.023182
1706621718,7967800,0.114922,-0.028730,-9.521740,-0.011991,0.020518,-0.022383
1706621719,7967843,0.093374,-0.062249,-9.562442,-0.013590,0.017853,-0.023715
1706621719,7967885,0.098162,-0.052672,-9.576807,-0.011991,0.017853,-0.021583
1706621719,7967927,0.050278,0.014365,-9.550470,-0.014655,0.019185,-0.022116
1706621719,7967970,0.074220,-0.043096,-9.543288,-0.011191,0.018919,-0.023715
1706621719,7968015,0.114922,0.004788,-9.490616,-0.012257,0.013590,-0.023982
1706621719,7968057,0.076614,-0.059855,-9.516952,-0.013856,0.017587,-0.024515
1706621719,7968099,0.153229,-0.016759,-9.576807,-0.014655,0.016787,-0.024515
1706621719,7968142,0.148441,0.016759,-9.572019,-0.010925,0.018386,-0.018919
1706621719,7968184,0.100556,0.076614,-9.555259,-0.012257,0.017054,-0.024781
1706621719,7968226,0.081403,-0.033519,-9.488221,-0.011991,0.016254,-0.024248
1706621719,7968269,0.114922,0.016759,-9.595961,-0.013856,0.015721,-0.021583
1706621719,7968314,0.112527,-0.007183,-9.526528,-0.011458,0.015721,-0.024248
1706621719,7968356,0.026336,-0.033519,-9.581595,-0.013856,0.016787,-0.025047
1706621719,7968398,0.181959,0.026336,-9.509769,-0.012790,0.015721,-0.023449
1706621719,7968441,0.110133,-0.028730,-9.509769,-0.014123,0.015455,-0.021850
1706621719,7968483,0.098162,-0.026336,-9.500193,-0.013590,0.018919,-0.025847
1706621719,7968526,0.055067,-0.023942,-9.526528,-0.012790,0.018919,-0.025047
1706621719,7968568,0.102951,-0.011971,-9.600749,-0.012524,0.015988,-0.023182
1706621719,7968620,0.122104,-0.014365,-9.605537,-0.014123,0.015988,-0.024248
1706621719,7968663,0.124498,0.004788,-9.572019,-0.014389,0.015988,-0.022649
1706621719,7968705,0.107739,0.007183,-9.557653,-0.014389,0.017853,-0.025314
1706621719,7968748,0.117316,0.062249,-9.483433,-0.013057,0.015988,-0.023449
1706621719,7968790,0.086191,-0.028730,-9.488221,-0.013590,0.014123,-0.022383
1706621720,7968832,0.136469,-0.016759,-9.521740,-0.013590,0.017853,-0.022649
1706621720,7968876,0.105345,0.031125,-9.524135,-0.012790,0.019185,-0.024515
1706621720,7968918,0.083797,-0.038307,-9.466674,-0.014389,0.014123,-0.022916
1706621720,7968960,0.088585,-0.019154,-9.469068,-0.017054,0.018119,-0.022383
1706621720,7969002,0.079009,-0.045490,-9.526528,-0.012790,0.017587,-0.023182
1706621720,7969044,0.088585,0.050278,-9.574412,-0.012524,0.017320,-0.023449
1706621720,7969086,0.117316,-0.031125,-9.478644,-0.016254,0.017320,-0.022649
1706621720,7969129,0.122104,0.043096,-9.512163,-0.011991,0.017320,-0.021583
1706621720,7969173,0.064643,-0.021548,-9.512163,-0.013323,0.018386,-0.024781
1706621720,7969215,0.093374,0.023942,-9.531317,-0.012790,0.016787,-0.022649
1706621720,7969257,0.081403,0.002394,-9.502586,-0.014655,0.014922,-0.021051
1706621720,7969299,0.138864,0.002394,-9.552865,-0.012524,0.014389,-0.023982
1706621720,7969341,0.102951,0.047884,-9.514558,-0.014123,0.016787,-0.026913
1706621720,7969383,0.098162,-0.021548,-9.478644,-0.011458,0.018652,-0.022649
1706621720,7969426,0.045490,-0.023942,-9.516952,-0.016787,0.015988,-0.020518
1706621720,7969470,0.093374,-0.035913,-9.545682,-0.012790,0.019185,-0.023982
1706621720,7969512,0.107739,0.035913,-9.526528,-0.013856,0.015188,-0.026380
1706621720,7969554,0.100556,-0.047884,-9.607931,-0.011991,0.017853,-0.019985
1706621720,7969597,0.043096,0.014365,-9.504981,-0.010392,0.015455,-0.023715
1706621720,7969639,0.093374,-0.009577,-9.579201,-0.013590,0.018652,-0.023982
1706621720,7969681,0.064643,-0.007183,-9.533711,-0.016254,0.016254,-0.020784
1706621720,7969723,0.071826,-0.009577,-9.598354,-0.015188,0.020518,-0.024515
1706621720,7969767,0.117316,0.002394,-9.634268,-0.014655,0.016787,-0.023449
1706621720,7969809,0.074220,0.023942,-9.533711,-0.013057,0.016521,-0.021583
1706621721,7969852,0.112527,-0.023942,-9.457097,-0.010925,0.016521,-0.025847
1706621721,7969894,0.069432,-0.028730,-9.576807,-0.017587,0.019985,-0.024248
1706621721,7969936,0.112527,0.031125,-9.545682,-0.013590,0.018119,-0.025314
1706621721,7969978,0.110133,-0.026336,-9.490616,-0.015455,0.016787,-0.021850
1706621721,7970022,0.162806,-0.086191,-9.531317,-0.015188,0.016521,-0.025580
1706621721,7970064,0.095768,-0.002394,-9.634268,-0.012790,0.016787,-0.024248
1706621721,7970107,0.117316,-0.083797,-9.540894,-0.013856,0.016521,-0.025314
1706621721,7970149,0.107739,-0.057461,-9.555259,-0.010392,0.017587,-0.025047
1706621721,7970191,0.047884,-0.035913,-9.497798,-0.013590,0.018652,-0.021317
1706621721,7970233,0.143652,-0.047884,-9.536105,-0.011991,0.019185,-0.025580
1706621721,7970275,0.122104,0.002394,-9.588778,-0.014389,0.015988,-0.021850
1706621721,7970319,0.088585,-0.067038,-9.509769,-0.012524,0.016254,-0.020784
1706621721,7970361,0.083797,-0.031125,-9.617508,-0.011991,0.019985,-0.021583
1706621721,7970404,0.119710,-0.019154,-9.560047,-0.012524,0.020784,-0.021850
1706621721,7970446,0.100556,-0.055067,-9.636662,-0.012524,0.015721,-0.026913
1706621721,7970488,0.105345,-0.069432,-9.459491,-0.013856,0.020784,-0.021317
1706621721,7970530,0.124498,0.026336,-9.540894,-0.011458,0.021051,-0.022916
1706621721,7970572,0.083797,-0.047884,-9.533711,-0.014655,0.019185,-0.021850
1706621721,7970616,0.148441,-0.057461,-9.543288,-0.015455,0.020784,-0.022383
1706621721,7970658,0.088585,0.004788,-9.483433,-0.016254,0.017320,-0.020251
1706621721,7970700,0.090980,-0.004788,-9.545682,-0.013590,0.017320,-0.022116
1706621721,7970742,0.098162,-0.086191,-9.514558,-0.014655,0.014389,-0.020518
1706621721,7970784,0.057461,0.019154,-9.495404,-0.012790,0.015188,-0.019452
