timestamp,millis,AccX,AccY,AccZ,GyroX,GyroY,GyroZ
1706615995,2243811,0.134075,0.280122,-9.749189,-0.021583,0.000000,-0.025580
1706615995,2243837,0.007183,-0.189142,-9.390059,-0.009326,0.027979,-0.018386
1706615995,2243863,0.124498,0.098162,-9.579201,-0.012257,0.023982,-0.020251
1706615995,2243889,0.100556,-0.059855,-9.593566,-0.020251,0.003464,-0.018386
1706615995,2243918,0.059855,-0.069432,-9.229648,-0.007461,0.031176,-0.022916
1706615995,2243944,0.162806,0.090980,-9.940725,-0.018119,0.003198,-0.018386
1706615995,2243970,0.098162,-0.076614,-9.121908,-0.013323,0.017320,-0.023715
1706615995,2243996,0.081403,0.059855,-9.959879,-0.010925,0.023715,-0.022116
1706615995,2244022,0.112527,-0.086191,-9.248801,-0.017320,0.009326,-0.021583
1706615995,2244048,0.146046,-0.035913,-9.629479,-0.010392,0.029044,-0.023715
1706615995,2244077,0.105345,-0.016759,-9.600749,-0.016254,0.015721,-0.019185
1706615995,2244103,0.095768,-0.117316,-9.284714,-0.012790,0.017853,-0.020784
1706615995,2244129,0.131681,0.062249,-9.849746,-0.013856,0.024515,-0.022383
1706615995,2244155,0.069432,-0.028730,-9.198523,-0.015188,0.016521,-0.020518
1706615995,2244181,0.110133,-0.007183,-9.689334,-0.012524,0.025314,-0.023982
1706615995,2244208,0.100556,-0.026336,-9.471462,-0.014922,0.013590,-0.019718
1706615995,2244234,0.112527,-0.033519,-9.449914,-0.011724,0.017320,-0.022916
1706615995,2244262,0.076614,-0.004788,-9.734824,-0.014389,0.022916,-0.018386
1706615995,2244288,0.141258,-0.067038,-9.344569,-0.011458,0.015188,-0.020251
1706615995,2244315,0.086191,0.028730,-9.761160,-0.013323,0.019452,-0.023182
1706615995,2244341,0.100556,0.002394,-9.356541,-0.013856,0.017054,-0.022116
1706615995,2244367,0.129287,-0.021548,-9.562442,-0.013323,0.022649,-0.023715
1706615995,2244393,0.095768,-0.023942,-9.536105,-0.011191,0.019185,-0.024515
1706615995,2244419,0.126893,-0.047884,-9.366117,-0.015721,0.014922,-0.023449
1706615995,2244448,0.122104,0.004788,-9.679757,-0.013057,0.020518,-0.022916
1706615995,2244474,0.076614,0.028730,-9.418790,-0.014123,0.017853,-0.020518
1706615995,2244500,0.122104,0.002394,-9.583989,-0.014389,0.017054,-0.023715
1706615995,2244526,0.059855,-0.055067,-9.634268,-0.017587,0.015721,-0.023715
1706615995,2244552,0.102951,-0.064643,-9.344569,-0.014389,0.019185,-0.019985
1706615995,2244579,0.117316,-0.019154,-9.586384,-0.009593,0.019185,-0.021317
1706615995,2244607,0.086191,0.038307,-9.473856,-0.013323,0.014922,-0.022383
1706615995,2244633,0.059855,0.035913,-9.538500,-0.013057,0.019452,-0.020784
1706615995,2244659,0.081403,-0.023942,-9.497798,-0.014389,0.018919,-0.021317
1706615995,2244685,0.102951,-0.011971,-9.440337,-0.015721,0.015188,-0.021850
1706615995,2244711,0.155623,-0.019154,-9.605537,-0.012257,0.020251,-0.022383
1706615995,2244737,0.141258,-0.004788,-9.481039,-0.014123,0.020251,-0.020518
1706615995,2244763,0.071826,0.007183,-9.543288,-0.012524,0.018652,-0.021051
1706615996,2244800,0.067038,0.031125,-9.428367,-0.014922,0.022116,-0.020251
1706615996,2244826,0.158017,0.007183,-9.548077,-0.012790,0.017320,-0.021051
1706615996,2244852,0.122104,0.000000,-9.658210,-0.012524,0.019718,-0.021051
1706615996,2244878,0.100556,0.057461,-9.576807,-0.015455,0.018652,-0.022116
1706615996,2244904,0.131681,-0.045490,-9.418790,-0.011724,0.017054,-0.019985
1706615996,2244929,0.069432,-0.004788,-9.560047,-0.013856,0.017587,-0.023982
1706615996,2244955,0.090980,-0.023942,-9.478644,-0.011191,0.018652,-0.022383
1706615996,2244983,0.124498,0.002394,-9.526528,-0.012257,0.015721,-0.021850
1706615996,2245009,0.076614,-0.014365,-9.502586,-0.013856,0.017054,-0.021051
1706615996,2245035,0.038307,-0.043096,-9.526528,-0.015455,0.016521,-0.020784
1706615996,2245061,0.141258,-0.047884,-9.545682,-0.013590,0.017320,-0.022116
1706615996,2245087,0.071826,-0.035913,-9.495404,-0.012257,0.018919,-0.021850
1706615996,2245113,0.071826,-0.009577,-9.471462,-0.015988,0.017853,-0.020784
1706615996,2245141,0.112527,-0.019154,-9.533711,-0.013057,0.019985,-0.021583
1706615996,2245167,0.098162,-0.050278,-9.500193,-0.013323,0.015721,-0.021850
1706615996,2245193,0.122104,-0.040701,-9.457097,-0.013590,0.019718,-0.022116
1706615996,2245218,0.064643,0.023942,-9.528923,-0.015721,0.018919,-0.023715
1706615996,2245244,0.076614,-0.016759,-9.504981,-0.011724,0.017054,-0.019452
1706615996,2245270,0.095768,-0.007183,-9.452309,-0.015455,0.016787,-0.018652
1706615996,2245296,0.110133,0.009577,-9.514558,-0.010925,0.019985,-0.019452
1706615996,2245324,0.093374,-0.016759,-9.531317,-0.013057,0.018386,-0.021317
1706615996,2245350,0.059855,-0.009577,-9.509769,-0.013590,0.020251,-0.018386
1706615996,2245376,0.124498,-0.019154,-9.466674,-0.014123,0.017320,-0.021051
1706615996,2245402,0.102951,-0.033519,-9.524135,-0.011991,0.015455,-0.020518
1706615996,2245428,0.074220,-0.035913,-9.500193,-0.014922,0.019185,-0.019185
1706615996,2245454,0.071826,-0.007183,-9.536105,-0.014655,0.020251,-0.018919
1706615996,2245479,0.138864,0.023942,-9.449914,-0.014123,0.016521,-0.023449
1706615996,2245508,0.071826,0.002394,-9.449914,-0.013323,0.020784,-0.022383
1706615996,2245533,0.076614,-0.035913,-9.481039,-0.015721,0.017587,-0.022649
1706615996,2245559,0.074220,0.016759,-9.521740,-0.012790,0.015721,-0.023715
1706615996,2245585,0.148441,-0.031125,-9.497798,-0.013856,0.016254,-0.021317
1706615996,2245611,0.143652,-0.009577,-9.497798,-0.011191,0.016521,-0.020518
1706615996,2245637,0.119710,-0.067038,-9.493010,-0.015721,0.019985,-0.021583
1706615996,2245665,0.136469,0.021548,-9.528923,-0.016254,0.021051,-0.022649
1706615996,2245691,0.138864,0.000000,-9.481039,-0.014655,0.018652,-0.018119
1706615996,2245717,0.153229,-0.100556,-9.457097,-0.011724,0.018119,-0.019452
1706615996,2245742,0.148441,-0.043096,-9.485827,-0.017054,0.016787,-0.019718
1706615996,2245768,0.095768,-0.059855,-9.516952,-0.014922,0.023182,-0.022116
1706615997,2245794,0.112527,0.011971,-9.662998,-0.015188,0.016254,-0.018919
1706615997,2245820,0.083797,-0.004788,-9.495404,-0.014655,0.018919,-0.019718
1706615997,2245848,0.050278,-0.009577,-9.504981,-0.014123,0.016521,-0.022916
1706615997,2245874,0.074220,-0.026336,-9.485827,-0.013590,0.020251,-0.017587
1706615997,2245900,0.035913,-0.016759,-9.500193,-0.011724,0.018119,-0.023182
1706615997,2245926,0.079009,-0.071826,-9.504981,-0.013057,0.018386,-0.021317
1706615997,2245952,0.119710,0.016759,-9.521740,-0.013590,0.015188,-0.021051
1706615997,2245977,0.102951,0.002394,-9.600749,-0.013590,0.017587,-0.022116
1706615997,2246003,0.026336,-0.023942,-9.469068,-0.013323,0.017853,-0.022916
1706615997,2246031,0.122104,-0.023942,-9.519346,-0.013057,0.019718,-0.023182
1706615997,2246057,0.138864,-0.076614,-9.531317,-0.014389,0.017054,-0.019985
1706615997,2246083,0.141258,-0.031125,-9.667787,-0.012790,0.019452,-0.020518
1706615997,2246109,0.124498,0.014365,-9.519346,-0.014123,0.019985,-0.020251
1706615997,2246134,0.141258,0.023942,-9.555259,-0.013590,0.017054,-0.020251
1706615997,2246160,0.102951,0.000000,-9.550470,-0.012257,0.020251,-0.021051
1706615997,2246188,0.062249,-0.074220,-9.512163,-0.011724,0.015188,-0.019718
1706615997,2246214,0.093374,0.016759,-9.490616,-0.014655,0.015455,-0.019718
1706615997,2246241,0.114922,-0.059855,-9.507375,-0.013057,0.020518,-0.020518
1706615997,2246267,0.069432,-0.014365,-9.449914,-0.014389,0.019452,-0.020784
1706615997,2246293,0.040701,0.016759,-9.583989,-0.015188,0.018119,-0.020251
1706615997,2246319,0.086191,0.011971,-9.583989,-0.014655,0.015988,-0.019985
1706615997,2246345,0.110133,-0.007183,-9.519346,-0.012257,0.015988,-0.022649
1706615997,2246373,0.112527,-0.028730,-9.457097,-0.012524,0.018919,-0.021850
1706615997,2246399,0.090980,-0.062249,-9.572019,-0.014922,0.020251,-0.019185
1706615997,2246426,0.083797,0.026336,-9.447520,-0.015721,0.014922,-0.021850
1706615997,2246452,0.074220,0.002394,-9.543288,-0.014123,0.016254,-0.021850
1706615997,2246478,0.107739,0.052672,-9.564836,-0.013323,0.014389,-0.020251
1706615997,2246504,0.119710,-0.023942,-9.497798,-0.015455,0.020518,-0.022116
1706615997,2246530,0.095768,-0.033519,-9.524135,-0.012524,0.015188,-0.021850
1706615997,2246559,0.136469,0.016759,-9.610326,-0.015721,0.016521,-0.019185
1706615997,2246585,0.050278,-0.009577,-9.631873,-0.015455,0.015188,-0.021051
1706615997,2246611,0.093374,-0.009577,-9.572019,-0.013590,0.017320,-0.021583
1706615997,2246637,0.107739,-0.062249,-9.560047,-0.013323,0.015988,-0.020784
1706615997,2246663,0.038307,-0.028730,-9.471462,-0.015455,0.017853,-0.021850
1706615997,2246690,0.055067,-0.035913,-9.488221,-0.014389,0.014922,-0.021583
1706615997,2246718,0.076614,-0.028730,-9.497798,-0.017853,0.018919,-0.020784
1706615997,2246744,0.122104,-0.031125,-9.488221,-0.013856,0.019185,-0.023182
1706615997,2246770,0.098162,-0.019154,-9.586384,-0.010392,0.020784,-0.019452
1706615998,2246797,0.107739,0.021548,-9.593566,-0.013323,0.019452,-0.019718
1706615998,2246823,0.119710,-0.011971,-9.433155,-0.015988,0.016521,-0.020784
1706615998,2246849,0.112527,-0.043096,-9.454702,-0.014389,0.017054,-0.021317
1706615998,2246875,0.059855,-0.023942,-9.488221,-0.012257,0.019718,-0.022649
1706615998,2246904,0.131681,-0.016759,-9.509769,-0.013856,0.015988,-0.022116
1706615998,2246930,0.126893,-0.038307,-9.548077,-0.011724,0.017853,-0.021850
1706615998,2246956,0.119710,0.014365,-9.536105,-0.015455,0.017054,-0.023715
1706615998,2246982,0.083797,-0.002394,-9.461885,-0.011458,0.018386,-0.021583
1706615998,2247008,0.083797,0.000000,-9.567230,-0.012790,0.019185,-0.018919
1706615998,2247034,0.031125,-0.028730,-9.464279,-0.015455,0.017320,-0.021051
1706615998,2247061,0.112527,-0.011971,-9.516952,-0.016254,0.017587,-0.018919
1706615998,2247089,0.090980,-0.043096,-9.481039,-0.014655,0.015988,-0.020784
1706615998,2247115,0.112527,0.002394,-9.495404,-0.015188,0.017853,-0.020251
1706615998,2247141,0.105345,0.002394,-9.521740,-0.014655,0.018386,-0.019985
1706615998,2247168,0.129287,0.026336,-9.574412,-0.013323,0.016521,-0.023449
1706615998,2247194,0.098162,0.064643,-9.430760,-0.013856,0.018652,-0.021051
1706615998,2247220,0.165200,-0.086191,-9.552865,-0.014123,0.019452,-0.022383
1706615998,2247248,0.095768,-0.002394,-9.540894,-0.014389,0.017054,-0.021850
1706615998,2247275,0.076614,-0.007183,-9.488221,-0.014655,0.020784,-0.022116
1706615998,2247301,0.148441,-0.040701,-9.502586,-0.014123,0.021051,-0.019718
1706615998,2247327,0.090980,-0.014365,-9.543288,-0.012790,0.015455,-0.023449
1706615998,2247353,0.126893,0.011971,-9.466674,-0.014389,0.017853,-0.022916
1706615998,2247379,0.141258,-0.055067,-9.516952,-0.014922,0.017054,-0.019452
1706615998,2247405,0.138864,-0.047884,-9.504981,-0.011991,0.016521,-0.023182
1706615998,2247434,0.079009,-0.011971,-9.490616,-0.014922,0.021583,-0.023182
1706615998,2247460,0.122104,-0.038307,-9.502586,-0.012524,0.015455,-0.022116
1706615998,2247486,0.114922,-0.035913,-9.449914,-0.017320,0.021583,-0.022383
1706615998,2247512,0.119710,0.052672,-9.531317,-0.014922,0.019452,-0.018919
1706615998,2247538,0.119710,-0.002394,-9.430760,-0.014389,0.018119,-0.022649
1706615998,2247564,0.136469,-0.031125,-9.497798,-0.013057,0.016521,-0.021317
1706615998,2247590,0.047884,-0.011971,-9.595961,-0.012790,0.017054,-0.023449
1706615998,2247627,0.090980,0.038307,-9.583989,-0.013057,0.018652,-0.023182
1706615998,2247653,0.088585,-0.011971,-9.485827,-0.013057,0.019185,-0.021850
1706615998,2247679,0.122104,-0.055067,-9.550470,-0.011991,0.015455,-0.021583
1706615998,2247705,0.064643,-0.028730,-9.583989,-0.015455,0.016254,-0.021583
1706615998,2247731,0.134075,-0.019154,-9.560047,-0.013856,0.016254,-0.021583
1706615998,2247757,0.169988,0.014365,-9.536105,-0.012257,0.016254,-0.021051
1706615999,2247785,0.146046,-0.035913,-9.497798,-0.011724,0.018386,-0.022383
1706615999,2247811,0.134075,-0.028730,-9.610326,-0.014389,0.018119,-0.022649
1706615999,2247836,0.102951,-0.031125,-9.598354,-0.014655,0.021317,-0.019452
1706615999,2247862,0.119710,-0.090980,-9.504981,-0.013590,0.015455,-0.020784
1706615999,2247888,0.071826,-0.019154,-9.576807,-0.014123,0.019185,-0.021583
1706615999,2247914,0.129287,0.009577,-9.478644,-0.015721,0.018652,-0.022383
1706615999,2247940,0.110133,-0.014365,-9.605537,-0.011991,0.014922,-0.021583
1706615999,2247968,0.038307,-0.007183,-9.586384,-0.015721,0.018386,-0.022116
1706615999,2247994,0.081403,-0.057461,-9.564836,-0.015188,0.015455,-0.021051
1706615999,2248020,0.134075,-0.004788,-9.488221,-0.013323,0.015988,-0.018386
1706615999,2248046,0.143652,-0.067038,-9.562442,-0.015455,0.019985,-0.020251
1706615999,2248072,0.038307,-0.021548,-9.488221,-0.014389,0.019185,-0.018652
1706615999,2248097,0.059855,-0.052672,-9.469068,-0.013323,0.019452,-0.021051
1706615999,2248123,0.093374,-0.011971,-9.543288,-0.014389,0.017587,-0.025047
1706615999,2248151,0.136469,-0.031125,-9.457097,-0.015188,0.021051,-0.020251
1706615999,2248177,0.047884,-0.040701,-9.497798,-0.012790,0.015455,-0.022383
1706615999,2248203,0.129287,-0.016759,-9.543288,-0.013323,0.017054,-0.020784
1706615999,2248229,0.110133,-0.026336,-9.454702,-0.016521,0.019985,-0.024248
1706615999,2248255,0.110133,-0.002394,-9.466674,-0.012790,0.016787,-0.019985
1706615999,2248281,0.112527,-0.007183,-9.368511,-0.014123,0.017054,-0.018119
1706615999,2248309,0.153229,0.000000,-9.622296,-0.015188,0.018386,-0.021317
1706615999,2248335,0.090980,-0.004788,-9.437943,-0.015188,0.017587,-0.020251
1706615999,2248361,0.028730,-0.052672,-9.536105,-0.014123,0.017054,-0.021850
1706615999,2248387,0.112527,-0.069432,-9.507375,-0.014922,0.016254,-0.025047
1706615999,2248413,0.079009,0.050278,-9.528923,-0.014922,0.017587,-0.019185
1706615999,2248438,0.067038,-0.016759,-9.684546,-0.015188,0.018919,-0.023982
1706615999,2248464,0.100556,0.009577,-9.504981,-0.016787,0.018919,-0.021850
1706615999,2248492,0.076614,-0.002394,-9.574412,-0.014389,0.022383,-0.019985
1706615999,2248518,0.114922,0.028730,-9.433155,-0.015721,0.015988,-0.022116
1706615999,2248544,0.074220,-0.059855,-9.545682,-0.013057,0.015188,-0.022116
1706615999,2248570,0.086191,-0.028730,-9.521740,-0.014123,0.018119,-0.023449
1706615999,2248596,0.110133,0.004788,-9.574412,-0.013590,0.019718,-0.018386
1706615999,2248621,0.052672,-0.002394,-9.605537,-0.012257,0.021317,-0.019985
1706615999,2248647,0.119710,0.050278,-9.445126,-0.015721,0.019985,-0.020784
1706615999,2248675,0.136469,-0.009577,-9.490616,-0.011191,0.018386,-0.019185
1706615999,2248701,0.131681,0.031125,-9.579201,-0.013856,0.016787,-0.019452
1706615999,2248727,0.100556,-0.007183,-9.512163,-0.012524,0.017054,-0.022383
1706615999,2248753,0.143652,-0.047884,-9.536105,-0.012524,0.014655,-0.019985
1706616000,2248779,0.074220,-0.033519,-9.528923,-0.014389,0.017320,-0.019985
1706616000,2248805,0.119710,0.033519,-9.593566,-0.012790,0.016787,-0.021583
1706616000,2248833,0.095768,0.031125,-9.583989,-0.014123,0.019185,-0.018119
1706616000,2248859,0.158017,-0.007183,-9.519346,-0.014123,0.015721,-0.020784
1706616000,2248884,0.117316,-0.062249,-9.552865,-0.015188,0.021583,-0.021317
1706616000,2248910,0.134075,-0.035913,-9.552865,-0.012257,0.019985,-0.021583
1706616000,2248936,0.153229,-0.019154,-9.593566,-0.013856,0.015188,-0.019985
1706616000,2248962,0.107739,-0.009577,-9.495404,-0.015988,0.017054,-0.020518
1706616000,2248987,0.074220,0.043096,-9.500193,-0.011991,0.018119,-0.023715
1706616000,2249016,0.162806,-0.040701,-9.579201,-0.014389,0.014655,-0.020784
1706616000,2249042,0.112527,-0.026336,-9.514558,-0.013590,0.017853,-0.021583
1706616000,2249068,0.083797,-0.045490,-9.588778,-0.012790,0.016787,-0.021583
1706616000,2249094,0.102951,-0.023942,-9.461885,-0.014922,0.017853,-0.020518
1706616000,2249120,0.126893,0.004788,-9.552865,-0.015188,0.017320,-0.022116
1706616000,2249146,0.028730,-0.011971,-9.619903,-0.015721,0.019452,-0.019985
1706616000,2249172,0.074220,0.004788,-9.533711,-0.015188,0.017054,-0.021051
1706616000,2249201,0.141258,-0.067038,-9.651027,-0.013057,0.017853,-0.021051
1706616000,2249227,0.088585,-0.067038,-9.449914,-0.014922,0.018919,-0.023182
1706616000,2249253,0.114922,0.016759,-9.478644,-0.013856,0.017853,-0.025580
1706616000,2249279,0.069432,0.016759,-9.507375,-0.012524,0.017320,-0.020251
1706616000,2249305,0.136469,0.050278,-9.514558,-0.014123,0.018119,-0.017320
1706616000,2249331,0.095768,0.035913,-9.411607,-0.011991,0.019718,-0.021051
1706616000,2249360,0.093374,-0.064643,-9.631873,-0.013590,0.016787,-0.021317
1706616000,2249386,0.146046,-0.033519,-9.536105,-0.015188,0.021583,-0.019185
1706616000,2249412,0.110133,0.019154,-9.512163,-0.014123,0.019185,-0.020784
1706616000,2249438,0.095768,0.028730,-9.485827,-0.016787,0.018386,-0.022649
1706616000,2249465,0.117316,-0.033519,-9.665392,-0.013590,0.018119,-0.019985
1706616000,2249491,0.122104,0.021548,-9.519346,-0.014655,0.016787,-0.019718
1706616000,2249517,0.093374,-0.004788,-9.583989,-0.015455,0.018652,-0.020251
1706616000,2249545,0.081403,-0.026336,-9.437943,-0.013856,0.016254,-0.018652
1706616000,2249572,0.119710,-0.071826,-9.540894,-0.012790,0.017853,-0.021051
1706616000,2249598,0.114922,0.016759,-9.548077,-0.013590,0.015721,-0.022116
1706616000,2249624,0.134075,0.014365,-9.550470,-0.015988,0.021583,-0.019718
1706616000,2249650,0.047884,-0.016759,-9.521740,-0.014655,0.022116,-0.023449
1706616000,2249676,0.098162,-0.009577,-9.538500,-0.015721,0.019452,-0.020251
1706616000,2249702,0.033519,-0.040701,-9.519346,-0.015188,0.019185,-0.018919
1706616000,2249731,0.093374,-0.014365,-9.500193,-0.013057,0.015988,-0.021583
1706616000,2249757,0.148441,0.000000,-9.411607,-0.012790,0.017853,-0.021317
1706616001,2249783,0.143652,-0.021548,-9.617508,-0.011991,0.018386,-0.022916
1706616001,2249809,0.098162,-0.059855,-9.502586,-0.015188,0.014389,-0.019452
1706616001,2249835,0.124498,0.000000,-9.531317,-0.011724,0.016787,-0.021317
1706616001,2249861,0.069432,-0.007183,-9.562442,-0.014389,0.015455,-0.019185
1706616001,2249887,0.117316,-0.007183,-9.392453,-0.013856,0.015721,-0.019718
1706616001,2249916,0.122104,-0.023942,-9.531317,-0.011724,0.016254,-0.022916
1706616001,2249942,0.031125,-0.052672,-9.550470,-0.013856,0.017587,-0.023982
1706616001,2249968,0.174777,0.000000,-9.471462,-0.013057,0.017853,-0.021850
1706616001,2249995,0.102951,-0.002394,-9.543288,-0.015188,0.015988,-0.022916
1706616001,2250021,0.098162,-0.019154,-9.464279,-0.017320,0.016254,-0.020784
1706616001,2250047,0.124498,-0.014365,-9.516952,-0.016521,0.015721,-0.020784
1706616001,2250075,0.136469,-0.052672,-9.524135,-0.012790,0.017320,-0.019718
1706616001,2250101,0.102951,-0.095768,-9.488221,-0.012524,0.017853,-0.020251
1706616001,2250128,0.102951,-0.002394,-9.574412,-0.013856,0.014922,-0.020784
1706616001,2250154,0.134075,0.004788,-9.497798,-0.012524,0.017853,-0.023182
1706616001,2250180,0.071826,-0.031125,-9.385271,-0.016254,0.017853,-0.017320
1706616001,2250206,0.153229,0.028730,-9.452309,-0.013856,0.020251,-0.021583
1706616001,2250232,0.098162,-0.040701,-9.550470,-0.013590,0.021583,-0.022383
1706616001,2250261,0.069432,-0.031125,-9.531317,-0.012790,0.017054,-0.022383
1706616001,2250287,0.076614,0.035913,-9.521740,-0.015721,0.017320,-0.020784
1706616001,2250313,0.107739,-0.026336,-9.543288,-0.014655,0.019718,-0.020251
1706616001,2250339,0.004788,0.045490,-9.481039,-0.013323,0.015988,-0.021051
1706616001,2250365,0.126893,-0.007183,-9.583989,-0.015721,0.015455,-0.022116
1706616001,2250391,0.088585,-0.031125,-9.555259,-0.014123,0.018119,-0.022116
1706616001,2250417,0.098162,-0.038307,-9.552865,-0.014123,0.019452,-0.023449
1706616001,2250453,0.122104,0.021548,-9.538500,-0.014655,0.016787,-0.018652
1706616001,2250480,0.119710,0.000000,-9.543288,-0.014389,0.014922,-0.022383
1706616001,2250506,0.117316,0.014365,-9.497798,-0.017054,0.017054,-0.021051
1706616001,2250532,0.095768,-0.028730,-9.457097,-0.013323,0.015188,-0.020251
1706616001,2250557,0.174777,-0.011971,-9.476251,-0.013057,0.018919,-0.019718
1706616001,2250583,0.141258,0.016759,-9.560047,-0.013856,0.018919,-0.021850
1706616001,2250611,0.143652,-0.057461,-9.521740,-0.014123,0.018119,-0.019718
1706616001,2250637,0.102951,0.043096,-9.519346,-0.010658,0.020251,-0.019718
1706616001,2250663,0.074220,0.002394,-9.574412,-0.014389,0.015455,-0.020518
1706616001,2250689,0.074220,0.064643,-9.533711,-0.014123,0.019985,-0.023715
1706616001,2250715,0.095768,0.043096,-9.483433,-0.014655,0.016521,-0.019185
1706616001,2250740,0.155623,0.002394,-9.588778,-0.013057,0.011991,-0.022649
1706616001,2250766,0.095768,0.016759,-9.552865,-0.013856,0.015188,-0.019985
1706616002,2250795,0.076614,-0.040701,-9.581595,-0.013057,0.018386,-0.021317
1706616002,2250820,0.069432,-0.009577,-9.545682,-0.012524,0.017853,-0.021583
1706616002,2250846,0.179565,-0.014365,-9.591172,-0.011724,0.016254,-0.020784
1706616002,2250872,0.074220,-0.004788,-9.540894,-0.012524,0.015721,-0.022116
1706616002,2250898,0.117316,-0.088585,-9.500193,-0.014389,0.015188,-0.021317
1706616002,2250924,0.088585,-0.021548,-9.512163,-0.013856,0.014922,-0.019452
1706616002,2250950,0.114922,0.019154,-9.461885,-0.012790,0.019985,-0.020251
1706616002,2250978,0.146046,-0.004788,-9.478644,-0.014922,0.017587,-0.023982
1706616002,2251004,0.126893,0.045490,-9.595961,-0.014655,0.015721,-0.021051
1706616002,2251029,0.146046,-0.023942,-9.550470,-0.014389,0.017320,-0.021051
1706616002,2251055,0.071826,-0.002394,-9.485827,-0.013856,0.018386,-0.018119
1706616002,2251081,0.086191,-0.081403,-9.452309,-0.015721,0.017054,-0.018652
1706616002,2251107,0.102951,-0.011971,-9.461885,-0.010126,0.018386,-0.019718
1706616002,2251135,0.117316,0.004788,-9.536105,-0.013323,0.015188,-0.023182
1706616002,2251161,0.126893,0.007183,-9.488221,-0.013057,0.018386,-0.021317
1706616002,2251187,0.158017,-0.052672,-9.471462,-0.010392,0.015455,-0.020518
1706616002,2251213,0.057461,-0.028730,-9.550470,-0.015721,0.018386,-0.024781
1706616002,2251239,0.090980,-0.031125,-9.528923,-0.010925,0.021317,-0.019185
1706616002,2251264,0.083797,0.045490,-9.576807,-0.015188,0.017853,-0.019185
1706616002,2251290,0.045490,0.045490,-9.550470,-0.013856,0.013590,-0.021051
1706616002,2251318,0.167594,-0.040701,-9.519346,-0.011458,0.014389,-0.023982
1706616002,2251344,0.124498,-0.090980,-9.543288,-0.011991,0.016521,-0.020251
1706616002,2251370,0.074220,-0.038307,-9.531317,-0.013323,0.017587,-0.023715
1706616002,2251396,0.064643,0.028730,-9.557653,-0.013856,0.018386,-0.021317
1706616002,2251422,0.081403,-0.028730,-9.514558,-0.015455,0.020518,-0.021583
1706616002,2251448,0.102951,-0.011971,-9.497798,-0.011991,0.018119,-0.021583
1706616002,2251474,0.107739,0.011971,-9.490616,-0.013057,0.018386,-0.021850
1706616002,2251502,0.100556,-0.026336,-9.485827,-0.014655,0.019185,-0.019185
1706616002,2251528,0.102951,-0.057461,-9.478644,-0.015455,0.018652,-0.018652
1706616002,2251553,0.081403,0.007183,-9.641450,-0.013856,0.019718,-0.022916
1706616002,2251579,0.086191,0.004788,-9.519346,-0.014922,0.015988,-0.019452
1706616002,2251605,0.014365,-0.038307,-9.545682,-0.013057,0.015188,-0.021850
1706616002,2251631,0.098162,-0.014365,-9.528923,-0.011724,0.017320,-0.021317
1706616002,2251659,0.107739,-0.023942,-9.552865,-0.016254,0.017853,-0.019718
1706616002,2251685,0.126893,-0.033519,-9.528923,-0.013323,0.017320,-0.022383
1706616002,2251711,0.112527,-0.035913,-9.586384,-0.012257,0.013323,-0.018652
1706616002,2251736,0.093374,-0.019154,-9.550470,-0.015988,0.019718,-0.021051
1706616002,2251762,0.090980,-0.035913,-9.457097,-0.012524,0.019185,-0.019985
1706616003,2251788,0.102951,-0.095768,-9.516952,-0.012524,0.012257,-0.018652
1706616003,2251814,0.146046,-0.009577,-9.543288,-0.011991,0.018386,-0.020251
1706616003,2251842,0.136469,0.002394,-9.545682,-0.014389,0.017054,-0.018919
1706616003,2251868,0.129287,0.000000,-9.572019,-0.011191,0.018919,-0.022383
1706616003,2251894,0.112527,-0.021548,-9.493010,-0.014655,0.017587,-0.022916
1706616003,2251920,0.122104,-0.062249,-9.581595,-0.013590,0.016787,-0.021051
1706616003,2251946,0.098162,-0.009577,-9.524135,-0.014655,0.020251,-0.019185
1706616003,2251972,0.071826,0.014365,-9.631873,-0.015988,0.021051,-0.021850
1706616003,2251998,0.155623,-0.031125,-9.545682,-0.012524,0.014389,-0.018119
1706616003,2252027,0.083797,-0.002394,-9.500193,-0.015455,0.015188,-0.019718
1706616003,2252053,0.090980,0.023942,-9.502586,-0.010126,0.017054,-0.021051
1706616003,2252079,0.093374,-0.028730,-9.488221,-0.014123,0.017853,-0.022116
1706616003,2252106,0.110133,-0.038307,-9.591172,-0.015455,0.016254,-0.022383
1706616003,2252132,0.105345,-0.076614,-9.555259,-0.013323,0.019452,-0.021051
1706616003,2252158,0.062249,0.000000,-9.493010,-0.013323,0.019985,-0.019718
1706616003,2252186,0.062249,-0.050278,-9.476251,-0.013323,0.018119,-0.023982
1706616003,2252213,0.102951,-0.002394,-9.533711,-0.013590,0.019185,-0.018386
1706616003,2252239,0.114922,-0.007183,-9.581595,-0.015188,0.014655,-0.021850
1706616003,2252265,0.069432,-0.004788,-9.509769,-0.016787,0.015988,-0.020251
1706616003,2252291,0.122104,-0.016759,-9.555259,-0.012257,0.017054,-0.020518
1706616003,2252317,0.074220,-0.033519,-9.519346,-0.015988,0.018386,-0.021850
1706616003,2252343,0.095768,-0.021548,-9.583989,-0.011724,0.013856,-0.020784
1706616003,2252372,0.059855,-0.033519,-9.521740,-0.015721,0.014123,-0.022116
1706616003,2252398,0.100556,0.014365,-9.567230,-0.015455,0.018119,-0.021850
1706616003,2252425,0.098162,0.014365,-9.449914,-0.014655,0.017587,-0.021317
1706616003,2252451,0.102951,-0.038307,-9.500193,-0.011458,0.018652,-0.020518
1706616003,2252477,0.107739,-0.035913,-9.497798,-0.016254,0.018119,-0.022649
1706616003,2252503,0.148441,0.043096,-9.435549,-0.014922,0.019718,-0.022383
1706616003,2252529,0.059855,-0.021548,-9.507375,-0.013590,0.020784,-0.023182
1706616003,2252558,0.088585,-0.002394,-9.507375,-0.014123,0.019985,-0.025847
1706616003,2252584,0.100556,-0.057461,-9.493010,-0.012790,0.018919,-0.021583
1706616003,2252610,0.117316,0.021548,-9.469068,-0.013856,0.018652,-0.020518
1706616003,2252636,0.107739,-0.028730,-9.548077,-0.015721,0.020518,-0.020251
1706616003,2252662,0.112527,0.002394,-9.545682,-0.014922,0.019985,-0.021583
1706616003,2252689,0.093374,0.014365,-9.536105,-0.012790,0.015988,-0.023449
1706616003,2252717,0.095768,-0.062249,-9.562442,-0.012790,0.012790,-0.023449
1706616003,2252743,0.112527,0.007183,-9.526528,-0.012524,0.016521,-0.022116
1706616004,2252780,0.074220,-0.031125,-9.543288,-0.009859,0.016521,-0.024515
1706616004,2252806,0.100556,-0.035913,-9.483433,-0.014655,0.019452,-0.022116
1706616004,2252832,0.052672,0.011971,-9.572019,-0.012524,0.017587,-0.017587
1706616004,2252858,0.107739,-0.045490,-9.581595,-0.015188,0.018919,-0.021317
1706616004,2252885,0.090980,-0.081403,-9.466674,-0.015721,0.016254,-0.022649
1706616004,2252913,0.136469,-0.040701,-9.528923,-0.013057,0.021317,-0.021850
1706616004,2252939,0.150835,-0.026336,-9.536105,-0.011724,0.017054,-0.021850
1706616004,2252965,0.122104,0.004788,-9.449914,-0.016521,0.017853,-0.019452
1706616004,2252991,0.090980,0.002394,-9.536105,-0.013856,0.016254,-0.021051
1706616004,2253017,0.055067,0.011971,-9.445126,-0.015721,0.020251,-0.017054
1706616004,2253044,0.093374,0.026336,-9.579201,-0.014655,0.015188,-0.021051
1706616004,2253070,0.143652,-0.011971,-9.579201,-0.015721,0.017853,-0.021850
1706616004,2253098,0.086191,-0.031125,-9.457097,-0.015455,0.012790,-0.023182
1706616004,2253125,0.155623,-0.014365,-9.504981,-0.015188,0.020251,-0.020518
1706616004,2253151,0.126893,-0.007183,-9.595961,-0.013590,0.019718,-0.021583
1706616004,2253177,0.093374,-0.047884,-9.466674,-0.016521,0.016254,-0.020784
1706616004,2253203,0.079009,-0.038307,-9.495404,-0.013856,0.014655,-0.019718
1706616004,2253229,0.110133,-0.014365,-9.548077,-0.015188,0.015188,-0.020784
1706616004,2253265,0.136469,-0.038307,-9.531317,-0.015988,0.015455,-0.018386
1706616004,2253292,0.098162,-0.035913,-9.562442,-0.015455,0.018652,-0.017320
1706616004,2253317,0.124498,0.014365,-9.504981,-0.010126,0.015988,-0.022383
1706616004,2253343,0.057461,-0.043096,-9.466674,-0.014655,0.018919,-0.021850
1706616004,2253369,0.095768,-0.009577,-9.504981,-0.014922,0.013323,-0.019452
1706616004,2253395,0.069432,0.035913,-9.519346,-0.014922,0.016254,-0.021317
1706616004,2253421,0.090980,-0.023942,-9.564836,-0.011991,0.018652,-0.021051
1706616004,2253449,0.067038,-0.040701,-9.581595,-0.013057,0.017320,-0.018652
1706616004,2253475,0.146046,0.009577,-9.490616,-0.011191,0.016521,-0.021583
1706616004,2253501,0.052672,0.002394,-9.526528,-0.013590,0.018919,-0.022916
1706616004,2253526,0.095768,-0.050278,-9.658210,-0.012257,0.018119,-0.019985
1706616004,2253552,0.124498,-0.007183,-9.569624,-0.014123,0.014922,-0.022383
1706616004,2253578,0.107739,0.019154,-9.440337,-0.014389,0.018919,-0.021583
1706616004,2253604,0.100556,-0.021548,-9.478644,-0.013057,0.018119,-0.021850
1706616004,2253632,0.050278,0.007183,-9.414001,-0.013590,0.016521,-0.020784
1706616004,2253658,0.105345,0.007183,-9.533711,-0.012790,0.017054,-0.022649
1706616004,2253684,0.095768,0.000000,-9.516952,-0.013323,0.018652,-0.023182
1706616004,2253710,0.062249,-0.050278,-9.507375,-0.014123,0.015988,-0.018919
1706616004,2253735,0.021548,0.026336,-9.545682,-0.013323,0.020251,-0.017853
1706616004,2253761,0.131681,0.021548,-9.504981,-0.017853,0.019452,-0.022649
1706616005,2253789,0.124498,0.028730,-9.548077,-0.015988,0.017587,-0.021850
1706616005,2253815,0.114922,-0.002394,-9.622296,-0.013590,0.015188,-0.023982
1706616005,2253841,0.057461,-0.028730,-9.476251,-0.014655,0.015988,-0.020251
1706616005,2253867,0.098162,-0.052672,-9.595961,-0.014123,0.015188,-0.019452
1706616005,2253893,0.064643,-0.023942,-9.478644,-0.013323,0.019718,-0.021051
1706616005,2253919,0.062249,-0.028730,-9.612720,-0.013856,0.017587,-0.020518
1706616005,2253944,0.102951,-0.014365,-9.567230,-0.011458,0.015455,-0.017320
1706616005,2253973,0.138864,-0.007183,-9.500193,-0.013590,0.015188,-0.022649
1706616005,2253999,0.064643,0.002394,-9.493010,-0.013856,0.017587,-0.019985
1706616005,2254024,0.129287,-0.023942,-9.493010,-0.017054,0.016254,-0.023715
1706616005,2254050,0.117316,0.023942,-9.507375,-0.014123,0.020518,-0.019185
1706616005,2254076,0.093374,-0.050278,-9.579201,-0.011458,0.015988,-0.022383
1706616005,2254102,0.100556,0.011971,-9.512163,-0.010658,0.016254,-0.020784
1706616005,2254128,0.153229,0.004788,-9.512163,-0.013057,0.016254,-0.018652
1706616005,2254156,0.093374,-0.031125,-9.557653,-0.013323,0.016787,-0.019718
1706616005,2254182,0.105345,0.007183,-9.519346,-0.013856,0.017853,-0.022916
1706616005,2254208,0.059855,-0.007183,-9.516952,-0.013856,0.014123,-0.020518
1706616005,2254233,0.114922,-0.059855,-9.533711,-0.017054,0.018919,-0.021317
1706616005,2254259,0.114922,0.026336,-9.528923,-0.011724,0.018919,-0.022116
1706616005,2254285,0.088585,-0.088585,-9.538500,-0.013323,0.016787,-0.021583
1706616005,2254311,0.117316,-0.047884,-9.428367,-0.014389,0.013590,-0.022649
1706616005,2254339,0.124498,-0.009577,-9.528923,-0.013057,0.018386,-0.019718
1706616005,2254365,0.153229,0.040701,-9.464279,-0.017853,0.015988,-0.020784
1706616005,2254391,0.059855,-0.019154,-9.493010,-0.012524,0.017320,-0.018652
1706616005,2254417,0.059855,0.026336,-9.598354,-0.012524,0.016787,-0.020518
1706616005,2254443,0.114922,0.055067,-9.516952,-0.011724,0.015188,-0.022116
1706616005,2254468,0.093374,-0.002394,-9.459491,-0.013590,0.017320,-0.023449
1706616005,2254497,0.110133,0.002394,-9.560047,-0.014389,0.017054,-0.019718
1706616005,2254522,0.165200,0.009577,-9.581595,-0.011991,0.017853,-0.021051
1706616005,2254548,0.064643,-0.026336,-9.555259,-0.015188,0.017320,-0.022916
1706616005,2254574,0.122104,0.031125,-9.516952,-0.013856,0.017054,-0.019452
1706616005,2254600,0.067038,0.000000,-9.442732,-0.015455,0.020251,-0.021850
1706616005,2254625,0.136469,-0.011971,-9.509769,-0.014389,0.018119,-0.022116
1706616005,2254651,0.124498,-0.028730,-9.564836,-0.013856,0.017320,-0.019718
1706616005,2254680,0.100556,0.002394,-9.567230,-0.013057,0.015721,-0.024248
1706616005,2254706,0.141258,-0.007183,-9.636662,-0.013590,0.018119,-0.022383
1706616005,2254732,0.083797,-0.019154,-9.512163,-0.014655,0.019185,-0.021317
1706616005,2254758,0.141258,-0.026336,-9.548077,-0.015455,0.019985,-0.023715
1706616006,2254784,0.136469,-0.007183,-9.526528,-0.013323,0.014123,-0.023449
1706616006,2254810,0.088585,-0.031125,-9.555259,-0.013590,0.016521,-0.024248
1706616006,2254836,0.064643,-0.007183,-9.627085,-0.016254,0.018919,-0.023449
1706616006,2254864,0.146046,-0.033519,-9.593566,-0.012257,0.015455,-0.019452
1706616006,2254891,0.083797,-0.038307,-9.545682,-0.012524,0.013856,-0.018119
1706616006,2254917,0.095768,-0.023942,-9.485827,-0.014123,0.017320,-0.022383
1706616006,2254943,0.102951,-0.067038,-9.548077,-0.014922,0.020784,-0.022649
1706616006,2254969,0.126893,0.026336,-9.447520,-0.013057,0.018386,-0.022116
1706616006,2254995,0.076614,-0.038307,-9.550470,-0.014922,0.014922,-0.017320
1706616006,2255024,0.076614,-0.011971,-9.466674,-0.015721,0.017320,-0.019452
1706616006,2255050,0.090980,-0.076614,-9.437943,-0.012524,0.019718,-0.019452
1706616006,2255076,0.064643,-0.040701,-9.557653,-0.014389,0.018652,-0.020784
1706616006,2255102,0.114922,-0.004788,-9.504981,-0.014123,0.014389,-0.022116
1706616006,2255129,0.129287,-0.004788,-9.557653,-0.013057,0.018119,-0.020251
1706616006,2255155,0.110133,0.028730,-9.459491,-0.014922,0.017853,-0.020251
1706616006,2255181,0.081403,-0.031125,-9.526528,-0.014389,0.018919,-0.015988
1706616006,2255209,0.110133,0.009577,-9.583989,-0.014655,0.015721,-0.018119
1706616006,2255235,0.131681,-0.004788,-9.493010,-0.014922,0.021051,-0.021317
1706616006,2255262,0.146046,0.019154,-9.548077,-0.015988,0.014655,-0.020251
1706616006,2255288,0.117316,0.021548,-9.672575,-0.013590,0.019985,-0.017587
1706616006,2255314,0.083797,-0.002394,-9.545682,-0.014389,0.015455,-0.019718
1706616006,2255340,0.076614,-0.043096,-9.598354,-0.013323,0.019985,-0.021583
1706616006,2255366,0.110133,0.000000,-9.555259,-0.014123,0.016787,-0.019985
1706616006,2255395,0.095768,-0.035913,-9.619903,-0.014123,0.020518,-0.020784
1706616006,2255421,0.107739,-0.033519,-9.557653,-0.013323,0.014655,-0.018919
1706616006,2255447,0.136469,-0.031125,-9.483433,-0.013057,0.020518,-0.023449
1706616006,2255473,0.131681,0.023942,-9.519346,-0.015188,0.014123,-0.021583
1706616006,2255500,0.136469,-0.031125,-9.485827,-0.015455,0.016787,-0.025047
1706616006,2255526,0.098162,-0.009577,-9.521740,-0.017587,0.018119,-0.021583
1706616006,2255554,0.117316,-0.007183,-9.514558,-0.014123,0.017320,-0.022116
1706616006,2255580,0.088585,-0.052672,-9.512163,-0.012790,0.016254,-0.022649
1706616006,2255607,0.169988,0.021548,-9.543288,-0.013590,0.015988,-0.021583
1706616006,2255633,0.131681,-0.014365,-9.526528,-0.014655,0.017320,-0.022116
1706616006,2255659,0.098162,-0.040701,-9.495404,-0.011191,0.016521,-0.022116
1706616006,2255685,0.069432,-0.023942,-9.576807,-0.013590,0.015455,-0.020518
1706616006,2255711,0.086191,-0.035913,-9.437943,-0.014389,0.016254,-0.021051
1706616006,2255740,0.122104,0.004788,-9.557653,-0.013323,0.018919,-0.019718
1706616006,2255766,0.079009,-0.055067,-9.545682,-0.014389,0.018386,-0.017587
1706616007,2255792,0.071826,-0.021548,-9.447520,-0.014922,0.018119,-0.021583
1706616007,2255818,0.148441,-0.122104,-9.526528,-0.013057,0.022116,-0.021583
1706616007,2255844,0.081403,-0.031125,-9.603143,-0.011458,0.014655,-0.018652
1706616007,2255870,0.143652,-0.014365,-9.488221,-0.013590,0.015455,-0.025314
1706616007,2255896,0.148441,0.026336,-9.497798,-0.013057,0.014922,-0.021051
1706616007,2255925,0.117316,-0.050278,-9.536105,-0.013856,0.017587,-0.020518
1706616007,2255951,0.143652,0.002394,-9.495404,-0.014123,0.018386,-0.019985
1706616007,2255977,0.064643,0.000000,-9.550470,-0.013590,0.014655,-0.023182
1706616007,2256003,0.067038,-0.026336,-9.418790,-0.012524,0.017853,-0.020784
1706616007,2256029,0.064643,-0.021548,-9.519346,-0.013057,0.019452,-0.022383
1706616007,2256055,0.138864,-0.023942,-9.531317,-0.014922,0.015721,-0.020784
1706616007,2256091,0.107739,0.019154,-9.464279,-0.013590,0.018919,-0.022383
1706616007,2256118,0.112527,0.023942,-9.514558,-0.011458,0.018386,-0.021850
1706616007,2256144,0.055067,0.002394,-9.576807,-0.014655,0.019185,-0.023449
1706616007,2256170,0.107739,-0.095768,-9.550470,-0.011724,0.019718,-0.021317
1706616007,2256196,0.064643,-0.014365,-9.493010,-0.013856,0.018919,-0.020784
1706616007,2256221,0.079009,-0.038307,-9.488221,-0.015721,0.018386,-0.021051
1706616007,2256247,0.079009,0.011971,-9.454702,-0.014922,0.019718,-0.022116
1706616007,2256275,0.102951,-0.019154,-9.495404,-0.013856,0.017853,-0.017853
1706616007,2256301,0.062249,0.004788,-9.476251,-0.014123,0.015988,-0.019452
1706616007,2256327,0.076614,-0.011971,-9.416395,-0.015455,0.019718,-0.018386
1706616007,2256353,0.172383,0.009577,-9.524135,-0.010925,0.014389,-0.021583
1706616007,2256379,0.057461,-0.050278,-9.495404,-0.015455,0.020518,-0.018652
1706616007,2256404,0.110133,-0.011971,-9.512163,-0.012790,0.016787,-0.019985
1706616007,2256430,0.069432,0.076614,-9.495404,-0.014655,0.014922,-0.021051
1706616007,2256458,0.124498,-0.050278,-9.493010,-0.013856,0.020251,-0.019718
1706616007,2256484,0.081403,-0.052672,-9.560047,-0.011724,0.016254,-0.022649
1706616007,2256510,0.088585,-0.011971,-9.548077,-0.012524,0.015721,-0.023715
1706616007,2256536,0.069432,0.016759,-9.526528,-0.011991,0.018119,-0.024781
1706616007,2256562,0.126893,0.014365,-9.473856,-0.015988,0.016787,-0.019185
1706616007,2256588,0.155623,0.023942,-9.502586,-0.013323,0.017587,-0.020518
1706616007,2256616,0.064643,0.023942,-9.483433,-0.012257,0.019452,-0.023182
1706616007,2256642,0.131681,-0.031125,-9.567230,-0.012790,0.017320,-0.018652
1706616007,2256668,0.100556,-0.019154,-9.459491,-0.012257,0.017587,-0.018119
1706616007,2256694,0.138864,0.004788,-9.548077,-0.016521,0.015188,-0.022649
1706616007,2256719,0.057461,-0.004788,-9.500193,-0.013323,0.017587,-0.019185
1706616007,2256745,0.079009,-0.038307,-9.502586,-0.012524,0.016787,-0.022116
1706616007,2256771,0.090980,-0.007183,-9.536105,-0.013323,0.016254,-0.019985
1706616008,2256799,0.131681,-0.045490,-9.564836,-0.011191,0.015455,-0.021051
1706616008,2256825,0.088585,0.009577,-9.531317,-0.012790,0.018386,-0.024515
1706616008,2256851,0.095768,-0.004788,-9.464279,-0.016254,0.016787,-0.024515
1706616008,2256877,0.055067,0.035913,-9.524135,-0.014922,0.017320,-0.019185
1706616008,2256903,0.055067,0.007183,-9.471462,-0.015455,0.017853,-0.022916
1706616008,2256929,0.102951,-0.028730,-9.540894,-0.015721,0.016521,-0.019452
1706616008,2256955,0.124498,0.028730,-9.495404,-0.014389,0.017587,-0.022116
1706616008,2256983,0.112527,-0.014365,-9.490616,-0.014922,0.019185,-0.018386
1706616008,2257009,0.169988,0.028730,-9.533711,-0.013057,0.019718,-0.021850
1706616008,2257035,0.062249,-0.050278,-9.502586,-0.014655,0.018386,-0.024248
1706616008,2257060,0.088585,-0.026336,-9.598354,-0.015188,0.016521,-0.025047
1706616008,2257086,0.143652,0.009577,-9.574412,-0.014123,0.015188,-0.022383
1706616008,2257112,0.117316,-0.016759,-9.425972,-0.015188,0.022383,-0.018119
1706616008,2257141,0.081403,-0.035913,-9.536105,-0.011991,0.022916,-0.020518
1706616008,2257167,0.076614,-0.004788,-9.524135,-0.014389,0.015988,-0.020518
1706616008,2257192,0.098162,-0.014365,-9.526528,-0.014655,0.021051,-0.020784
1706616008,2257218,0.062249,-0.031125,-9.533711,-0.011458,0.015988,-0.022916
1706616008,2257244,0.076614,-0.021548,-9.449914,-0.014123,0.017320,-0.019185
1706616008,2257270,0.126893,-0.026336,-9.600749,-0.013323,0.015721,-0.022383
1706616008,2257296,0.141258,-0.055067,-9.516952,-0.014123,0.019185,-0.019985
1706616008,2257324,0.102951,-0.002394,-9.490616,-0.012257,0.019718,-0.020251
1706616008,2257350,0.169988,0.011971,-9.497798,-0.015455,0.019718,-0.019452
1706616008,2257376,0.150835,-0.043096,-9.433155,-0.014655,0.017320,-0.022383
1706616008,2257401,0.150835,-0.059855,-9.526528,-0.014389,0.018119,-0.020784
1706616008,2257427,0.059855,-0.040701,-9.593566,-0.013323,0.019185,-0.021850
1706616008,2257453,0.090980,-0.047884,-9.509769,-0.013856,0.017853,-0.023449
1706616008,2257479,0.114922,0.002394,-9.461885,-0.012257,0.017320,-0.021051
1706616008,2257507,0.069432,-0.009577,-9.488221,-0.014655,0.018119,-0.022116
1706616008,2257533,0.138864,-0.011971,-9.545682,-0.011991,0.018652,-0.020251
1706616008,2257559,0.114922,-0.043096,-9.481039,-0.012257,0.017853,-0.022383
1706616008,2257585,0.105345,-0.002394,-9.538500,-0.011458,0.013590,-0.021850
1706616008,2257611,0.129287,-0.033519,-9.502586,-0.014922,0.016254,-0.022116
1706616008,2257637,0.100556,-0.055067,-9.504981,-0.013323,0.020518,-0.019718
1706616008,2257666,0.160412,-0.011971,-9.507375,-0.014123,0.016787,-0.021850
1706616008,2257692,0.057461,-0.033519,-9.497798,-0.011724,0.019185,-0.022116
1706616008,2257718,0.098162,-0.011971,-9.481039,-0.013856,0.018119,-0.018652
1706616008,2257744,0.119710,-0.016759,-9.459491,-0.012790,0.016254,-0.019718
1706616008,2257770,0.055067,-0.040701,-9.536105,-0.012790,0.015988,-0.021051
1706616009,2257797,0.088585,-0.021548,-9.481039,-0.014389,0.017853,-0.019985
1706616009,2257823,0.069432,0.026336,-9.629479,-0.013856,0.014389,-0.020784
1706616009,2257851,0.100556,-0.033519,-9.581595,-0.013323,0.016787,-0.018652
1706616009,2257877,0.090980,-0.011971,-9.504981,-0.013856,0.015988,-0.021583
1706616009,2257904,0.122104,-0.038307,-9.464279,-0.013590,0.020518,-0.021051
1706616009,2257930,0.110133,-0.028730,-9.552865,-0.014389,0.019985,-0.022116
1706616009,2257956,0.112527,-0.009577,-9.627085,-0.016521,0.018386,-0.022649
1706616009,2257982,0.124498,0.023942,-9.493010,-0.013057,0.016787,-0.019452
1706616009,2258008,0.141258,-0.009577,-9.502586,-0.014389,0.015988,-0.023182
1706616009,2258037,0.064643,0.000000,-9.519346,-0.011458,0.020251,-0.023449
1706616009,2258063,0.059855,-0.016759,-9.502586,-0.014123,0.018119,-0.023182
1706616009,2258089,0.193930,-0.016759,-9.483433,-0.012790,0.021317,-0.019985
1706616009,2258115,0.117316,-0.014365,-9.531317,-0.009859,0.018386,-0.019452
1706616009,2258141,0.105345,-0.040701,-9.502586,-0.015988,0.015455,-0.021051
1706616009,2258167,0.047884,-0.026336,-9.536105,-0.011458,0.018652,-0.020784
1706616009,2258196,0.114922,-0.021548,-9.512163,-0.011724,0.017320,-0.017853
1706616009,2258222,0.055067,-0.014365,-9.552865,-0.014655,0.015721,-0.022383
1706616009,2258248,0.083797,-0.026336,-9.557653,-0.011458,0.019185,-0.019985
1706616009,2258274,0.150835,-0.028730,-9.514558,-0.015188,0.018652,-0.020784
1706616009,2258300,0.088585,-0.047884,-9.485827,-0.012524,0.020518,-0.020784
1706616009,2258326,0.102951,-0.047884,-9.574412,-0.015455,0.016254,-0.020518
1706616009,2258353,0.083797,0.014365,-9.533711,-0.013590,0.016787,-0.022383
1706616009,2258381,0.107739,0.045490,-9.576807,-0.012257,0.017853,-0.021317
1706616009,2258407,0.114922,-0.014365,-9.524135,-0.012524,0.019185,-0.018119
1706616009,2258434,0.119710,-0.031125,-9.557653,-0.013323,0.014922,-0.022649
1706616009,2258460,0.074220,-0.026336,-9.615114,-0.015188,0.017587,-0.022116
1706616009,2258486,0.086191,0.000000,-9.514558,-0.013590,0.018386,-0.020518
1706616009,2258512,0.074220,-0.011971,-9.497798,-0.013856,0.020518,-0.022383
1706616009,2258538,0.038307,0.011971,-9.569624,-0.013323,0.018119,-0.021051
1706616009,2258567,0.100556,-0.023942,-9.622296,-0.013590,0.019718,-0.017320
1706616009,2258593,0.110133,-0.014365,-9.531317,-0.011724,0.020784,-0.018652
1706616009,2258619,0.081403,0.011971,-9.454702,-0.012790,0.017054,-0.019718
1706616009,2258645,0.155623,-0.031125,-9.483433,-0.014123,0.016521,-0.021583
1706616009,2258671,0.155623,0.000000,-9.502586,-0.016521,0.018386,-0.022383
1706616009,2258697,0.079009,-0.052672,-9.495404,-0.013590,0.016254,-0.021317
1706616009,2258726,0.074220,-0.016759,-9.514558,-0.011724,0.018386,-0.022116
1706616009,2258752,0.122104,-0.026336,-9.440337,-0.012524,0.017853,-0.020518
