timestamp,millis,AccX,AccY,AccZ,GyroX,GyroY,GyroZ
1703069339,1524357,0.201113,0.031125,-9.562442
1703069339,1524379,0.196325,0.014365,-9.414001
1703069339,1524398,0.213084,0.026336,-9.445126
1703069339,1524417,0.227449,0.033519,-9.560047
1703069339,1524436,0.215478,0.016759,-9.385271
1703069339,1524454,0.186748,0.079009,-9.476251
1703069339,1524473,0.215478,0.007183,-9.397242
1703069339,1524492,0.114922,-0.004788,-9.437943
1703069339,1524511,0.213084,0.023942,-9.483433
1703069339,1524530,0.169988,0.090980,-9.442732
1703069339,1524549,0.165200,0.033519,-9.454702
1703069339,1524570,0.179565,0.035913,-9.576807
1703069339,1524589,0.198719,0.028730,-9.433155
1703069339,1524608,0.203507,0.016759,-9.466674
1703069339,1524627,0.225055,0.028730,-9.433155
1703069339,1524646,0.227449,0.079009,-9.425972
1703069339,1524665,0.205901,0.035913,-9.543288
1703069339,1524684,0.225055,0.067038,-9.447520
1703069339,1524703,0.205901,0.033519,-9.557653
1703069339,1524721,0.186748,-0.023942,-9.526528
1703069339,1524740,0.165200,-0.059855,-9.449914
1703069339,1524759,0.162806,-0.021548,-9.437943
1703069339,1524780,0.150835,0.026336,-9.481039
1703069339,1524799,0.189142,0.059855,-9.428367
1703069339,1524818,0.146046,-0.011971,-9.375694
1703069339,1524837,0.205901,0.059855,-9.449914
1703069339,1524856,0.158017,0.019154,-9.414001
1703069339,1524875,0.191536,0.074220,-9.485827
1703069339,1524894,0.208296,-0.016759,-9.449914
1703069339,1524913,0.181959,-0.004788,-9.454702
1703069339,1524932,0.208296,0.011971,-9.497798
1703069339,1524951,0.201113,0.023942,-9.497798
1703069339,1524969,0.155623,0.033519,-9.430760
1703069339,1524991,0.196325,0.028730,-9.524135
1703069339,1525010,0.196325,0.045490,-9.478644
1703069339,1525028,0.160412,0.000000,-9.495404
1703069339,1525047,0.174777,0.064643,-9.531317
1703069339,1525066,0.165200,-0.011971,-9.504981
1703069339,1525085,0.246603,0.033519,-9.428367
1703069339,1525104,0.198719,0.067038,-9.519346
1703069339,1525123,0.181959,-0.016759,-9.516952
1703069339,1525142,0.184354,0.014365,-9.533711
1703069339,1525161,0.208296,0.059855,-9.476251
1703069339,1525180,0.251391,0.062249,-9.452309
1703069339,1525201,0.179565,0.019154,-9.454702
1703069339,1525220,0.179565,0.038307,-9.533711
1703069339,1525239,0.205901,0.057461,-9.528923
1703069339,1525257,0.244209,0.064643,-9.481039
1703069339,1525276,0.193930,0.035913,-9.430760
1703069339,1525295,0.150835,-0.011971,-9.483433
1703069339,1525314,0.213084,0.059855,-9.366117
1703069339,1525333,0.258574,0.071826,-9.459491
1703069340,1525352,0.201113,0.090980,-9.528923
1703069340,1525370,0.155623,0.071826,-9.461885
1703069340,1525389,0.205901,0.000000,-9.485827
1703069340,1525410,0.237026,0.014365,-9.469068
1703069340,1525430,0.138864,-0.007183,-9.469068
1703069340,1525449,0.191536,0.014365,-9.437943
1703069340,1525468,0.184354,0.031125,-9.567230
1703069340,1525487,0.205901,0.057461,-9.526528
1703069340,1525506,0.196325,-0.076614,-9.493010
1703069340,1525525,0.172383,-0.023942,-9.457097
1703069340,1525544,0.181959,0.011971,-9.500193
1703069340,1525563,0.162806,0.014365,-9.533711
1703069340,1525583,0.253785,0.002394,-9.485827
1703069340,1525602,0.131681,0.052672,-9.483433
1703069340,1525623,0.232238,0.019154,-9.516952
1703069340,1525643,0.225055,0.055067,-9.552865
1703069340,1525662,0.232238,0.009577,-9.495404
1703069340,1525681,0.244209,0.026336,-9.476251
1703069340,1525700,0.179565,0.031125,-9.392453
1703069340,1525719,0.193930,0.016759,-9.502586
1703069340,1525738,0.184354,0.035913,-9.397242
1703069340,1525758,0.237026,0.110133,-9.519346
1703069340,1525777,0.203507,0.028730,-9.459491
1703069340,1525796,0.208296,0.019154,-9.493010
1703069340,1525815,0.234632,0.079009,-9.481039
1703069340,1525837,0.189142,0.038307,-9.488221
1703069340,1525856,0.213084,0.033519,-9.483433
1703069340,1525875,0.177171,0.043096,-9.488221
1703069340,1525895,0.196325,-0.019154,-9.469068
1703069340,1525914,0.232238,0.035913,-9.576807
1703069340,1525933,0.174777,0.004788,-9.512163
1703069340,1525952,0.210690,-0.059855,-9.483433
1703069340,1525971,0.251391,0.009577,-9.449914
1703069340,1525991,0.222661,0.055067,-9.495404
1703069340,1526010,0.239420,0.064643,-9.437943
1703069340,1526031,0.234632,0.043096,-9.469068
1703069340,1526051,0.179565,0.000000,-9.423578
1703069340,1526070,0.205901,0.100556,-9.449914
1703069340,1526089,0.198719,0.028730,-9.512163
1703069340,1526108,0.210690,0.083797,-9.528923
1703069340,1526127,0.177171,0.043096,-9.449914
1703069340,1526147,0.270545,0.055067,-9.504981
1703069340,1526166,0.177171,0.067038,-9.588778
1703069340,1526185,0.210690,-0.002394,-9.490616
1703069340,1526204,0.153229,0.014365,-9.471462
1703069340,1526223,0.203507,0.055067,-9.562442
1703069340,1526245,0.222661,0.057461,-9.516952
1703069340,1526264,0.277727,0.035913,-9.471462
1703069340,1526283,0.179565,0.052672,-9.502586
1703069340,1526303,0.146046,0.038307,-9.469068
1703069340,1526322,0.213084,0.007183,-9.495404
1703069341,1526341,0.186748,-0.014365,-9.473856
1703069341,1526360,0.210690,0.071826,-9.548077
1703069341,1526379,0.174777,0.093374,-9.504981
1703069341,1526399,0.191536,0.038307,-9.483433
1703069341,1526418,0.184354,0.026336,-9.490616
1703069341,1526437,0.208296,0.021548,-9.490616
1703069341,1526459,0.179565,0.028730,-9.504981
1703069341,1526478,0.234632,0.102951,-9.449914
1703069341,1526497,0.181959,0.031125,-9.435549
1703069341,1526516,0.241814,0.033519,-9.471462
1703069341,1526536,0.141258,-0.014365,-9.433155
1703069341,1526555,0.169988,0.045490,-9.476251
1703069341,1526574,0.210690,0.038307,-9.402030
1703069341,1526593,0.229843,0.081403,-9.452309
1703069341,1526612,0.198719,0.004788,-9.332599
1703069341,1526632,0.148441,-0.002394,-9.370906
1703069341,1526651,0.148441,0.021548,-9.528923
1703069341,1526672,0.229843,-0.002394,-9.454702
1703069341,1526692,0.263362,0.019154,-9.519346
1703069341,1526711,0.198719,0.028730,-9.490616
1703069341,1526730,0.186748,0.095768,-9.423578
1703069341,1526749,0.181959,0.045490,-9.452309
1703069341,1526768,0.181959,0.031125,-9.504981
1703069341,1526788,0.189142,0.000000,-9.524135
1703069341,1526807,0.210690,0.038307,-9.531317
1703069341,1526826,0.186748,0.031125,-9.543288
1703069341,1526845,0.198719,0.028730,-9.428367
1703069341,1526864,0.167594,0.026336,-9.454702
1703069341,1526886,0.174777,0.033519,-9.488221
1703069341,1526905,0.220267,0.057461,-9.500193
1703069341,1526924,0.162806,-0.002394,-9.430760
1703069341,1526943,0.215478,0.062249,-9.464279
1703069341,1526963,0.234632,0.047884,-9.459491
1703069341,1526982,0.246603,0.009577,-9.488221
1703069341,1527001,0.186748,0.047884,-9.550470
1703069341,1527020,0.174777,-0.023942,-9.500193
1703069341,1527039,0.201113,0.055067,-9.447520
1703069341,1527058,0.158017,0.028730,-9.433155
1703069341,1527077,0.148441,0.043096,-9.406818
1703069341,1527107,0.201113,-0.002394,-9.445126
1703069341,1527127,0.203507,0.023942,-9.428367
1703069341,1527145,0.213084,0.026336,-9.442732
1703069341,1527164,0.205901,0.052672,-9.490616
1703069341,1527183,0.232238,0.050278,-9.449914
1703069341,1527202,0.232238,0.071826,-9.473856
1703069341,1527221,0.205901,0.069432,-9.514558
1703069341,1527240,0.165200,0.076614,-9.481039
1703069341,1527259,0.162806,0.074220,-9.437943
1703069341,1527277,0.174777,0.057461,-9.497798
1703069341,1527296,0.169988,0.086191,-9.526528
1703069341,1527318,0.172383,0.014365,-9.476251
1703069341,1527336,0.169988,0.000000,-9.473856
1703069342,1527355,0.193930,0.057461,-9.531317
1703069342,1527374,0.155623,0.021548,-9.569624
1703069342,1527393,0.196325,0.009577,-9.476251
1703069342,1527412,0.148441,0.090980,-9.543288
1703069342,1527431,0.186748,0.074220,-9.483433
1703069342,1527450,0.220267,0.021548,-9.634268
1703069342,1527469,0.167594,0.016759,-9.538500
1703069342,1527488,0.237026,0.000000,-9.493010
1703069342,1527509,0.179565,0.009577,-9.478644
1703069342,1527528,0.210690,0.002394,-9.576807
1703069342,1527547,0.165200,0.045490,-9.524135
1703069342,1527566,0.227449,0.067038,-9.473856
1703069342,1527585,0.225055,0.023942,-9.569624
1703069342,1527604,0.196325,0.050278,-9.406818
1703069342,1527623,0.189142,0.050278,-9.481039
1703069342,1527642,0.215478,0.011971,-9.464279
1703069342,1527660,0.165200,0.081403,-9.567230
1703069342,1527679,0.181959,0.002394,-9.411607
1703069342,1527698,0.160412,-0.004788,-9.469068
1703069342,1527720,0.241814,0.033519,-9.504981
1703069342,1527738,0.203507,0.057461,-9.538500
1703069342,1527757,0.162806,0.014365,-9.473856
1703069342,1527776,0.205901,0.043096,-9.423578
1703069342,1527795,0.143652,0.021548,-9.358934
1703069342,1527814,0.162806,0.014365,-9.473856
1703069342,1527833,0.239420,0.019154,-9.466674
1703069342,1527852,0.201113,0.045490,-9.481039
1703069342,1527871,0.196325,0.011971,-9.471462
1703069342,1527890,0.186748,0.090980,-9.454702
1703069342,1527909,0.222661,0.011971,-9.385271
1703069342,1527930,0.215478,0.045490,-9.447520
1703069342,1527949,0.217872,0.043096,-9.402030
1703069342,1527968,0.181959,0.016759,-9.454702
1703069342,1527987,0.232238,-0.019154,-9.406818
1703069342,1528005,0.193930,0.023942,-9.435549
1703069342,1528024,0.272939,0.050278,-9.483433
1703069342,1528043,0.191536,0.011971,-9.540894
1703069342,1528062,0.203507,0.043096,-9.433155
1703069342,1528081,0.234632,0.035913,-9.423578
1703069342,1528100,0.244209,0.043096,-9.543288
1703069342,1528119,0.193930,0.047884,-9.493010
1703069342,1528140,0.174777,-0.009577,-9.452309
1703069342,1528159,0.220267,-0.004788,-9.430760
1703069342,1528178,0.158017,0.016759,-9.430760
1703069342,1528197,0.198719,0.033519,-9.459491
1703069342,1528216,0.186748,0.086191,-9.425972
1703069342,1528235,0.160412,0.079009,-9.521740
1703069342,1528254,0.205901,0.047884,-9.440337
1703069342,1528272,0.248997,0.064643,-9.521740
1703069342,1528291,0.232238,0.090980,-9.528923
1703069342,1528310,0.186748,0.014365,-9.399636
1703069342,1528329,0.141258,0.004788,-9.548077
1703069343,1528350,0.141258,0.079009,-9.600749
1703069343,1528369,0.184354,0.016759,-9.469068
1703069343,1528388,0.129287,0.035913,-9.437943
1703069343,1528407,0.165200,0.014365,-9.495404
1703069343,1528426,0.201113,0.000000,-9.485827
1703069343,1528445,0.215478,0.064643,-9.449914
1703069343,1528464,0.222661,0.040701,-9.368511
1703069343,1528483,0.248997,0.014365,-9.440337
1703069343,1528502,0.265756,0.052672,-9.490616
1703069343,1528521,0.181959,0.026336,-9.469068
1703069343,1528540,0.158017,-0.009577,-9.397242
1703069343,1528561,0.244209,0.069432,-9.502586
1703069343,1528580,0.177171,0.045490,-9.509769
1703069343,1528598,0.146046,-0.050278,-9.536105
1703069343,1528617,0.268151,0.059855,-9.428367
1703069343,1528636,0.160412,0.004788,-9.471462
1703069343,1528655,0.201113,0.016759,-9.490616
1703069343,1528674,0.186748,0.050278,-9.430760
1703069343,1528693,0.181959,0.002394,-9.493010
1703069343,1528711,0.148441,0.052672,-9.478644
1703069343,1528730,0.131681,0.000000,-9.416395
1703069343,1528749,0.191536,0.031125,-9.500193
1703069343,1528770,0.196325,0.035913,-9.469068
1703069343,1528789,0.141258,0.057461,-9.538500
1703069343,1528808,0.181959,0.071826,-9.425972
1703069343,1528828,0.203507,0.033519,-9.428367
1703069343,1528847,0.160412,0.016759,-9.466674
1703069343,1528866,0.217872,0.035913,-9.385271
1703069343,1528885,0.232238,0.021548,-9.445126
1703069343,1528904,0.201113,0.031125,-9.473856
1703069343,1528923,0.217872,0.038307,-9.493010
1703069343,1528942,0.272939,0.019154,-9.507375
1703069343,1528961,0.208296,0.040701,-9.485827
1703069343,1528983,0.191536,0.026336,-9.504981
1703069343,1529002,0.232238,0.064643,-9.437943
1703069343,1529021,0.275333,0.067038,-9.435549
1703069343,1529041,0.186748,0.016759,-9.452309
1703069343,1529060,0.208296,0.105345,-9.476251
1703069343,1529079,0.205901,0.067038,-9.516952
1703069343,1529098,0.155623,0.026336,-9.423578
1703069343,1529117,0.177171,-0.011971,-9.397242
1703069343,1529137,0.141258,0.045490,-9.485827
1703069343,1529156,0.184354,0.007183,-9.433155
1703069343,1529177,0.244209,0.052672,-9.445126
1703069343,1529197,0.191536,0.035913,-9.481039
1703069343,1529216,0.198719,0.021548,-9.457097
1703069343,1529235,0.134075,0.043096,-9.433155
1703069343,1529254,0.213084,0.100556,-9.493010
1703069343,1529273,0.184354,0.071826,-9.519346
1703069343,1529293,0.198719,-0.074220,-9.428367
1703069343,1529312,0.229843,0.076614,-9.418790
1703069343,1529331,0.234632,0.119710,-9.375694
1703069344,1529350,0.210690,0.067038,-9.550470
1703069344,1529369,0.258574,0.011971,-9.560047
1703069344,1529391,0.213084,-0.011971,-9.509769
1703069344,1529410,0.158017,0.016759,-9.476251
1703069344,1529429,0.191536,0.002394,-9.457097
1703069344,1529449,0.150835,0.102951,-9.464279
1703069344,1529468,0.179565,0.079009,-9.449914
1703069344,1529487,0.196325,0.021548,-9.454702
1703069344,1529506,0.169988,0.021548,-9.545682
1703069344,1529525,0.248997,0.076614,-9.469068
1703069344,1529545,0.215478,0.083797,-9.469068
1703069344,1529564,0.201113,0.059855,-9.555259
1703069344,1529583,0.165200,0.026336,-9.447520
1703069344,1529605,0.268151,0.069432,-9.430760
1703069344,1529624,0.181959,0.057461,-9.440337
1703069344,1529643,0.186748,0.045490,-9.445126
1703069344,1529662,0.174777,-0.002394,-9.452309
1703069344,1529681,0.193930,0.031125,-9.433155
1703069344,1529701,0.196325,0.064643,-9.521740
1703069344,1529720,0.213084,0.014365,-9.495404
1703069344,1529739,0.213084,0.004788,-9.478644
1703069344,1529758,0.227449,0.035913,-9.524135
1703069344,1529777,0.208296,0.050278,-9.524135
1703069344,1529797,0.213084,0.023942,-9.459491
1703069344,1529818,0.198719,-0.002394,-9.548077
1703069344,1529837,0.181959,0.052672,-9.519346
1703069344,1529857,0.205901,0.019154,-9.428367
1703069344,1529876,0.155623,0.026336,-9.397242
1703069344,1529895,0.244209,0.090980,-9.449914
1703069344,1529914,0.208296,0.043096,-9.469068
1703069344,1529933,0.198719,0.002394,-9.380483
1703069344,1529953,0.131681,0.064643,-9.481039
1703069344,1529972,0.160412,0.002394,-9.447520
1703069344,1529991,0.158017,0.031125,-9.418790
1703069344,1530010,0.203507,0.019154,-9.430760
1703069344,1530032,0.217872,0.023942,-9.507375
1703069344,1530051,0.232238,0.021548,-9.519346
1703069344,1530070,0.201113,0.047884,-9.552865
1703069344,1530089,0.193930,0.088585,-9.447520
1703069344,1530109,0.229843,0.021548,-9.526528
1703069344,1530128,0.146046,-0.038307,-9.502586
1703069344,1530147,0.263362,-0.011971,-9.476251
1703069344,1530166,0.232238,0.038307,-9.435549
1703069344,1530185,0.167594,0.038307,-9.540894
1703069344,1530205,0.217872,-0.004788,-9.533711
1703069344,1530224,0.203507,0.019154,-9.488221
1703069344,1530245,0.129287,0.079009,-9.394848
1703069344,1530265,0.138864,0.031125,-9.526528
1703069344,1530284,0.181959,0.067038,-9.318233
1703069344,1530303,0.150835,0.050278,-9.485827
1703069344,1530322,0.229843,0.050278,-9.555259
1703069345,1530341,0.246603,0.038307,-9.514558
1703069345,1530360,0.181959,0.040701,-9.454702
1703069345,1530380,0.208296,0.081403,-9.466674
1703069345,1530399,0.203507,0.064643,-9.473856
1703069345,1530418,0.186748,0.122104,-9.524135
1703069345,1530437,0.167594,0.028730,-9.428367
1703069345,1530466,0.201113,0.071826,-9.461885
1703069345,1530486,0.251391,0.064643,-9.452309
1703069345,1530505,0.201113,0.088585,-9.478644
1703069345,1530524,0.162806,0.028730,-9.404425
1703069345,1530543,0.196325,0.023942,-9.500193
1703069345,1530562,0.227449,0.083797,-9.516952
1703069345,1530580,0.181959,0.009577,-9.430760
1703069345,1530599,0.222661,0.014365,-9.473856
1703069345,1530618,0.129287,0.067038,-9.495404
1703069345,1530637,0.100556,0.043096,-9.476251
1703069345,1530656,0.229843,0.019154,-9.406818
1703069345,1530677,0.210690,-0.059855,-9.490616
1703069345,1530696,0.179565,0.079009,-9.411607
1703069345,1530715,0.179565,0.028730,-9.516952
1703069345,1530734,0.203507,0.033519,-9.464279
1703069345,1530753,0.229843,-0.002394,-9.449914
1703069345,1530772,0.165200,0.052672,-9.428367
1703069345,1530791,0.167594,0.021548,-9.493010
1703069345,1530810,0.153229,0.040701,-9.375694
1703069345,1530839,0.227449,0.033519,-9.504981
1703069345,1530858,0.150835,0.100556,-9.536105
1703069345,1530879,0.203507,0.074220,-9.428367
1703069345,1530898,0.191536,0.016759,-9.562442
1703069345,1530917,0.201113,0.035913,-9.526528
1703069345,1530936,0.201113,0.047884,-9.452309
1703069345,1530955,0.198719,0.057461,-9.459491
1703069345,1530973,0.205901,0.031125,-9.485827
1703069345,1530992,0.237026,0.028730,-9.483433
1703069345,1531011,0.165200,0.000000,-9.349358
1703069345,1531030,0.222661,0.050278,-9.507375
1703069345,1531049,0.184354,0.035913,-9.457097
1703069345,1531068,0.162806,-0.014365,-9.433155
1703069345,1531089,0.205901,0.040701,-9.435549
1703069345,1531108,0.227449,0.050278,-9.490616
1703069345,1531127,0.198719,0.021548,-9.540894
1703069345,1531146,0.186748,-0.028730,-9.425972
1703069345,1531165,0.248997,0.067038,-9.378088
1703069345,1531184,0.256180,0.004788,-9.567230
1703069345,1531203,0.155623,0.090980,-9.483433
1703069345,1531221,0.198719,0.028730,-9.464279
1703069345,1531240,0.244209,0.016759,-9.469068
1703069345,1531259,0.169988,0.019154,-9.402030
1703069345,1531278,0.198719,0.002394,-9.562442
1703069345,1531299,0.232238,0.035913,-9.425972
1703069345,1531318,0.160412,0.059855,-9.490616
1703069345,1531337,0.193930,0.057461,-9.385271
1703069346,1531356,0.248997,0.071826,-9.488221
1703069346,1531375,0.229843,-0.028730,-9.435549
1703069346,1531394,0.244209,-0.028730,-9.483433
1703069346,1531413,0.229843,0.021548,-9.550470
1703069346,1531432,0.193930,0.090980,-9.469068
1703069346,1531451,0.203507,0.057461,-9.485827
1703069346,1531470,0.213084,0.002394,-9.478644
1703069346,1531489,0.160412,0.055067,-9.473856
1703069346,1531510,0.172383,0.067038,-9.481039
1703069346,1531529,0.181959,0.093374,-9.581595
1703069346,1531548,0.239420,0.059855,-9.531317
1703069346,1531567,0.275333,0.043096,-9.516952
1703069346,1531585,0.234632,0.045490,-9.560047
1703069346,1531604,0.181959,0.011971,-9.478644
1703069346,1531623,0.186748,0.081403,-9.454702
1703069346,1531642,0.225055,0.000000,-9.533711
1703069346,1531661,0.208296,0.043096,-9.504981
1703069346,1531680,0.143652,0.016759,-9.476251
1703069346,1531699,0.239420,0.014365,-9.425972
1703069346,1531720,0.220267,0.002394,-9.457097
1703069346,1531739,0.153229,0.038307,-9.414001
1703069346,1531758,0.253785,-0.011971,-9.524135
1703069346,1531777,0.198719,0.007183,-9.469068
1703069346,1531796,0.237026,0.007183,-9.442732
1703069346,1531815,0.179565,0.062249,-9.437943
1703069346,1531834,0.191536,0.059855,-9.526528
1703069346,1531852,0.153229,0.035913,-9.478644
1703069346,1531871,0.227449,0.021548,-9.454702
1703069346,1531890,0.225055,0.028730,-9.404425
1703069346,1531909,0.203507,0.014365,-9.464279
1703069346,1531930,0.191536,-0.026336,-9.567230
1703069346,1531949,0.198719,-0.004788,-9.531317
1703069346,1531968,0.208296,-0.040701,-9.433155
1703069346,1531987,0.272939,0.004788,-9.543288
1703069346,1532006,0.193930,0.076614,-9.380483
1703069346,1532024,0.248997,0.016759,-9.473856
1703069346,1532043,0.181959,-0.002394,-9.414001
1703069346,1532062,0.129287,0.057461,-9.430760
1703069346,1532081,0.112527,0.002394,-9.471462
1703069346,1532100,0.282516,0.028730,-9.363723
1703069346,1532119,0.220267,0.021548,-9.454702
1703069346,1532140,0.201113,0.016759,-9.459491
1703069346,1532159,0.203507,0.026336,-9.437943
1703069346,1532178,0.225055,0.050278,-9.380483
1703069346,1532197,0.229843,0.040701,-9.466674
1703069346,1532216,0.172383,0.052672,-9.471462
1703069346,1532235,0.253785,0.052672,-9.495404
1703069346,1532255,0.246603,0.002394,-9.483433
1703069346,1532274,0.181959,-0.038307,-9.404425
1703069346,1532293,0.215478,0.009577,-9.500193
1703069346,1532312,0.172383,0.019154,-9.581595
1703069346,1532333,0.248997,0.050278,-9.437943
1703069347,1532353,0.186748,-0.021548,-9.490616
1703069347,1532372,0.201113,-0.023942,-9.469068
1703069347,1532391,0.179565,0.064643,-9.428367
1703069347,1532410,0.237026,0.031125,-9.478644
1703069347,1532429,0.174777,0.102951,-9.481039
1703069347,1532449,0.179565,0.009577,-9.476251
1703069347,1532468,0.186748,0.045490,-9.504981
1703069347,1532487,0.213084,-0.023942,-9.440337
1703069347,1532506,0.234632,0.050278,-9.536105
1703069347,1532525,0.215478,0.026336,-9.478644
1703069347,1532547,0.229843,-0.019154,-9.507375
1703069347,1532566,0.169988,0.031125,-9.473856
1703069347,1532585,0.196325,0.043096,-9.469068
1703069347,1532605,0.160412,0.124498,-9.454702
1703069347,1532624,0.239420,0.050278,-9.447520
1703069347,1532643,0.213084,0.069432,-9.524135
1703069347,1532662,0.210690,0.045490,-9.519346
1703069347,1532681,0.184354,-0.040701,-9.440337
1703069347,1532701,0.189142,-0.026336,-9.435549
1703069347,1532720,0.253785,-0.026336,-9.569624
1703069347,1532739,0.193930,0.023942,-9.404425
1703069347,1532761,0.239420,0.033519,-9.504981
1703069347,1532780,0.215478,0.007183,-9.392453
1703069347,1532799,0.131681,0.069432,-9.418790
1703069347,1532818,0.234632,-0.026336,-9.562442
1703069347,1532837,0.189142,0.043096,-9.373300
1703069347,1532857,0.248997,0.059855,-9.411607
1703069347,1532876,0.177171,0.081403,-9.406818
1703069347,1532895,0.196325,0.071826,-9.493010
1703069347,1532914,0.248997,0.052672,-9.473856
1703069347,1532933,0.174777,0.064643,-9.414001
1703069347,1532952,0.198719,0.043096,-9.368511
1703069347,1532974,0.205901,0.055067,-9.457097
1703069347,1532993,0.217872,0.021548,-9.449914
1703069347,1533013,0.196325,0.026336,-9.323022
1703069347,1533032,0.193930,0.069432,-9.509769
1703069347,1533051,0.232238,-0.040701,-9.454702
1703069347,1533070,0.234632,0.045490,-9.485827
1703069347,1533089,0.208296,0.021548,-9.428367
1703069347,1533109,0.225055,0.021548,-9.490616
1703069347,1533128,0.215478,-0.011971,-9.483433
1703069347,1533147,0.227449,0.009577,-9.397242
1703069347,1533166,0.220267,0.079009,-9.428367
1703069347,1533188,0.141258,-0.040701,-9.560047
1703069347,1533207,0.179565,0.045490,-9.418790
1703069347,1533226,0.177171,0.016759,-9.435549
1703069347,1533245,0.174777,-0.009577,-9.437943
1703069347,1533264,0.174777,0.043096,-9.406818
1703069347,1533284,0.193930,0.031125,-9.406818
1703069347,1533303,0.174777,0.023942,-9.509769
1703069347,1533322,0.208296,0.050278,-9.354146
1703069348,1533341,0.193930,0.016759,-9.509769
1703069348,1533360,0.148441,0.088585,-9.473856
1703069348,1533380,0.191536,0.059855,-9.485827
1703069348,1533401,0.203507,0.062249,-9.454702
1703069348,1533421,0.258574,0.045490,-9.394848
1703069348,1533440,0.150835,0.031125,-9.433155
1703069348,1533459,0.160412,0.047884,-9.493010
1703069348,1533478,0.213084,0.059855,-9.483433
1703069348,1533497,0.181959,0.021548,-9.442732
1703069348,1533517,0.222661,0.000000,-9.459491
1703069348,1533536,0.213084,0.019154,-9.476251
1703069348,1533555,0.167594,0.074220,-9.526528
1703069348,1533574,0.193930,0.031125,-9.425972
1703069348,1533593,0.143652,0.035913,-9.414001
1703069348,1533615,0.122104,0.000000,-9.500193
1703069348,1533634,0.165200,0.045490,-9.495404
1703069348,1533653,0.198719,0.002394,-9.495404
1703069348,1533672,0.232238,0.021548,-9.406818
1703069348,1533691,0.229843,0.031125,-9.528923
1703069348,1533711,0.260968,0.069432,-9.452309
1703069348,1533730,0.158017,-0.002394,-9.473856
1703069348,1533749,0.196325,0.067038,-9.476251
1703069348,1533768,0.253785,0.007183,-9.440337
1703069348,1533787,0.169988,0.098162,-9.409213
1703069348,1533816,0.172383,0.007183,-9.485827
1703069348,1533836,0.179565,0.069432,-9.437943
1703069348,1533855,0.215478,0.031125,-9.526528
1703069348,1533874,0.198719,0.045490,-9.473856
1703069348,1533893,0.220267,0.014365,-9.466674
1703069348,1533912,0.280122,0.014365,-9.442732
1703069348,1533930,0.193930,0.052672,-9.550470
1703069348,1533949,0.167594,-0.021548,-9.478644
1703069348,1533968,0.193930,0.023942,-9.516952
1703069348,1533987,0.174777,0.023942,-9.495404
1703069348,1534006,0.198719,-0.031125,-9.500193
1703069348,1534027,0.136469,-0.014365,-9.555259
1703069348,1534046,0.205901,0.038307,-9.497798
1703069348,1534065,0.191536,-0.009577,-9.562442
1703069348,1534084,0.201113,0.045490,-9.536105
1703069348,1534103,0.189142,0.031125,-9.385271
1703069348,1534122,0.165200,0.016759,-9.464279
1703069348,1534141,0.198719,0.014365,-9.512163
1703069348,1534159,0.201113,-0.004788,-9.437943
1703069348,1534178,0.193930,0.011971,-9.497798
1703069348,1534197,0.186748,0.069432,-9.402030
1703069348,1534217,0.213084,0.038307,-9.500193
1703069348,1534238,0.184354,0.052672,-9.428367
1703069348,1534257,0.143652,0.021548,-9.449914
1703069348,1534275,0.225055,-0.002394,-9.447520
1703069348,1534294,0.253785,0.031125,-9.375694
1703069348,1534313,0.203507,0.038307,-9.397242
1703069348,1534332,0.169988,0.040701,-9.507375
1703069349,1534351,0.167594,-0.004788,-9.519346
1703069349,1534370,0.265756,0.088585,-9.481039
1703069349,1534389,0.181959,-0.021548,-9.497798
1703069349,1534408,0.203507,-0.021548,-9.454702
1703069349,1534427,0.134075,0.023942,-9.490616
1703069349,1534448,0.222661,0.007183,-9.504981
1703069349,1534467,0.215478,0.014365,-9.504981
1703069349,1534486,0.220267,-0.026336,-9.449914
1703069349,1534505,0.196325,0.086191,-9.406818
1703069349,1534523,0.227449,0.002394,-9.564836
1703069349,1534542,0.177171,-0.002394,-9.490616
1703069349,1534561,0.196325,0.019154,-9.538500
1703069349,1534580,0.174777,0.055067,-9.435549
1703069349,1534599,0.193930,0.004788,-9.459491
1703069349,1534618,0.213084,0.069432,-9.363723
1703069349,1534637,0.260968,0.028730,-9.466674
1703069349,1534658,0.196325,0.045490,-9.481039
1703069349,1534677,0.220267,0.076614,-9.469068
1703069349,1534696,0.222661,0.038307,-9.495404
1703069349,1534715,0.193930,0.134075,-9.507375
1703069349,1534734,0.189142,0.052672,-9.380483
1703069349,1534753,0.186748,0.071826,-9.536105
1703069349,1534772,0.181959,0.047884,-9.437943
1703069349,1534790,0.213084,0.021548,-9.390059
1703069349,1534809,0.198719,0.035913,-9.526528
1703069349,1534828,0.158017,-0.011971,-9.402030
1703069349,1534847,0.172383,0.059855,-9.550470
1703069349,1534868,0.198719,0.033519,-9.447520
1703069349,1534887,0.256180,0.021548,-9.435549
1703069349,1534906,0.191536,0.081403,-9.540894
1703069349,1534925,0.191536,0.000000,-9.502586
1703069349,1534944,0.167594,-0.007183,-9.454702
1703069349,1534963,0.210690,0.043096,-9.457097
1703069349,1534982,0.215478,0.062249,-9.490616
1703069349,1535001,0.232238,0.069432,-9.481039
1703069349,1535020,0.124498,-0.016759,-9.435549
1703069349,1535039,0.146046,0.062249,-9.409213
1703069349,1535057,0.232238,0.040701,-9.433155
1703069349,1535075,0.227449,0.007183,-9.457097
1703069349,1535094,0.222661,0.038307,-9.538500
1703069349,1535113,0.260968,0.043096,-9.459491
1703069349,1535132,0.227449,-0.016759,-9.461885
1703069349,1535151,0.205901,0.055067,-9.433155
1703069349,1535170,0.227449,-0.009577,-9.519346
1703069349,1535189,0.256180,0.009577,-9.497798
1703069349,1535207,0.136469,0.062249,-9.481039
1703069349,1535226,0.167594,-0.052672,-9.548077
1703069349,1535245,0.186748,0.062249,-9.380483
1703069349,1535266,0.172383,0.031125,-9.521740
1703069349,1535285,0.203507,0.052672,-9.473856
1703069349,1535304,0.198719,0.062249,-9.425972
1703069349,1535323,0.141258,0.009577,-9.473856
1703069350,1535342,0.160412,0.069432,-9.476251
1703069350,1535361,0.167594,0.071826,-9.497798
1703069350,1535379,0.172383,0.062249,-9.514558
1703069350,1535398,0.234632,0.107739,-9.493010
1703069350,1535417,0.220267,0.114922,-9.538500
1703069350,1535436,0.198719,0.067038,-9.512163
1703069350,1535455,0.210690,0.052672,-9.471462
1703069350,1535476,0.158017,0.007183,-9.406818
1703069350,1535495,0.225055,0.007183,-9.473856
1703069350,1535514,0.213084,0.071826,-9.555259
1703069350,1535533,0.181959,0.050278,-9.502586
1703069350,1535553,0.146046,0.067038,-9.370906
1703069350,1535572,0.251391,0.023942,-9.378088
1703069350,1535591,0.222661,0.033519,-9.538500
1703069350,1535610,0.215478,0.026336,-9.397242
1703069350,1535629,0.174777,-0.023942,-9.469068
1703069350,1535648,0.177171,0.004788,-9.445126
1703069350,1535667,0.136469,0.031125,-9.562442
1703069350,1535689,0.146046,0.050278,-9.423578
1703069350,1535708,0.201113,0.057461,-9.466674
1703069350,1535727,0.186748,0.023942,-9.507375
1703069350,1535746,0.136469,-0.016759,-9.557653
1703069350,1535766,0.210690,-0.007183,-9.459491
1703069350,1535785,0.179565,0.028730,-9.481039
1703069350,1535804,0.179565,-0.011971,-9.454702
1703069350,1535823,0.148441,0.028730,-9.521740
1703069350,1535842,0.222661,0.002394,-9.411607
1703069350,1535862,0.217872,0.071826,-9.421184
1703069350,1535881,0.201113,0.002394,-9.500193
1703069350,1535902,0.205901,0.047884,-9.471462
1703069350,1535922,0.241814,-0.002394,-9.466674
1703069350,1535941,0.160412,0.014365,-9.452309
1703069350,1535960,0.174777,0.050278,-9.466674
1703069350,1535979,0.205901,0.019154,-9.464279
1703069350,1535998,0.215478,0.028730,-9.433155
1703069350,1536018,0.201113,0.031125,-9.449914
1703069350,1536037,0.210690,0.064643,-9.521740
1703069350,1536056,0.215478,-0.016759,-9.452309
1703069350,1536075,0.201113,0.009577,-9.466674
1703069350,1536094,0.217872,-0.004788,-9.447520
1703069350,1536116,0.205901,0.071826,-9.471462
1703069350,1536135,0.237026,0.038307,-9.425972
1703069350,1536154,0.189142,-0.014365,-9.442732
1703069350,1536174,0.229843,0.023942,-9.370906
1703069350,1536193,0.213084,0.021548,-9.428367
1703069350,1536212,0.191536,0.019154,-9.414001
1703069350,1536231,0.246603,0.023942,-9.428367
1703069350,1536250,0.160412,0.031125,-9.540894
1703069350,1536270,0.222661,0.021548,-9.490616
1703069350,1536289,0.229843,0.033519,-9.526528
1703069350,1536308,0.186748,0.021548,-9.459491
1703069350,1536330,0.213084,-0.021548,-9.334992
1703069351,1536349,0.174777,0.023942,-9.418790
1703069351,1536368,0.158017,-0.004788,-9.490616
1703069351,1536387,0.181959,0.004788,-9.495404
1703069351,1536406,0.146046,0.074220,-9.540894
1703069351,1536426,0.203507,0.059855,-9.490616
1703069351,1536445,0.220267,0.007183,-9.476251
1703069351,1536464,0.217872,0.031125,-9.502586
1703069351,1536483,0.184354,0.083797,-9.490616
1703069351,1536502,0.253785,0.021548,-9.459491
1703069351,1536524,0.225055,0.079009,-9.485827
1703069351,1536543,0.239420,0.011971,-9.526528
1703069351,1536562,0.165200,0.031125,-9.519346
1703069351,1536582,0.220267,-0.045490,-9.423578
1703069351,1536601,0.146046,-0.023942,-9.469068
1703069351,1536620,0.201113,0.016759,-9.461885
1703069351,1536639,0.136469,0.062249,-9.552865
1703069351,1536658,0.189142,0.090980,-9.495404
1703069351,1536678,0.177171,0.016759,-9.488221
1703069351,1536697,0.201113,0.047884,-9.514558
1703069351,1536716,0.272939,0.014365,-9.514558
1703069351,1536738,0.227449,0.031125,-9.481039
1703069351,1536757,0.213084,0.016759,-9.495404
1703069351,1536776,0.220267,-0.011971,-9.382876
1703069351,1536795,0.217872,0.026336,-9.414001
1703069351,1536814,0.160412,0.014365,-9.519346
1703069351,1536834,0.148441,0.079009,-9.416395
1703069351,1536853,0.112527,0.059855,-9.461885
1703069351,1536872,0.167594,0.057461,-9.442732
1703069351,1536891,0.215478,0.038307,-9.387665
1703069351,1536910,0.241814,0.016759,-9.454702
1703069351,1536930,0.227449,0.038307,-9.421184
1703069351,1536951,0.193930,0.033519,-9.485827
1703069351,1536970,0.213084,0.055067,-9.457097
1703069351,1536989,0.155623,0.033519,-9.497798
1703069351,1537009,0.205901,0.045490,-9.423578
1703069351,1537028,0.184354,0.067038,-9.533711
1703069351,1537047,0.213084,0.079009,-9.524135
1703069351,1537066,0.198719,0.050278,-9.476251
1703069351,1537085,0.239420,0.011971,-9.469068
1703069351,1537104,0.234632,0.009577,-9.433155
1703069351,1537123,0.244209,0.067038,-9.406818
1703069351,1537143,0.210690,0.007183,-9.502586
1703069351,1537172,0.189142,0.035913,-9.461885
1703069351,1537192,0.177171,0.043096,-9.502586
1703069351,1537210,0.215478,0.059855,-9.531317
1703069351,1537229,0.160412,0.035913,-9.366117
1703069351,1537248,0.217872,0.019154,-9.507375
1703069351,1537267,0.162806,0.040701,-9.545682
1703069351,1537286,0.203507,0.016759,-9.411607
1703069351,1537305,0.155623,-0.045490,-9.483433
1703069351,1537324,0.165200,0.019154,-9.504981
