timestamp,millis,AccX,AccY,AccZ,GyroX,GyroY,GyroZ
1706620609,6857874,0.050278,0.150835,-8.947132,-0.005862,0.035440,-0.026380
1706620609,6857913,0.181959,-0.129287,-9.799467,-0.013590,0.012524,-0.026646
1706620609,6857953,-0.023942,-0.038307,-9.907207,-0.015721,0.014389,-0.022916
1706620609,6857992,0.081403,0.134075,-10.096349,-0.010658,0.022383,-0.020251
1706620609,6858032,0.081403,-0.138864,-9.524135,-0.014922,0.005862,-0.026380
1706620609,6858071,0.201113,0.026336,-9.121908,-0.010658,0.019718,-0.025047
1706620609,6858113,0.086191,0.038307,-9.129091,-0.014922,0.010925,-0.023982
1706620609,6858153,0.141258,-0.052672,-9.279925,-0.008260,0.027712,-0.023715
1706620609,6858192,0.057461,-0.019154,-9.665392,-0.015988,0.009859,-0.024248
1706620609,6858232,0.052672,0.009577,-9.883265,-0.009326,0.022649,-0.024515
1706620609,6858271,0.153229,0.014365,-9.569624,-0.015721,0.010392,-0.022916
1706620609,6858311,0.114922,-0.038307,-9.478644,-0.012790,0.021317,-0.024248
1706620609,6858350,0.105345,-0.038307,-9.378088,-0.014655,0.017587,-0.026646
1706620609,6858392,0.076614,-0.033519,-9.380483,-0.011991,0.020518,-0.024515
1706620609,6858432,0.114922,0.000000,-9.617508,-0.013057,0.020518,-0.025847
1706620609,6858471,0.126893,0.007183,-9.660604,-0.013323,0.021317,-0.023715
1706620609,6858511,0.110133,-0.021548,-9.689334,-0.013323,0.016254,-0.020784
1706620609,6858551,0.062249,0.038307,-9.655815,-0.014123,0.016521,-0.023182
1706620609,6858601,0.114922,0.026336,-9.641450,-0.012790,0.017054,-0.025047
1706620609,6858643,0.071826,0.023942,-9.631873,-0.012524,0.017320,-0.024781
1706620609,6858682,0.146046,0.038307,-9.588778,-0.012524,0.018386,-0.022383
1706620609,6858722,0.129287,-0.026336,-9.485827,-0.014655,0.017054,-0.023449
1706620609,6858761,0.153229,-0.038307,-9.567230,-0.014123,0.020518,-0.022383
1706620610,6858801,0.124498,-0.028730,-9.473856,-0.014123,0.015988,-0.024515
1706620610,6858840,0.169988,0.002394,-9.557653,-0.013057,0.021051,-0.024248
1706620610,6858880,0.062249,0.000000,-9.629479,-0.012524,0.016521,-0.023982
1706620610,6858922,0.067038,0.050278,-9.579201,-0.013590,0.018652,-0.023182
1706620610,6858961,0.143652,0.004788,-9.550470,-0.012524,0.013590,-0.023449
1706620610,6859001,0.141258,0.009577,-9.552865,-0.015455,0.016254,-0.023449
1706620610,6859040,0.069432,-0.016759,-9.452309,-0.013057,0.020251,-0.023449
1706620610,6859080,0.076614,0.004788,-9.433155,-0.013057,0.014922,-0.024248
1706620610,6859119,0.129287,0.019154,-9.576807,-0.013057,0.013590,-0.023982
1706620610,6859159,0.095768,-0.028730,-9.504981,-0.013323,0.019452,-0.026913
1706620610,6859201,0.122104,-0.023942,-9.507375,-0.012524,0.017853,-0.021583
1706620610,6859240,0.086191,0.007183,-9.612720,-0.012524,0.017054,-0.023982
1706620610,6859280,0.074220,-0.038307,-9.512163,-0.011191,0.015455,-0.023982
1706620610,6859319,0.114922,-0.045490,-9.464279,-0.015455,0.017853,-0.025314
1706620610,6859359,0.141258,-0.059855,-9.514558,-0.013590,0.019185,-0.026113
1706620610,6859398,0.138864,-0.038307,-9.526528,-0.012257,0.018652,-0.028511
1706620610,6859440,0.105345,-0.059855,-9.469068,-0.008260,0.020251,-0.020251
1706620610,6859480,0.088585,-0.023942,-9.478644,-0.011991,0.013856,-0.022916
1706620610,6859520,0.083797,-0.050278,-9.617508,-0.013057,0.017054,-0.024248
1706620610,6859559,0.059855,0.011971,-9.562442,-0.013590,0.018386,-0.024515
1706620610,6859599,0.071826,-0.026336,-9.545682,-0.014655,0.014922,-0.023715
1706620610,6859638,0.031125,-0.002394,-9.555259,-0.011458,0.021051,-0.021583
1706620610,6859678,0.081403,-0.019154,-9.538500,-0.015188,0.019185,-0.023715
1706620610,6859720,0.102951,0.031125,-9.516952,-0.011991,0.018652,-0.024781
1706620610,6859759,0.112527,-0.019154,-9.504981,-0.013323,0.018652,-0.025847
1706620611,6859799,0.169988,0.016759,-9.540894,-0.014655,0.018119,-0.021583
1706620611,6859838,0.107739,0.023942,-9.557653,-0.013590,0.020518,-0.025314
1706620611,6859878,0.088585,0.050278,-9.555259,-0.014389,0.016521,-0.025047
1706620611,6859917,0.134075,0.011971,-9.591172,-0.014389,0.015721,-0.023449
1706620611,6859957,0.083797,-0.031125,-9.500193,-0.011991,0.018919,-0.023982
1706620611,6859999,0.158017,-0.002394,-9.605537,-0.012257,0.019185,-0.025314
1706620611,6860038,0.071826,-0.021548,-9.497798,-0.014123,0.014389,-0.022383
1706620611,6860078,0.124498,-0.026336,-9.670180,-0.013323,0.016521,-0.021850
1706620611,6860118,0.057461,-0.045490,-9.603143,-0.010925,0.015455,-0.027712
1706620611,6860158,0.090980,0.028730,-9.646238,-0.012790,0.023449,-0.025047
1706620611,6860197,0.102951,-0.067038,-9.478644,-0.013590,0.017054,-0.023449
1706620611,6860240,0.102951,-0.026336,-9.521740,-0.013856,0.017853,-0.026646
1706620611,6860280,0.110133,0.033519,-9.473856,-0.013057,0.017587,-0.021850
1706620611,6860319,0.131681,-0.045490,-9.536105,-0.014655,0.018652,-0.021583
1706620611,6860359,0.062249,0.028730,-9.550470,-0.011991,0.017054,-0.023182
1706620611,6860399,0.110133,-0.047884,-9.485827,-0.015455,0.014123,-0.025847
1706620611,6860439,0.150835,0.009577,-9.514558,-0.014922,0.017853,-0.021583
1706620611,6860479,0.093374,-0.043096,-9.627085,-0.017054,0.017587,-0.025047
1706620611,6860521,0.114922,-0.047884,-9.526528,-0.013323,0.018919,-0.023449
1706620611,6860561,0.090980,0.019154,-9.610326,-0.014655,0.015988,-0.022649
1706620611,6860601,0.119710,-0.026336,-9.548077,-0.012524,0.018119,-0.025047
1706620611,6860641,0.143652,-0.055067,-9.471462,-0.013057,0.015188,-0.024781
1706620611,6860680,0.153229,-0.009577,-9.476251,-0.010925,0.018919,-0.022916
1706620611,6860720,0.105345,-0.004788,-9.519346,-0.015188,0.016521,-0.023715
1706620611,6860760,0.074220,-0.052672,-9.569624,-0.012524,0.019985,-0.021583
1706620612,6860802,0.035913,-0.019154,-9.449914,-0.010925,0.015988,-0.022383
1706620612,6860842,0.124498,0.026336,-9.550470,-0.015988,0.017853,-0.025314
1706620612,6860882,0.079009,-0.035913,-9.579201,-0.013323,0.019718,-0.023715
1706620612,6860922,0.095768,0.038307,-9.610326,-0.013856,0.020251,-0.024515
1706620612,6860962,0.088585,0.033519,-9.579201,-0.013323,0.021850,-0.024248
1706620612,6861001,0.112527,-0.026336,-9.543288,-0.014123,0.020251,-0.022116
1706620612,6861044,0.076614,0.007183,-9.593566,-0.011458,0.021051,-0.022649
1706620612,6861084,0.064643,0.031125,-9.473856,-0.014389,0.020518,-0.026380
1706620612,6861123,0.110133,-0.083797,-9.550470,-0.015455,0.017320,-0.023715
1706620612,6861163,0.141258,-0.009577,-9.543288,-0.011724,0.016787,-0.022649
1706620612,6861203,0.086191,-0.055067,-9.552865,-0.012790,0.018119,-0.021051
1706620612,6861243,0.124498,0.004788,-9.579201,-0.013057,0.018119,-0.025047
1706620612,6861283,0.064643,-0.045490,-9.500193,-0.013323,0.015988,-0.022916
1706620612,6861325,0.110133,0.031125,-9.469068,-0.011724,0.019452,-0.020784
1706620612,6861365,0.083797,0.021548,-9.524135,-0.014389,0.015721,-0.021583
1706620612,6861405,0.110133,-0.009577,-9.555259,-0.010658,0.019185,-0.023449
1706620612,6861445,0.055067,0.021548,-9.449914,-0.014655,0.016521,-0.022916
1706620612,6861484,0.110133,-0.035913,-9.536105,-0.011991,0.018919,-0.026380
1706620612,6861524,0.119710,-0.026336,-9.586384,-0.013590,0.022383,-0.026913
1706620612,6861564,0.131681,0.004788,-9.651027,-0.014922,0.015988,-0.023182
1706620612,6861606,0.143652,-0.011971,-9.593566,-0.008793,0.017853,-0.025314
1706620612,6861646,0.079009,-0.004788,-9.562442,-0.013590,0.017587,-0.023715
1706620612,6861686,0.114922,-0.011971,-9.572019,-0.012524,0.018386,-0.025847
1706620612,6861726,0.076614,0.023942,-9.576807,-0.014922,0.017054,-0.027446
1706620612,6861766,0.079009,-0.011971,-9.576807,-0.012790,0.021850,-0.021850
1706620613,6861806,0.057461,0.021548,-9.533711,-0.012257,0.016521,-0.024781
1706620613,6861845,0.079009,0.004788,-9.545682,-0.011458,0.019985,-0.024781
1706620613,6861888,0.086191,0.004788,-9.442732,-0.017320,0.018652,-0.023715
1706620613,6861927,0.076614,-0.050278,-9.684546,-0.010925,0.013856,-0.020784
1706620613,6861967,0.069432,-0.086191,-9.617508,-0.013057,0.020518,-0.025580
1706620613,6862007,0.098162,-0.067038,-9.512163,-0.011724,0.018386,-0.024515
1706620613,6862047,0.112527,0.021548,-9.569624,-0.011724,0.019185,-0.026380
1706620613,6862086,0.074220,0.064643,-9.586384,-0.012524,0.017320,-0.026646
1706620613,6862137,0.093374,0.004788,-9.579201,-0.014655,0.020784,-0.024515
1706620613,6862177,0.107739,-0.021548,-9.545682,-0.009593,0.017853,-0.025047
1706620613,6862217,0.119710,-0.028730,-9.572019,-0.011191,0.017587,-0.023449
1706620613,6862256,0.093374,-0.043096,-9.485827,-0.014389,0.016521,-0.024515
1706620613,6862295,0.090980,0.007183,-9.555259,-0.012790,0.017853,-0.022383
1706620613,6862335,0.086191,0.000000,-9.428367,-0.014123,0.016787,-0.023715
1706620613,6862374,0.059855,-0.019154,-9.619903,-0.013323,0.016521,-0.022916
1706620613,6862416,0.088585,-0.026336,-9.469068,-0.014655,0.017054,-0.026646
1706620613,6862456,0.038307,-0.021548,-9.536105,-0.015988,0.013590,-0.022383
1706620613,6862495,0.076614,-0.040701,-9.593566,-0.013323,0.017054,-0.025847
1706620613,6862535,0.035913,0.079009,-9.457097,-0.013057,0.014655,-0.025580
1706620613,6862574,0.134075,-0.004788,-9.588778,-0.012524,0.021583,-0.020784
1706620613,6862614,0.055067,-0.021548,-9.612720,-0.013323,0.015721,-0.020251
1706620613,6862654,0.079009,0.019154,-9.478644,-0.014389,0.014922,-0.026113
1706620613,6862695,0.112527,-0.009577,-9.588778,-0.014655,0.018919,-0.024248
1706620613,6862735,0.153229,-0.007183,-9.514558,-0.010925,0.018386,-0.025580
1706620613,6862774,0.093374,-0.021548,-9.624691,-0.015455,0.018919,-0.023449
1706620614,6862814,0.083797,-0.019154,-9.550470,-0.017587,0.016787,-0.027979
1706620614,6862854,0.105345,0.002394,-9.521740,-0.012257,0.018652,-0.022383
1706620614,6862893,0.090980,0.047884,-9.488221,-0.011991,0.017587,-0.024248
1706620614,6862935,0.107739,-0.031125,-9.538500,-0.011991,0.015455,-0.022383
1706620614,6862974,0.114922,-0.040701,-9.531317,-0.011458,0.016787,-0.024248
1706620614,6863014,0.110133,0.009577,-9.552865,-0.010392,0.021051,-0.025314
1706620614,6863054,0.131681,-0.098162,-9.550470,-0.009593,0.014389,-0.024248
1706620614,6863093,0.122104,-0.045490,-9.560047,-0.012790,0.016787,-0.022383
1706620614,6863133,0.098162,-0.095768,-9.550470,-0.010658,0.017587,-0.022649
1706620614,6863172,0.090980,-0.040701,-9.622296,-0.013323,0.016521,-0.022649
1706620614,6863214,0.069432,0.016759,-9.519346,-0.013057,0.017853,-0.023715
1706620614,6863254,0.141258,-0.031125,-9.545682,-0.012524,0.018919,-0.023449
1706620614,6863293,0.098162,-0.004788,-9.603143,-0.014389,0.018919,-0.022649
1706620614,6863333,0.114922,0.007183,-9.581595,-0.014389,0.017320,-0.024248
1706620614,6863372,0.110133,-0.028730,-9.495404,-0.014123,0.018652,-0.026380
1706620614,6863412,0.117316,-0.014365,-9.500193,-0.011991,0.014389,-0.024248
1706620614,6863451,0.107739,-0.033519,-9.495404,-0.014922,0.015988,-0.021317
1706620614,6863493,0.110133,-0.023942,-9.576807,-0.015721,0.019185,-0.025047
1706620614,6863533,0.031125,0.000000,-9.493010,-0.013057,0.015188,-0.021850
1706620614,6863572,0.090980,-0.028730,-9.437943,-0.012257,0.017320,-0.025314
1706620614,6863612,0.081403,-0.105345,-9.514558,-0.015988,0.019452,-0.024781
1706620614,6863651,0.155623,-0.002394,-9.646238,-0.010925,0.016254,-0.022916
1706620614,6863691,0.124498,0.033519,-9.569624,-0.012524,0.018652,-0.024515
1706620614,6863733,0.059855,-0.004788,-9.469068,-0.013323,0.018119,-0.023715
1706620614,6863772,0.110133,-0.028730,-9.502586,-0.013856,0.015988,-0.024248
1706620615,6863812,0.110133,-0.043096,-9.452309,-0.014389,0.016521,-0.024515
1706620615,6863851,0.098162,-0.004788,-9.495404,-0.016254,0.017054,-0.025580
1706620615,6863891,0.074220,-0.016759,-9.516952,-0.012524,0.019985,-0.022649
1706620615,6863930,0.076614,-0.067038,-9.500193,-0.014389,0.015988,-0.022383
1706620615,6863970,0.098162,-0.028730,-9.459491,-0.014922,0.017587,-0.022916
1706620615,6864012,0.119710,0.019154,-9.591172,-0.012257,0.017587,-0.024515
1706620615,6864051,0.134075,-0.062249,-9.605537,-0.012257,0.013323,-0.021850
1706620615,6864091,0.122104,0.035913,-9.634268,-0.012790,0.018652,-0.024781
1706620615,6864130,0.131681,0.035913,-9.504981,-0.013856,0.017587,-0.023182
1706620615,6864170,0.110133,-0.038307,-9.476251,-0.013856,0.013323,-0.024781
1706620615,6864209,0.119710,-0.021548,-9.543288,-0.011991,0.015455,-0.023449
1706620615,6864249,0.134075,-0.043096,-9.579201,-0.014389,0.015455,-0.025580
1706620615,6864291,0.090980,-0.023942,-9.550470,-0.013057,0.015988,-0.021051
1706620615,6864331,0.093374,0.007183,-9.560047,-0.012257,0.017587,-0.024515
1706620615,6864370,0.136469,0.009577,-9.483433,-0.012524,0.015988,-0.024515
1706620615,6864410,0.114922,-0.047884,-9.576807,-0.010925,0.018386,-0.025580
1706620615,6864450,0.107739,-0.081403,-9.624691,-0.013590,0.017587,-0.021317
1706620615,6864490,0.124498,-0.004788,-9.555259,-0.013590,0.015455,-0.024515
1706620615,6864532,0.100556,-0.067038,-9.574412,-0.012524,0.019185,-0.024248
1706620615,6864572,0.095768,0.011971,-9.629479,-0.014922,0.017054,-0.020784
1706620615,6864612,0.098162,-0.035913,-9.572019,-0.014123,0.015721,-0.025047
1706620615,6864652,0.067038,-0.026336,-9.548077,-0.010658,0.017587,-0.024515
1706620615,6864691,0.076614,0.021548,-9.461885,-0.012790,0.016787,-0.023982
1706620615,6864731,0.088585,-0.004788,-9.603143,-0.014389,0.013323,-0.025847
1706620615,6864771,0.165200,-0.009577,-9.516952,-0.017054,0.020518,-0.022649
1706620616,6864814,0.026336,-0.067038,-9.598354,-0.013856,0.017054,-0.023715
1706620616,6864853,0.059855,-0.007183,-9.564836,-0.014922,0.016521,-0.024781
1706620616,6864893,0.165200,-0.026336,-9.543288,-0.013057,0.018386,-0.024781
1706620616,6864933,0.040701,-0.028730,-9.564836,-0.009593,0.019185,-0.023982
1706620616,6864973,0.119710,-0.045490,-9.524135,-0.012524,0.014655,-0.023182
1706620616,6865013,0.150835,-0.016759,-9.497798,-0.015188,0.018919,-0.026913
1706620616,6865053,0.160412,-0.021548,-9.588778,-0.011191,0.017320,-0.021317
1706620616,6865095,0.033519,0.002394,-9.536105,-0.013590,0.015988,-0.024515
1706620616,6865135,0.141258,0.023942,-9.516952,-0.014389,0.014922,-0.023715
1706620616,6865175,0.110133,-0.026336,-9.538500,-0.014123,0.015188,-0.025847
1706620616,6865215,0.134075,-0.007183,-9.476251,-0.015721,0.018386,-0.022383
1706620616,6865254,0.095768,0.011971,-9.603143,-0.011991,0.016254,-0.022383
1706620616,6865294,0.117316,-0.028730,-9.567230,-0.013057,0.015188,-0.021583
1706620616,6865337,0.112527,0.014365,-9.483433,-0.012790,0.015721,-0.024781
1706620616,6865376,0.102951,-0.052672,-9.478644,-0.009859,0.021051,-0.024515
1706620616,6865417,0.126893,-0.052672,-9.516952,-0.012257,0.018386,-0.024781
1706620616,6865456,0.081403,0.023942,-9.603143,-0.013057,0.014655,-0.021317
1706620616,6865496,0.110133,0.007183,-9.447520,-0.012524,0.017054,-0.027979
1706620616,6865536,0.114922,0.016759,-9.619903,-0.014123,0.025314,-0.022649
1706620616,6865576,0.122104,-0.088585,-9.540894,-0.014123,0.016521,-0.024781
1706620616,6865618,0.107739,-0.009577,-9.514558,-0.014655,0.016254,-0.022116
1706620616,6865658,0.119710,-0.028730,-9.576807,-0.010658,0.019452,-0.019718
1706620616,6865698,0.114922,-0.057461,-9.504981,-0.011458,0.018652,-0.024248
1706620616,6865738,0.081403,-0.026336,-9.588778,-0.015988,0.020518,-0.023449
1706620616,6865778,0.114922,-0.019154,-9.562442,-0.018652,0.020518,-0.026380
1706620617,6865818,0.110133,0.000000,-9.516952,-0.012257,0.020784,-0.024515
1706620617,6865857,0.129287,-0.014365,-9.574412,-0.013590,0.021317,-0.021583
1706620617,6865900,0.069432,-0.035913,-9.512163,-0.013590,0.019985,-0.025047
1706620617,6865939,0.062249,-0.011971,-9.476251,-0.012790,0.016521,-0.025847
1706620617,6865979,0.119710,-0.055067,-9.509769,-0.015188,0.018386,-0.024515
1706620617,6866019,0.110133,0.000000,-9.576807,-0.011458,0.017853,-0.025047
1706620617,6866059,0.122104,-0.047884,-9.588778,-0.011991,0.015721,-0.022383
1706620617,6866099,0.126893,-0.055067,-9.526528,-0.011191,0.018386,-0.021583
1706620617,6866141,0.110133,-0.002394,-9.531317,-0.014123,0.019985,-0.023982
1706620617,6866181,0.090980,-0.038307,-9.617508,-0.012524,0.014922,-0.024248
1706620617,6866221,0.093374,-0.057461,-9.524135,-0.014123,0.018652,-0.027179
1706620617,6866260,0.009577,0.031125,-9.507375,-0.014389,0.018919,-0.023982
1706620617,6866300,0.031125,-0.021548,-9.651027,-0.012790,0.017054,-0.023982
1706620617,6866340,0.110133,0.002394,-9.447520,-0.010925,0.017853,-0.023182
1706620617,6866380,0.035913,0.035913,-9.536105,-0.014123,0.015721,-0.022916
1706620617,6866430,0.052672,0.026336,-9.543288,-0.011724,0.020518,-0.021850
1706620617,6866470,0.052672,-0.019154,-9.464279,-0.015721,0.017320,-0.024781
1706620617,6866510,0.083797,-0.028730,-9.521740,-0.014389,0.020251,-0.023182
1706620617,6866549,0.074220,0.007183,-9.548077,-0.014123,0.017587,-0.022383
1706620617,6866589,0.093374,0.011971,-9.564836,-0.013590,0.016521,-0.026646
1706620617,6866628,0.059855,-0.045490,-9.538500,-0.014123,0.017587,-0.022649
1706620617,6866668,0.146046,-0.021548,-9.476251,-0.012524,0.017320,-0.027179
1706620617,6866710,0.107739,0.000000,-9.519346,-0.014123,0.018119,-0.025314
1706620617,6866749,0.095768,-0.031125,-9.464279,-0.013856,0.017853,-0.021317
1706620617,6866789,0.110133,-0.038307,-9.605537,-0.013590,0.014389,-0.023182
1706620618,6866828,0.090980,-0.071826,-9.588778,-0.015455,0.019985,-0.022116
1706620618,6866868,0.057461,0.019154,-9.524135,-0.012524,0.013856,-0.023715
1706620618,6866907,0.129287,0.009577,-9.583989,-0.014922,0.017054,-0.020784
1706620618,6866949,0.064643,-0.035913,-9.576807,-0.013057,0.017587,-0.022649
1706620618,6866989,0.081403,-0.050278,-9.531317,-0.013590,0.016254,-0.022383
1706620618,6867028,0.083797,-0.004788,-9.490616,-0.013323,0.014655,-0.025314
1706620618,6867068,0.122104,-0.019154,-9.512163,-0.010925,0.016254,-0.024515
1706620618,6867107,0.095768,0.062249,-9.588778,-0.014123,0.015188,-0.025847
1706620618,6867147,0.119710,-0.019154,-9.557653,-0.013856,0.019185,-0.024248
1706620618,6867186,0.069432,-0.016759,-9.521740,-0.013590,0.018119,-0.022383
1706620618,6867228,0.138864,-0.038307,-9.433155,-0.009859,0.019452,-0.024515
1706620618,6867268,0.088585,-0.050278,-9.586384,-0.010658,0.015455,-0.024781
1706620618,6867307,0.114922,-0.050278,-9.536105,-0.012257,0.017320,-0.022916
1706620618,6867347,0.093374,-0.043096,-9.483433,-0.011991,0.016521,-0.027979
1706620618,6867386,0.079009,-0.038307,-9.595961,-0.010925,0.014655,-0.023715
1706620618,6867426,0.122104,-0.002394,-9.583989,-0.013057,0.015721,-0.023182
1706620618,6867466,0.055067,-0.033519,-9.564836,-0.012257,0.019185,-0.024515
1706620618,6867507,0.016759,-0.023942,-9.540894,-0.010658,0.018652,-0.019985
1706620618,6867547,0.114922,0.007183,-9.538500,-0.013323,0.019185,-0.023982
1706620618,6867587,0.050278,-0.028730,-9.593566,-0.013856,0.017853,-0.021583
1706620618,6867626,0.129287,-0.007183,-9.471462,-0.014655,0.017853,-0.022116
1706620618,6867666,0.110133,-0.033519,-9.504981,-0.012790,0.016254,-0.023715
1706620618,6867705,0.095768,-0.014365,-9.531317,-0.015721,0.015721,-0.024781
1706620618,6867747,0.057461,0.002394,-9.562442,-0.013057,0.018119,-0.026113
1706620618,6867787,0.162806,-0.021548,-9.531317,-0.013323,0.017320,-0.024248
1706620619,6867826,0.064643,-0.062249,-9.600749,-0.016521,0.016254,-0.023449
1706620619,6867866,0.045490,-0.004788,-9.610326,-0.013856,0.018119,-0.023982
1706620619,6867905,0.098162,-0.019154,-9.473856,-0.014922,0.017587,-0.023182
1706620619,6867945,0.122104,-0.004788,-9.540894,-0.016254,0.018652,-0.023982
1706620619,6867984,0.074220,0.031125,-9.607931,-0.011991,0.020251,-0.024515
1706620619,6868026,0.093374,-0.019154,-9.646238,-0.010392,0.020784,-0.027712
1706620619,6868066,0.076614,-0.033519,-9.624691,-0.013856,0.018119,-0.022916
1706620619,6868105,0.169988,0.038307,-9.548077,-0.014389,0.017587,-0.026113
1706620619,6868145,0.076614,0.002394,-9.516952,-0.013057,0.020251,-0.022116
1706620619,6868184,0.112527,-0.026336,-9.493010,-0.009859,0.018919,-0.025580
1706620619,6868224,0.033519,-0.079009,-9.552865,-0.013057,0.018386,-0.022916
1706620619,6868264,0.050278,-0.016759,-9.574412,-0.012257,0.017054,-0.023182
1706620619,6868305,0.126893,-0.035913,-9.555259,-0.015188,0.016521,-0.024248
1706620619,6868345,0.117316,-0.064643,-9.493010,-0.013323,0.014389,-0.020518
1706620619,6868384,0.090980,-0.016759,-9.574412,-0.012790,0.017320,-0.023982
1706620619,6868424,0.083797,-0.019154,-9.622296,-0.011991,0.017320,-0.024781
1706620619,6868463,0.083797,0.007183,-9.581595,-0.012790,0.019718,-0.024248
1706620619,6868503,0.083797,-0.002394,-9.476251,-0.014922,0.016521,-0.026113
1706620619,6868545,0.062249,-0.002394,-9.504981,-0.014922,0.019452,-0.024515
1706620619,6868585,0.064643,-0.081403,-9.550470,-0.013590,0.019718,-0.022649
1706620619,6868625,0.107739,-0.045490,-9.610326,-0.013323,0.016521,-0.024248
1706620619,6868664,0.129287,-0.016759,-9.550470,-0.013057,0.014655,-0.022116
1706620619,6868704,0.134075,-0.040701,-9.507375,-0.013590,0.017853,-0.025314
1706620619,6868744,0.122104,-0.059855,-9.550470,-0.010392,0.017587,-0.023982
1706620619,6868784,0.057461,-0.105345,-9.581595,-0.011991,0.018119,-0.025314
1706620620,6868826,0.067038,0.014365,-9.504981,-0.012790,0.016254,-0.021583
1706620620,6868866,0.095768,-0.064643,-9.485827,-0.010658,0.015455,-0.021583
1706620620,6868905,0.102951,-0.035913,-9.560047,-0.014655,0.017587,-0.025580
1706620620,6868945,0.033519,-0.021548,-9.538500,-0.013590,0.015188,-0.024781
1706620620,6868985,0.131681,-0.031125,-9.564836,-0.015188,0.014655,-0.024781
1706620620,6869025,0.050278,-0.028730,-9.473856,-0.014922,0.019185,-0.024515
1706620620,6869065,0.110133,0.002394,-9.538500,-0.012790,0.016254,-0.022383
1706620620,6869107,0.098162,0.019154,-9.550470,-0.014389,0.019718,-0.025580
1706620620,6869147,0.102951,-0.011971,-9.560047,-0.013057,0.019718,-0.022649
1706620620,6869187,0.174777,-0.057461,-9.591172,-0.015455,0.017054,-0.022916
1706620620,6869227,0.055067,0.023942,-9.509769,-0.012524,0.017320,-0.023449
1706620620,6869266,0.035913,0.040701,-9.519346,-0.012524,0.017853,-0.024781
1706620620,6869306,0.124498,0.064643,-9.507375,-0.011724,0.017853,-0.024781
1706620620,6869349,0.088585,-0.011971,-9.639056,-0.014123,0.013323,-0.023715
1706620620,6869388,0.110133,0.079009,-9.497798,-0.014389,0.017587,-0.022916
1706620620,6869428,0.105345,-0.011971,-9.548077,-0.011458,0.017320,-0.025314
1706620620,6869468,0.102951,0.011971,-9.516952,-0.014123,0.019452,-0.022916
1706620620,6869508,0.138864,-0.021548,-9.507375,-0.015721,0.015721,-0.023982
1706620620,6869548,0.095768,-0.038307,-9.569624,-0.010658,0.016787,-0.023182
1706620620,6869588,0.143652,-0.031125,-9.464279,-0.013856,0.018652,-0.026113
1706620620,6869630,0.031125,-0.007183,-9.531317,-0.015721,0.017320,-0.021583
1706620620,6869670,0.150835,0.026336,-9.593566,-0.012524,0.015455,-0.023449
1706620620,6869710,0.100556,0.011971,-9.509769,-0.011724,0.017320,-0.026913
1706620620,6869750,0.100556,-0.059855,-9.533711,-0.011191,0.018119,-0.022383
1706620620,6869790,0.055067,-0.023942,-9.536105,-0.015188,0.015988,-0.025047
1706620621,6869829,0.088585,0.038307,-9.481039,-0.010126,0.020784,-0.022916
1706620621,6869869,0.102951,-0.019154,-9.548077,-0.014922,0.016521,-0.022916
1706620621,6869912,0.136469,-0.019154,-9.583989,-0.013856,0.019718,-0.022383
1706620621,6869951,0.114922,-0.019154,-9.538500,-0.013323,0.017587,-0.023982
1706620621,6869991,0.172383,-0.026336,-9.574412,-0.013323,0.017587,-0.021051
1706620621,6870031,0.090980,-0.052672,-9.478644,-0.014123,0.017853,-0.023715
1706620621,6870071,0.016759,-0.033519,-9.552865,-0.013590,0.017853,-0.024515
1706620621,6870111,0.143652,-0.052672,-9.507375,-0.014123,0.016521,-0.023982
1706620621,6870153,0.098162,0.038307,-9.466674,-0.014389,0.019185,-0.023449
1706620621,6870193,0.167594,-0.026336,-9.504981,-0.015988,0.018386,-0.021850
1706620621,6870233,0.124498,-0.011971,-9.610326,-0.013590,0.016254,-0.024781
1706620621,6870272,0.155623,-0.031125,-9.545682,-0.011458,0.014922,-0.022383
1706620621,6870312,0.155623,-0.081403,-9.639056,-0.012524,0.016787,-0.023449
1706620621,6870352,0.095768,-0.004788,-9.533711,-0.013057,0.018386,-0.024781
1706620621,6870392,0.138864,0.007183,-9.574412,-0.016254,0.016787,-0.025847
1706620621,6870434,0.122104,0.052672,-9.538500,-0.012257,0.013856,-0.023182
1706620621,6870474,0.088585,0.014365,-9.567230,-0.013323,0.016787,-0.022116
1706620621,6870514,0.129287,0.035913,-9.543288,-0.014389,0.014922,-0.025847
1706620621,6870554,0.110133,-0.014365,-9.521740,-0.015188,0.020784,-0.026913
1706620621,6870593,0.129287,-0.028730,-9.504981,-0.009859,0.014655,-0.023982
1706620621,6870633,0.110133,-0.067038,-9.504981,-0.010392,0.018119,-0.023982
1706620621,6870673,0.131681,0.052672,-9.481039,-0.014389,0.015988,-0.025847
1706620621,6870723,0.114922,0.002394,-9.476251,-0.012257,0.018652,-0.025047
1706620621,6870764,0.129287,-0.011971,-9.459491,-0.012524,0.018652,-0.026113
1706620622,6870803,0.076614,-0.023942,-9.500193,-0.011724,0.018652,-0.026646
1706620622,6870843,0.124498,0.009577,-9.543288,-0.012790,0.017320,-0.022116
1706620622,6870882,0.150835,-0.047884,-9.550470,-0.013590,0.016521,-0.026380
1706620622,6870921,0.174777,0.000000,-9.504981,-0.013323,0.022116,-0.021317
1706620622,6870963,0.090980,-0.011971,-9.600749,-0.012790,0.020784,-0.023982
1706620622,6871003,0.102951,-0.059855,-9.528923,-0.011458,0.016254,-0.022916
1706620622,6871042,0.088585,-0.004788,-9.598354,-0.012524,0.013590,-0.021850
1706620622,6871082,0.062249,0.007183,-9.538500,-0.013057,0.018119,-0.024248
1706620622,6871122,0.086191,-0.055067,-9.507375,-0.012790,0.018119,-0.025580
1706620622,6871161,0.064643,-0.028730,-9.593566,-0.011991,0.017320,-0.023182
1706620622,6871201,0.107739,0.016759,-9.574412,-0.011191,0.017853,-0.023449
1706620622,6871243,0.069432,-0.002394,-9.557653,-0.014655,0.014922,-0.023715
1706620622,6871282,0.069432,-0.050278,-9.538500,-0.011991,0.015188,-0.022649
1706620622,6871322,0.055067,0.014365,-9.555259,-0.013057,0.014655,-0.022649
1706620622,6871361,0.083797,-0.062249,-9.538500,-0.011991,0.015721,-0.024248
1706620622,6871401,0.114922,-0.019154,-9.548077,-0.010658,0.018119,-0.021317
1706620622,6871440,0.059855,-0.047884,-9.600749,-0.014389,0.018919,-0.023449
1706620622,6871480,0.129287,-0.009577,-9.543288,-0.014389,0.016254,-0.023182
1706620622,6871522,0.129287,-0.011971,-9.543288,-0.014655,0.015455,-0.024515
1706620622,6871562,0.076614,-0.033519,-9.595961,-0.014389,0.018386,-0.025580
1706620622,6871601,0.112527,-0.052672,-9.600749,-0.014123,0.013856,-0.024515
1706620622,6871641,0.102951,-0.038307,-9.502586,-0.013856,0.018919,-0.025047
1706620622,6871680,0.136469,0.011971,-9.555259,-0.012257,0.015721,-0.022116
1706620622,6871720,0.126893,0.021548,-9.588778,-0.012257,0.017320,-0.020784
1706620622,6871759,0.074220,0.028730,-9.447520,-0.015455,0.017320,-0.022916
1706620623,6871798,0.033519,-0.035913,-9.531317,-0.011458,0.015988,-0.024248
1706620623,6871837,0.095768,0.028730,-9.452309,-0.014123,0.014389,-0.023449
1706620623,6871877,0.165200,-0.045490,-9.555259,-0.012257,0.020251,-0.023449
1706620623,6871916,0.134075,0.019154,-9.528923,-0.015188,0.015721,-0.025314
1706620623,6871956,0.081403,0.000000,-9.516952,-0.014389,0.017587,-0.022916
1706620623,6871996,0.102951,0.002394,-9.552865,-0.012790,0.022383,-0.024248
1706620623,6872037,0.076614,-0.019154,-9.507375,-0.013856,0.016787,-0.022383
1706620623,6872077,0.148441,0.002394,-9.548077,-0.011724,0.015721,-0.020784
1706620623,6872117,0.086191,-0.038307,-9.490616,-0.011991,0.017587,-0.025314
1706620623,6872156,0.117316,-0.040701,-9.548077,-0.015188,0.017054,-0.025047
1706620623,6872196,0.143652,-0.014365,-9.605537,-0.013323,0.018919,-0.022383
1706620623,6872236,0.138864,-0.081403,-9.574412,-0.013057,0.019452,-0.025580
1706620623,6872275,0.057461,-0.016759,-9.500193,-0.012257,0.017320,-0.021850
1706620623,6872317,0.090980,-0.067038,-9.550470,-0.012524,0.018119,-0.022916
1706620623,6872356,0.134075,-0.016759,-9.483433,-0.013323,0.013856,-0.025047
1706620623,6872396,0.122104,-0.045490,-9.509769,-0.012790,0.015988,-0.021051
1706620623,6872436,0.088585,-0.052672,-9.461885,-0.011458,0.010925,-0.022916
1706620623,6872475,0.141258,-0.076614,-9.569624,-0.013323,0.019185,-0.027446
1706620623,6872515,0.100556,-0.057461,-9.543288,-0.011991,0.018119,-0.023715
1706620623,6872554,0.079009,0.007183,-9.457097,-0.012790,0.022116,-0.022116
1706620623,6872596,0.095768,-0.062249,-9.493010,-0.012524,0.017320,-0.024515
1706620623,6872635,0.134075,-0.059855,-9.588778,-0.014655,0.018119,-0.022383
1706620623,6872675,0.081403,0.023942,-9.567230,-0.014123,0.017853,-0.022116
1706620623,6872714,0.105345,-0.062249,-9.543288,-0.011191,0.013323,-0.025847
1706620623,6872754,0.131681,-0.031125,-9.516952,-0.014655,0.017587,-0.023182
1706620624,6872793,0.095768,-0.038307,-9.512163,-0.014123,0.018386,-0.026113
1706620624,6872835,0.100556,-0.016759,-9.418790,-0.012524,0.018652,-0.022916
1706620624,6872875,0.119710,-0.021548,-9.564836,-0.015188,0.017054,-0.024248
1706620624,6872915,0.095768,-0.059855,-9.519346,-0.011458,0.014655,-0.023449
1706620624,6872955,0.122104,-0.009577,-9.478644,-0.014389,0.020251,-0.022916
1706620624,6872995,0.098162,-0.026336,-9.461885,-0.011458,0.017054,-0.023982
1706620624,6873034,0.057461,0.023942,-9.603143,-0.012257,0.017320,-0.023982
1706620624,6873074,0.071826,-0.016759,-9.564836,-0.012524,0.018919,-0.024248
1706620624,6873116,0.138864,-0.062249,-9.555259,-0.014123,0.013590,-0.025047
1706620624,6873156,0.146046,-0.011971,-9.548077,-0.013590,0.013590,-0.025047
1706620624,6873196,0.074220,-0.035913,-9.572019,-0.012257,0.017587,-0.024781
1706620624,6873236,0.124498,-0.110133,-9.521740,-0.012790,0.015455,-0.019985
1706620624,6873276,0.102951,-0.031125,-9.531317,-0.014655,0.019452,-0.024248
1706620624,6873315,0.055067,-0.031125,-9.473856,-0.014389,0.014922,-0.024515
1706620624,6873355,0.088585,-0.021548,-9.466674,-0.014922,0.018386,-0.025047
1706620624,6873398,0.114922,0.021548,-9.560047,-0.010925,0.017853,-0.024248
1706620624,6873438,0.086191,-0.011971,-9.610326,-0.013590,0.018119,-0.023715
1706620624,6873477,0.107739,0.055067,-9.576807,-0.012790,0.021051,-0.023449
1706620624,6873517,0.114922,-0.038307,-9.514558,-0.014389,0.017054,-0.025580
1706620624,6873557,0.069432,0.000000,-9.595961,-0.014389,0.015988,-0.025314
1706620624,6873597,0.129287,0.033519,-9.646238,-0.013590,0.018386,-0.025314
1706620624,6873639,0.122104,-0.033519,-9.564836,-0.013323,0.017853,-0.026380
1706620624,6873679,0.090980,0.004788,-9.636662,-0.013590,0.020251,-0.025047
1706620624,6873719,0.067038,-0.019154,-9.490616,-0.011191,0.016254,-0.025047
1706620624,6873759,0.081403,-0.014365,-9.607931,-0.015188,0.016521,-0.022383
1706620625,6873799,0.119710,0.069432,-9.533711,-0.013590,0.016521,-0.022383
1706620625,6873839,0.148441,-0.043096,-9.552865,-0.012790,0.014922,-0.023982
1706620625,6873878,0.117316,-0.023942,-9.552865,-0.014389,0.014655,-0.027446
1706620625,6873921,0.064643,0.004788,-9.555259,-0.013856,0.019185,-0.022916
1706620625,6873961,0.095768,-0.040701,-9.615114,-0.014389,0.017587,-0.023982
1706620625,6874000,0.112527,0.045490,-9.581595,-0.010925,0.017054,-0.023982
1706620625,6874040,0.093374,-0.002394,-9.500193,-0.010925,0.014123,-0.024781
1706620625,6874080,0.074220,0.023942,-9.507375,-0.011191,0.016521,-0.022916
1706620625,6874120,0.083797,-0.002394,-9.478644,-0.010658,0.018386,-0.022649
1706620625,6874160,0.083797,-0.038307,-9.536105,-0.012790,0.018386,-0.024248
1706620625,6874202,0.110133,-0.076614,-9.454702,-0.012524,0.017320,-0.022116
1706620625,6874242,0.090980,0.023942,-9.545682,-0.015721,0.020784,-0.023715
1706620625,6874282,0.100556,-0.083797,-9.464279,-0.012257,0.019718,-0.024248
1706620625,6874322,0.093374,-0.019154,-9.579201,-0.013323,0.019718,-0.026113
1706620625,6874361,0.110133,-0.043096,-9.598354,-0.011191,0.017054,-0.023715
1706620625,6874401,0.107739,0.002394,-9.526528,-0.013590,0.015455,-0.022649
1706620625,6874444,0.102951,-0.011971,-9.557653,-0.011458,0.018119,-0.025047
1706620625,6874483,0.083797,0.000000,-9.583989,-0.015988,0.017320,-0.026380
1706620625,6874523,0.086191,-0.071826,-9.593566,-0.013590,0.017320,-0.021317
1706620625,6874563,0.148441,-0.026336,-9.579201,-0.013323,0.016254,-0.023715
1706620625,6874603,0.064643,-0.019154,-9.610326,-0.014389,0.019185,-0.024781
1706620625,6874643,0.110133,-0.055067,-9.493010,-0.011191,0.012790,-0.023449
1706620625,6874683,0.141258,-0.055067,-9.516952,-0.010925,0.016787,-0.024515
1706620625,6874725,0.131681,0.004788,-9.562442,-0.012524,0.019185,-0.025047
1706620625,6874765,0.141258,-0.038307,-9.512163,-0.015988,0.021051,-0.022649
1706620626,6874804,0.055067,-0.052672,-9.524135,-0.010392,0.017587,-0.024515
1706620626,6874844,0.117316,-0.014365,-9.447520,-0.013590,0.016254,-0.025314
1706620626,6874884,0.110133,-0.004788,-9.540894,-0.014389,0.019718,-0.026913
1706620626,6874924,0.110133,0.035913,-9.622296,-0.010392,0.016787,-0.022383
1706620626,6874963,0.050278,-0.040701,-9.564836,-0.015455,0.015988,-0.022383
1706620626,6875013,0.081403,-0.019154,-9.560047,-0.013590,0.019452,-0.025847
1706620626,6875054,0.047884,0.007183,-9.569624,-0.013856,0.017320,-0.023449
1706620626,6875093,0.057461,-0.023942,-9.500193,-0.015188,0.019185,-0.025047
1706620626,6875133,0.043096,0.100556,-9.514558,-0.013057,0.018652,-0.024248
1706620626,6875172,0.079009,-0.016759,-9.641450,-0.016254,0.015988,-0.025047
1706620626,6875212,0.076614,-0.081403,-9.574412,-0.013856,0.021583,-0.023715
1706620626,6875254,0.098162,-0.016759,-9.651027,-0.013323,0.014123,-0.025314
1706620626,6875293,0.086191,-0.040701,-9.605537,-0.011191,0.016254,-0.026646
1706620626,6875333,0.146046,-0.033519,-9.550470,-0.013590,0.019985,-0.022383
1706620626,6875372,0.155623,-0.040701,-9.457097,-0.015455,0.018386,-0.024781
1706620626,6875412,0.019154,0.016759,-9.478644,-0.014123,0.020251,-0.022916
1706620626,6875452,0.110133,-0.028730,-9.548077,-0.013590,0.019718,-0.024515
1706620626,6875491,0.110133,-0.031125,-9.454702,-0.012257,0.014922,-0.023982
1706620626,6875533,0.098162,-0.031125,-9.574412,-0.011458,0.019185,-0.019185
1706620626,6875573,0.095768,0.021548,-9.567230,-0.011458,0.014922,-0.022649
1706620626,6875612,0.184354,-0.023942,-9.504981,-0.012790,0.018119,-0.022649
1706620626,6875652,0.177171,-0.026336,-9.428367,-0.013057,0.019452,-0.026913
1706620626,6875691,0.155623,-0.009577,-9.488221,-0.013057,0.018119,-0.025047
1706620626,6875731,0.100556,-0.021548,-9.607931,-0.014389,0.017853,-0.022649
1706620626,6875770,0.095768,-0.009577,-9.497798,-0.014389,0.016254,-0.025580
1706620627,6875812,0.122104,-0.062249,-9.504981,-0.012257,0.017587,-0.026646
1706620627,6875852,0.105345,-0.011971,-9.631873,-0.014123,0.017320,-0.023182
1706620627,6875891,0.153229,0.033519,-9.512163,-0.013856,0.015455,-0.022649
1706620627,6875931,0.141258,-0.038307,-9.514558,-0.011458,0.016521,-0.023449
1706620627,6875971,0.081403,0.002394,-9.572019,-0.013323,0.016787,-0.024515
1706620627,6876010,0.098162,0.004788,-9.603143,-0.016787,0.014655,-0.025047
1706620627,6876052,0.124498,-0.023942,-9.576807,-0.014922,0.016254,-0.027446
1706620627,6876091,0.169988,-0.016759,-9.605537,-0.012524,0.015721,-0.025314
1706620627,6876131,0.110133,0.000000,-9.555259,-0.011724,0.015188,-0.023182
1706620627,6876171,0.122104,0.014365,-9.538500,-0.011991,0.018386,-0.023449
1706620627,6876210,0.114922,-0.028730,-9.502586,-0.014655,0.018919,-0.022116
1706620627,6876250,0.083797,0.000000,-9.478644,-0.011991,0.017054,-0.024248
1706620627,6876289,0.100556,0.014365,-9.619903,-0.012257,0.020784,-0.024515
1706620627,6876331,0.146046,0.031125,-9.574412,-0.014123,0.019452,-0.026913
1706620627,6876371,0.126893,-0.031125,-9.591172,-0.012524,0.018386,-0.023715
1706620627,6876410,0.095768,-0.028730,-9.550470,-0.013057,0.016521,-0.022383
1706620627,6876450,0.069432,-0.035913,-9.418790,-0.012257,0.020784,-0.024248
1706620627,6876489,0.114922,-0.059855,-9.490616,-0.011458,0.017054,-0.024515
1706620627,6876529,0.102951,-0.023942,-9.536105,-0.010925,0.017320,-0.021317
1706620627,6876568,0.119710,-0.045490,-9.512163,-0.013057,0.020784,-0.021583
1706620627,6876610,0.067038,0.014365,-9.536105,-0.014922,0.017054,-0.025847
1706620627,6876650,0.146046,0.028730,-9.423578,-0.013057,0.017320,-0.023182
1706620627,6876689,0.122104,-0.002394,-9.548077,-0.015721,0.017320,-0.024781
1706620627,6876729,0.143652,-0.021548,-9.552865,-0.013590,0.018919,-0.023449
1706620627,6876768,0.110133,-0.033519,-9.607931,-0.014922,0.017320,-0.027446
1706620628,6876808,0.112527,-0.055067,-9.466674,-0.014655,0.015988,-0.021583
1706620628,6876850,0.093374,0.057461,-9.500193,-0.013590,0.018119,-0.025580
1706620628,6876889,0.126893,0.021548,-9.461885,-0.013856,0.013856,-0.025314
1706620628,6876929,0.165200,0.011971,-9.504981,-0.012257,0.013590,-0.023449
1706620628,6876968,0.045490,0.009577,-9.543288,-0.014123,0.018919,-0.019185
1706620628,6877008,0.114922,-0.016759,-9.655815,-0.015721,0.015188,-0.024248
1706620628,6877047,0.119710,-0.071826,-9.447520,-0.012790,0.017587,-0.023182
1706620628,6877087,0.069432,0.000000,-9.533711,-0.012790,0.019185,-0.023449
1706620628,6877129,0.100556,-0.007183,-9.574412,-0.012524,0.015455,-0.023982
1706620628,6877168,0.095768,0.007183,-9.457097,-0.013057,0.019718,-0.022916
1706620628,6877208,0.141258,0.023942,-9.564836,-0.013590,0.014123,-0.022649
1706620628,6877248,0.153229,0.004788,-9.555259,-0.012790,0.016787,-0.023982
1706620628,6877288,0.083797,0.014365,-9.418790,-0.013856,0.013057,-0.022916
1706620628,6877327,0.088585,-0.007183,-9.617508,-0.016521,0.016521,-0.023449
1706620628,6877367,0.124498,-0.023942,-9.540894,-0.013856,0.017587,-0.025314
1706620628,6877410,0.064643,0.021548,-9.536105,-0.010925,0.017054,-0.023715
1706620628,6877450,0.100556,-0.016759,-9.550470,-0.015455,0.018119,-0.023182
1706620628,6877489,0.126893,-0.043096,-9.531317,-0.011991,0.016787,-0.024781
1706620628,6877529,0.081403,0.014365,-9.550470,-0.011724,0.015988,-0.023715
1706620628,6877569,0.143652,0.016759,-9.631873,-0.013856,0.017587,-0.024781
1706620628,6877609,0.083797,0.050278,-9.557653,-0.013057,0.018119,-0.024781
1706620628,6877651,0.086191,0.045490,-9.552865,-0.015721,0.019185,-0.020518
1706620628,6877691,0.117316,-0.016759,-9.476251,-0.008260,0.015455,-0.025314
1706620628,6877731,0.095768,-0.014365,-9.533711,-0.013057,0.015721,-0.019985
1706620628,6877771,0.055067,-0.016759,-9.471462,-0.010392,0.015455,-0.023982
1706620629,6877811,0.062249,-0.026336,-9.567230,-0.011991,0.017853,-0.025047
1706620629,6877851,0.050278,-0.004788,-9.552865,-0.012790,0.018652,-0.024781
1706620629,6877890,0.158017,0.055067,-9.560047,-0.011724,0.015721,-0.026646
1706620629,6877933,0.196325,-0.095768,-9.428367,-0.014655,0.016787,-0.023715
1706620629,6877973,0.062249,0.023942,-9.473856,-0.013057,0.018386,-0.025047
1706620629,6878013,0.105345,-0.028730,-9.521740,-0.012257,0.017853,-0.025047
1706620629,6878052,0.119710,-0.019154,-9.624691,-0.011724,0.014655,-0.023182
1706620629,6878092,0.107739,-0.023942,-9.488221,-0.016521,0.014655,-0.024781
1706620629,6878132,0.107739,-0.002394,-9.488221,-0.013057,0.016254,-0.024781
1706620629,6878172,0.069432,-0.045490,-9.557653,-0.014922,0.019985,-0.024781
1706620629,6878214,0.090980,-0.016759,-9.507375,-0.012257,0.016521,-0.023449
1706620629,6878254,0.117316,-0.023942,-9.516952,-0.013057,0.017587,-0.023449
1706620629,6878294,0.047884,0.033519,-9.493010,-0.011458,0.015721,-0.026913
1706620629,6878334,0.047884,0.002394,-9.591172,-0.012524,0.017587,-0.027979
1706620629,6878374,0.079009,-0.059855,-9.586384,-0.014655,0.016787,-0.025847
1706620629,6878414,0.148441,-0.019154,-9.507375,-0.013057,0.016521,-0.023982
1706620629,6878456,0.100556,-0.071826,-9.540894,-0.011458,0.016521,-0.023715
1706620629,6878496,0.117316,-0.081403,-9.564836,-0.016787,0.018386,-0.023182
1706620629,6878536,0.131681,-0.004788,-9.531317,-0.012790,0.019452,-0.023182
1706620629,6878576,0.083797,-0.007183,-9.454702,-0.011991,0.019452,-0.024515
1706620629,6878616,0.028730,0.028730,-9.583989,-0.014389,0.015721,-0.025847
1706620629,6878655,0.081403,0.021548,-9.538500,-0.014655,0.017587,-0.025580
1706620629,6878695,0.069432,0.011971,-9.488221,-0.011991,0.015988,-0.022916
1706620629,6878738,0.105345,-0.107739,-9.622296,-0.012790,0.018652,-0.025047
1706620629,6878777,0.050278,0.009577,-9.557653,-0.015188,0.014655,-0.022916
1706620630,6878817,0.069432,-0.016759,-9.459491,-0.013856,0.014655,-0.025847
1706620630,6878857,0.122104,-0.045490,-9.550470,-0.015988,0.017320,-0.022383
1706620630,6878897,0.155623,-0.055067,-9.574412,-0.012524,0.017587,-0.023449
1706620630,6878937,0.100556,-0.016759,-9.591172,-0.017587,0.017054,-0.023715
1706620630,6878977,0.136469,-0.023942,-9.428367,-0.013323,0.018119,-0.023449
1706620630,6879019,0.083797,-0.011971,-9.617508,-0.014922,0.014123,-0.024515
1706620630,6879069,0.107739,-0.011971,-9.485827,-0.012257,0.018119,-0.022383
1706620630,6879109,0.143652,-0.023942,-9.526528,-0.014123,0.016254,-0.025847
1706620630,6879149,0.143652,-0.033519,-9.569624,-0.014123,0.017320,-0.025847
1706620630,6879189,0.050278,-0.007183,-9.667787,-0.012257,0.016787,-0.021317
1706620630,6879228,0.098162,-0.021548,-9.533711,-0.013856,0.016787,-0.025314
1706620630,6879278,0.059855,0.002394,-9.514558,-0.015188,0.019718,-0.021317
1706620630,6879319,0.136469,0.009577,-9.516952,-0.014655,0.018119,-0.025580
1706620630,6879358,0.105345,0.009577,-9.548077,-0.014655,0.014655,-0.024781
1706620630,6879398,0.148441,0.016759,-9.574412,-0.013590,0.016787,-0.024515
1706620630,6879437,0.086191,-0.033519,-9.488221,-0.010658,0.017853,-0.023982
1706620630,6879477,0.083797,0.019154,-9.528923,-0.013590,0.017320,-0.024515
1706620630,6879516,0.026336,0.016759,-9.466674,-0.012790,0.018652,-0.023182
1706620630,6879558,0.102951,-0.014365,-9.603143,-0.012790,0.017587,-0.024515
1706620630,6879598,0.155623,-0.011971,-9.481039,-0.014389,0.020251,-0.026380
1706620630,6879637,0.086191,-0.021548,-9.600749,-0.013323,0.018919,-0.021850
1706620630,6879677,0.112527,-0.059855,-9.552865,-0.015721,0.019452,-0.024781
1706620630,6879716,0.067038,0.021548,-9.574412,-0.015988,0.019185,-0.023715
1706620630,6879756,0.110133,0.052672,-9.454702,-0.011991,0.017587,-0.022916
1706620631,6879796,0.095768,0.004788,-9.423578,-0.011724,0.018919,-0.024515
1706620631,6879838,0.031125,0.026336,-9.514558,-0.010392,0.019185,-0.024515
1706620631,6879877,0.138864,0.007183,-9.540894,-0.012790,0.019718,-0.023715
1706620631,6879917,0.055067,-0.045490,-9.579201,-0.011458,0.018386,-0.024781
1706620631,6879956,0.069432,-0.004788,-9.615114,-0.013590,0.018652,-0.022383
1706620631,6879996,0.098162,-0.088585,-9.526528,-0.014123,0.016787,-0.024781
1706620631,6880035,0.098162,-0.033519,-9.600749,-0.013057,0.017853,-0.024515
1706620631,6880075,0.102951,-0.021548,-9.502586,-0.013590,0.017853,-0.023715
1706620631,6880117,0.107739,0.026336,-9.555259,-0.012257,0.016787,-0.022649
1706620631,6880156,0.093374,0.016759,-9.524135,-0.013590,0.019718,-0.024781
1706620631,6880196,0.117316,-0.057461,-9.483433,-0.014922,0.018386,-0.023715
1706620631,6880235,0.134075,0.040701,-9.665392,-0.012524,0.016787,-0.023182
1706620631,6880275,0.028730,-0.059855,-9.521740,-0.012524,0.017853,-0.022116
1706620631,6880314,0.090980,-0.019154,-9.567230,-0.013057,0.018119,-0.023449
1706620631,6880356,0.086191,0.002394,-9.579201,-0.015988,0.017054,-0.024781
1706620631,6880396,0.105345,0.014365,-9.550470,-0.013856,0.016787,-0.025047
1706620631,6880435,0.158017,-0.009577,-9.567230,-0.013057,0.017320,-0.023182
1706620631,6880475,0.114922,0.004788,-9.583989,-0.010925,0.019452,-0.025047
1706620631,6880514,0.126893,0.002394,-9.674969,-0.011458,0.018119,-0.025847
1706620631,6880554,0.076614,-0.009577,-9.552865,-0.014389,0.017587,-0.023982
1706620631,6880594,0.095768,0.002394,-9.516952,-0.014389,0.015455,-0.023182
1706620631,6880635,0.141258,0.023942,-9.509769,-0.014655,0.017853,-0.024248
1706620631,6880675,0.134075,-0.021548,-9.557653,-0.013856,0.016254,-0.023182
1706620631,6880715,0.110133,-0.002394,-9.552865,-0.014389,0.019185,-0.025847
1706620631,6880754,0.112527,0.023942,-9.579201,-0.015988,0.018919,-0.024248
1706620632,6880794,0.100556,-0.004788,-9.605537,-0.013856,0.017587,-0.023982
1706620632,6880833,0.160412,0.007183,-9.622296,-0.013590,0.016521,-0.023449
1706620632,6880873,0.138864,-0.019154,-9.533711,-0.010126,0.015188,-0.023715
1706620632,6880915,0.129287,-0.105345,-9.550470,-0.014655,0.016521,-0.023982
1706620632,6880954,0.105345,-0.047884,-9.581595,-0.014389,0.018386,-0.025314
1706620632,6880994,0.067038,0.007183,-9.464279,-0.013323,0.019452,-0.022116
1706620632,6881033,0.126893,-0.047884,-9.526528,-0.013856,0.016254,-0.021850
1706620632,6881073,0.095768,-0.021548,-9.502586,-0.010126,0.013323,-0.024248
1706620632,6881112,0.122104,-0.055067,-9.516952,-0.015721,0.020784,-0.024248
1706620632,6881154,0.110133,0.014365,-9.591172,-0.009326,0.015188,-0.023182
1706620632,6881193,0.119710,-0.059855,-9.526528,-0.014123,0.014922,-0.023449
1706620632,6881233,0.064643,-0.019154,-9.473856,-0.013057,0.018919,-0.022116
1706620632,6881272,0.057461,-0.028730,-9.548077,-0.016521,0.018386,-0.024781
1706620632,6881312,0.040701,0.000000,-9.562442,-0.014123,0.015188,-0.025314
1706620632,6881351,0.095768,-0.023942,-9.555259,-0.013590,0.022649,-0.024515
1706620632,6881391,0.071826,-0.014365,-9.504981,-0.013590,0.018119,-0.022116
1706620632,6881433,0.083797,-0.071826,-9.471462,-0.011991,0.014922,-0.023182
1706620632,6881473,0.117316,-0.033519,-9.490616,-0.011458,0.015988,-0.025314
1706620632,6881512,0.126893,0.038307,-9.471462,-0.014922,0.015721,-0.023982
1706620632,6881552,0.141258,0.014365,-9.562442,-0.010658,0.016254,-0.023982
1706620632,6881592,0.093374,-0.023942,-9.536105,-0.012790,0.019452,-0.025314
1706620632,6881632,0.110133,0.000000,-9.662998,-0.010126,0.017054,-0.024515
1706620632,6881671,0.138864,-0.004788,-9.634268,-0.014655,0.014123,-0.024781
1706620632,6881714,0.093374,-0.043096,-9.605537,-0.009326,0.017587,-0.025047
1706620632,6881754,0.071826,0.028730,-9.648633,-0.015988,0.019185,-0.024515
1706620633,6881793,0.110133,-0.019154,-9.572019,-0.014389,0.016521,-0.023449
1706620633,6881833,0.050278,-0.047884,-9.516952,-0.011458,0.013856,-0.020784
1706620633,6881873,0.119710,-0.043096,-9.562442,-0.013590,0.017853,-0.020518
1706620633,6881913,0.129287,-0.055067,-9.521740,-0.011991,0.017587,-0.027712
1706620633,6881955,0.186748,0.014365,-9.485827,-0.014123,0.021850,-0.020784
1706620633,6881995,0.100556,-0.011971,-9.607931,-0.015188,0.018652,-0.023715
1706620633,6882035,0.124498,0.007183,-9.476251,-0.012257,0.018919,-0.023449
1706620633,6882075,0.148441,-0.031125,-9.528923,-0.011458,0.015988,-0.026380
1706620633,6882115,0.069432,0.038307,-9.586384,-0.017320,0.016254,-0.026380
1706620633,6882154,0.129287,-0.002394,-9.483433,-0.012790,0.018919,-0.023715
1706620633,6882194,0.033519,-0.040701,-9.555259,-0.015721,0.015188,-0.023982
1706620633,6882237,0.098162,-0.026336,-9.488221,-0.013057,0.015721,-0.025580
1706620633,6882276,0.098162,0.007183,-9.579201,-0.011458,0.018386,-0.023715
1706620633,6882316,0.102951,-0.021548,-9.598354,-0.016521,0.015455,-0.026646
1706620633,6882356,0.141258,-0.002394,-9.562442,-0.013057,0.019452,-0.022916
1706620633,6882396,0.098162,0.002394,-9.485827,-0.012524,0.021850,-0.020784
1706620633,6882436,0.050278,-0.069432,-9.557653,-0.015188,0.016521,-0.022916
1706620633,6882476,0.098162,-0.031125,-9.430760,-0.013057,0.020251,-0.025047
1706620633,6882518,0.067038,0.004788,-9.548077,-0.012524,0.018119,-0.024781
1706620633,6882558,0.064643,0.002394,-9.564836,-0.012790,0.015188,-0.021850
1706620633,6882598,0.122104,-0.021548,-9.528923,-0.012790,0.017587,-0.020518
1706620633,6882637,0.131681,-0.031125,-9.576807,-0.012790,0.020784,-0.022649
1706620633,6882677,0.141258,-0.004788,-9.600749,-0.013590,0.018652,-0.023982
1706620633,6882717,0.095768,0.028730,-9.521740,-0.011724,0.015455,-0.022916
1706620633,6882759,0.165200,0.002394,-9.471462,-0.015455,0.019985,-0.025580
1706620634,6882799,0.040701,-0.031125,-9.634268,-0.012257,0.015188,-0.023715
1706620634,6882839,0.114922,0.007183,-9.533711,-0.013856,0.022649,-0.023982
1706620634,6882879,0.141258,0.014365,-9.425972,-0.011724,0.015988,-0.022649
1706620634,6882919,0.083797,-0.009577,-9.572019,-0.011458,0.018119,-0.027179
1706620634,6882958,0.081403,-0.011971,-9.634268,-0.014123,0.017054,-0.025580
1706620634,6882998,0.023942,0.000000,-9.488221,-0.015721,0.018386,-0.025314
1706620634,6883041,0.126893,0.014365,-9.564836,-0.011191,0.015455,-0.022383
1706620634,6883080,0.114922,-0.014365,-9.586384,-0.013323,0.020251,-0.022649
1706620634,6883120,0.148441,-0.031125,-9.557653,-0.015988,0.019718,-0.022116
1706620634,6883160,0.141258,-0.009577,-9.500193,-0.013856,0.018652,-0.026646
1706620634,6883200,0.141258,-0.059855,-9.483433,-0.013856,0.014389,-0.021317
1706620634,6883240,0.069432,-0.045490,-9.612720,-0.012790,0.019985,-0.023182
1706620634,6883280,0.117316,-0.043096,-9.543288,-0.011191,0.019452,-0.025314
1706620634,6883322,0.064643,0.009577,-9.545682,-0.014123,0.018919,-0.023449
1706620634,6883362,0.055067,-0.028730,-9.538500,-0.013057,0.020518,-0.025314
1706620634,6883401,0.086191,0.002394,-9.507375,-0.012524,0.017587,-0.023715
1706620634,6883441,0.074220,-0.052672,-9.526528,-0.013856,0.013856,-0.023715
1706620634,6883481,0.117316,-0.016759,-9.557653,-0.011458,0.016521,-0.023182
1706620634,6883521,0.028730,-0.052672,-9.579201,-0.015721,0.017587,-0.023982
1706620634,6883571,0.146046,0.000000,-9.483433,-0.014389,0.015188,-0.025580
1706620634,6883611,0.112527,0.021548,-9.564836,-0.015188,0.017320,-0.025314
1706620634,6883651,0.059855,0.009577,-9.466674,-0.013323,0.013323,-0.023449
1706620634,6883690,0.093374,-0.057461,-9.593566,-0.015988,0.020518,-0.023982
1706620634,6883730,0.052672,-0.007183,-9.555259,-0.014655,0.016521,-0.021583
1706620634,6883769,0.117316,-0.023942,-9.521740,-0.014389,0.018386,-0.022916
1706620635,6883809,0.158017,0.016759,-9.521740,-0.014123,0.017054,-0.025047
1706620635,6883850,0.122104,-0.002394,-9.471462,-0.012524,0.015988,-0.019718
1706620635,6883890,0.117316,0.021548,-9.521740,-0.011191,0.016787,-0.026113
1706620635,6883930,0.074220,0.009577,-9.598354,-0.015188,0.018919,-0.025314
1706620635,6883969,0.057461,-0.002394,-9.560047,-0.012790,0.019718,-0.022916
1706620635,6884009,0.095768,-0.102951,-9.588778,-0.011458,0.016254,-0.022916
1706620635,6884048,0.098162,-0.019154,-9.576807,-0.014922,0.021051,-0.021317
1706620635,6884088,0.062249,-0.023942,-9.557653,-0.013856,0.020251,-0.025847
1706620635,6884130,0.069432,-0.062249,-9.567230,-0.014123,0.021317,-0.026913
1706620635,6884169,0.138864,-0.004788,-9.478644,-0.011991,0.014922,-0.027179
1706620635,6884209,0.064643,-0.004788,-9.603143,-0.013323,0.015721,-0.025314
1706620635,6884248,0.043096,-0.014365,-9.572019,-0.016787,0.019185,-0.023449
1706620635,6884288,0.083797,-0.009577,-9.512163,-0.011458,0.021583,-0.022649
1706620635,6884327,0.126893,-0.021548,-9.540894,-0.015988,0.022116,-0.025047
1706620635,6884369,0.076614,-0.059855,-9.552865,-0.015721,0.018386,-0.023715
1706620635,6884409,0.110133,-0.050278,-9.540894,-0.013590,0.015988,-0.024248
1706620635,6884448,0.155623,-0.062249,-9.576807,-0.013856,0.017054,-0.025314
1706620635,6884488,0.095768,0.011971,-9.552865,-0.012524,0.016521,-0.023182
1706620635,6884527,0.112527,-0.007183,-9.495404,-0.012524,0.017054,-0.024248
1706620635,6884567,0.158017,-0.007183,-9.521740,-0.015455,0.023449,-0.023182
1706620635,6884606,0.136469,-0.038307,-9.550470,-0.012257,0.019452,-0.024248
1706620635,6884648,0.102951,0.002394,-9.634268,-0.014389,0.017587,-0.024781
1706620635,6884688,0.069432,-0.050278,-9.526528,-0.010925,0.014922,-0.023182
1706620635,6884727,0.148441,-0.019154,-9.516952,-0.014922,0.018386,-0.023982
1706620635,6884767,0.071826,0.000000,-9.457097,-0.010658,0.017587,-0.023449
1706620636,6884807,0.023942,0.011971,-9.593566,-0.015188,0.016254,-0.020518
1706620636,6884846,0.117316,-0.033519,-9.521740,-0.015455,0.017054,-0.027179
1706620636,6884886,0.086191,-0.040701,-9.564836,-0.013856,0.016254,-0.021850
1706620636,6884928,0.086191,-0.038307,-9.564836,-0.013590,0.014123,-0.021850
1706620636,6884967,0.095768,-0.016759,-9.600749,-0.011991,0.019718,-0.023449
1706620636,6885007,0.122104,-0.031125,-9.543288,-0.010658,0.017320,-0.023715
1706620636,6885046,0.160412,0.009577,-9.519346,-0.011991,0.017853,-0.025580
1706620636,6885086,0.136469,-0.011971,-9.612720,-0.010392,0.018652,-0.023982
1706620636,6885125,0.076614,-0.069432,-9.550470,-0.010658,0.015188,-0.025047
1706620636,6885167,0.114922,-0.045490,-9.514558,-0.012790,0.016787,-0.021317
1706620636,6885207,0.079009,-0.033519,-9.531317,-0.011991,0.022383,-0.023182
1706620636,6885246,0.090980,-0.064643,-9.536105,-0.011991,0.019452,-0.024248
1706620636,6885286,0.105345,0.031125,-9.524135,-0.012257,0.019985,-0.023715
1706620636,6885326,0.064643,-0.031125,-9.658210,-0.010392,0.016254,-0.022116
1706620636,6885365,0.069432,0.028730,-9.485827,-0.011191,0.018119,-0.025580
1706620636,6885405,0.074220,-0.026336,-9.509769,-0.011991,0.015188,-0.024515
1706620636,6885447,0.050278,-0.023942,-9.507375,-0.014123,0.024515,-0.024248
1706620636,6885486,0.083797,-0.002394,-9.586384,-0.012790,0.020784,-0.024515
1706620636,6885526,0.105345,-0.033519,-9.536105,-0.012257,0.018386,-0.023982
1706620636,6885565,0.146046,0.016759,-9.598354,-0.014123,0.013590,-0.025314
1706620636,6885605,0.057461,-0.050278,-9.593566,-0.013057,0.017853,-0.023182
1706620636,6885644,0.112527,-0.040701,-9.572019,-0.011458,0.018652,-0.020518
1706620636,6885683,0.102951,0.035913,-9.610326,-0.013057,0.018386,-0.023449
1706620636,6885726,0.088585,-0.067038,-9.639056,-0.014922,0.017054,-0.021051
1706620636,6885765,0.067038,0.002394,-9.531317,-0.010392,0.016521,-0.023182
1706620637,6885806,0.098162,-0.014365,-9.569624,-0.011991,0.019985,-0.023449
1706620637,6885846,0.102951,0.007183,-9.464279,-0.012257,0.018652,-0.023715
1706620637,6885885,0.110133,0.011971,-9.526528,-0.013323,0.025314,-0.025847
1706620637,6885925,0.134075,-0.047884,-9.533711,-0.011991,0.017054,-0.028778
1706620637,6885967,0.088585,0.040701,-9.531317,-0.013323,0.015188,-0.023982
1706620637,6886007,0.126893,-0.021548,-9.445126,-0.011458,0.013590,-0.022649
1706620637,6886047,0.150835,-0.019154,-9.560047,-0.013323,0.013856,-0.022916
1706620637,6886087,0.119710,-0.031125,-9.457097,-0.009593,0.020251,-0.024248
1706620637,6886126,0.095768,-0.045490,-9.545682,-0.014922,0.017320,-0.025047
1706620637,6886166,0.134075,-0.023942,-9.545682,-0.013057,0.013323,-0.024515
1706620637,6886206,0.122104,-0.038307,-9.560047,-0.010925,0.020784,-0.024248
1706620637,6886248,0.052672,-0.009577,-9.540894,-0.013323,0.016787,-0.025047
1706620637,6886288,0.093374,0.014365,-9.528923,-0.014922,0.017054,-0.023982
1706620637,6886328,0.102951,-0.031125,-9.524135,-0.014389,0.013590,-0.022916
1706620637,6886368,0.126893,-0.019154,-9.500193,-0.011991,0.016787,-0.021850
1706620637,6886408,0.088585,-0.047884,-9.538500,-0.012790,0.021317,-0.022916
1706620637,6886447,0.107739,-0.040701,-9.550470,-0.016254,0.018386,-0.022383
1706620637,6886487,0.083797,-0.009577,-9.567230,-0.014123,0.017587,-0.026913
1706620637,6886530,0.057461,0.004788,-9.569624,-0.014922,0.017054,-0.023182
1706620637,6886569,0.047884,-0.014365,-9.629479,-0.013057,0.017320,-0.023182
1706620637,6886609,0.067038,-0.038307,-9.658210,-0.011991,0.017054,-0.023982
1706620637,6886649,0.119710,-0.019154,-9.574412,-0.013856,0.023182,-0.025314
1706620637,6886689,0.098162,0.026336,-9.643845,-0.014123,0.022116,-0.023449
1706620637,6886729,0.100556,-0.016759,-9.540894,-0.010126,0.013057,-0.025314
1706620637,6886771,0.086191,-0.043096,-9.557653,-0.014123,0.017320,-0.023715
1706620638,6886811,0.119710,0.026336,-9.526528,-0.011724,0.020784,-0.025314
1706620638,6886851,0.117316,-0.009577,-9.488221,-0.013856,0.021051,-0.022916
1706620638,6886891,0.148441,-0.028730,-9.564836,-0.014123,0.019452,-0.022916
1706620638,6886930,0.141258,0.023942,-9.483433,-0.014123,0.018119,-0.022383
1706620638,6886970,0.093374,0.035913,-9.497798,-0.010925,0.018119,-0.024248
1706620638,6887010,0.093374,-0.026336,-9.615114,-0.013323,0.018386,-0.024248
1706620638,6887052,0.107739,-0.038307,-9.610326,-0.015188,0.021850,-0.027446
1706620638,6887092,0.129287,-0.047884,-9.504981,-0.013856,0.014922,-0.025314
1706620638,6887132,0.100556,-0.004788,-9.591172,-0.015188,0.019452,-0.023715
1706620638,6887172,0.088585,-0.064643,-9.569624,-0.015721,0.021850,-0.028511
1706620638,6887212,0.126893,-0.021548,-9.619903,-0.012790,0.017587,-0.026913
1706620638,6887252,0.112527,0.019154,-9.478644,-0.014655,0.017054,-0.026113
1706620638,6887291,0.124498,0.021548,-9.478644,-0.013323,0.017587,-0.025580
1706620638,6887334,0.095768,-0.023942,-9.536105,-0.013057,0.018119,-0.024781
1706620638,6887373,0.057461,-0.016759,-9.533711,-0.011991,0.017320,-0.026913
1706620638,6887414,0.136469,-0.033519,-9.524135,-0.011458,0.019185,-0.025314
1706620638,6887453,0.119710,-0.019154,-9.603143,-0.017054,0.017320,-0.023982
1706620638,6887493,0.055067,0.040701,-9.526528,-0.010925,0.018919,-0.023182
1706620638,6887533,0.124498,0.004788,-9.509769,-0.013323,0.019185,-0.022916
1706620638,6887573,0.122104,-0.033519,-9.562442,-0.011458,0.020784,-0.025847
1706620638,6887615,0.081403,-0.014365,-9.488221,-0.014922,0.015188,-0.020784
1706620638,6887655,0.076614,-0.023942,-9.567230,-0.014922,0.015721,-0.023182
1706620638,6887695,0.148441,-0.043096,-9.562442,-0.015988,0.017587,-0.023715
1706620638,6887734,0.126893,0.031125,-9.564836,-0.012524,0.014123,-0.023182
1706620638,6887774,0.122104,-0.011971,-9.481039,-0.013856,0.015721,-0.025047
1706620639,6887814,0.105345,-0.083797,-9.509769,-0.013590,0.017587,-0.025314
1706620639,6887864,0.129287,0.021548,-9.557653,-0.012524,0.018386,-0.020784
1706620639,6887905,0.119710,-0.050278,-9.622296,-0.012257,0.016787,-0.024515
1706620639,6887944,0.081403,-0.043096,-9.562442,-0.014389,0.019452,-0.020251
1706620639,6887984,0.076614,-0.028730,-9.574412,-0.014922,0.018119,-0.023982
1706620639,6888023,0.071826,-0.002394,-9.560047,-0.010925,0.019718,-0.022916
1706620639,6888063,0.131681,-0.011971,-9.528923,-0.011458,0.015188,-0.025314
1706620639,6888102,0.081403,-0.050278,-9.531317,-0.012524,0.018652,-0.023182
1706620639,6888144,0.124498,-0.007183,-9.516952,-0.014922,0.017853,-0.023449
1706620639,6888183,0.110133,0.021548,-9.500193,-0.015988,0.017320,-0.022916
1706620639,6888223,0.067038,0.052672,-9.583989,-0.011724,0.017587,-0.022383
1706620639,6888263,0.079009,-0.014365,-9.454702,-0.015988,0.014123,-0.023715
1706620639,6888302,0.057461,-0.009577,-9.493010,-0.012790,0.016521,-0.024248
1706620639,6888342,0.136469,-0.004788,-9.495404,-0.012790,0.022116,-0.024781
1706620639,6888381,0.134075,0.045490,-9.464279,-0.012524,0.015988,-0.022916
1706620639,6888423,0.064643,-0.019154,-9.524135,-0.014389,0.015988,-0.027179
1706620639,6888463,0.031125,-0.043096,-9.504981,-0.012790,0.018652,-0.024248
1706620639,6888502,0.095768,-0.055067,-9.639056,-0.014123,0.018652,-0.024248
1706620639,6888542,0.110133,-0.016759,-9.519346,-0.015188,0.015988,-0.024248
1706620639,6888581,0.098162,-0.009577,-9.536105,-0.013856,0.018119,-0.021317
1706620639,6888621,0.059855,-0.014365,-9.502586,-0.013323,0.014922,-0.023982
1706620639,6888663,0.052672,0.002394,-9.516952,-0.011458,0.013323,-0.023449
1706620639,6888702,0.090980,0.035913,-9.588778,-0.012790,0.016787,-0.024781
1706620639,6888742,0.076614,-0.047884,-9.591172,-0.014389,0.019985,-0.023982
1706620639,6888782,0.107739,0.007183,-9.622296,-0.013323,0.018119,-0.023982
1706620640,6888821,0.114922,-0.019154,-9.516952,-0.015721,0.016521,-0.023715
1706620640,6888861,0.098162,-0.009577,-9.536105,-0.011724,0.016787,-0.025047
1706620640,6888900,0.088585,-0.038307,-9.564836,-0.015188,0.019185,-0.024248
1706620640,6888942,0.076614,0.007183,-9.540894,-0.012790,0.017054,-0.028245
1706620640,6888982,0.114922,-0.016759,-9.545682,-0.015455,0.016521,-0.026913
1706620640,6889021,0.150835,-0.019154,-9.519346,-0.014389,0.018119,-0.023982
1706620640,6889061,0.057461,-0.009577,-9.548077,-0.012524,0.020784,-0.023715
1706620640,6889100,0.126893,-0.040701,-9.531317,-0.015188,0.015721,-0.025847
1706620640,6889140,0.134075,0.043096,-9.488221,-0.012257,0.016254,-0.023982
1706620640,6889179,0.088585,-0.028730,-9.495404,-0.011991,0.018386,-0.018919
1706620640,6889221,0.148441,-0.014365,-9.557653,-0.017320,0.019452,-0.024248
1706620640,6889261,0.090980,0.055067,-9.493010,-0.012524,0.015988,-0.023449
1706620640,6889300,0.076614,-0.033519,-9.533711,-0.011191,0.019185,-0.023982
1706620640,6889340,0.083797,0.026336,-9.569624,-0.015455,0.017853,-0.023715
1706620640,6889379,0.038307,-0.055067,-9.512163,-0.015188,0.015455,-0.025314
1706620640,6889419,0.146046,-0.004788,-9.548077,-0.010925,0.016521,-0.022649
1706620640,6889461,0.055067,-0.040701,-9.564836,-0.013590,0.017054,-0.020784
1706620640,6889500,0.069432,0.045490,-9.452309,-0.013323,0.014389,-0.023982
1706620640,6889540,0.119710,0.011971,-9.516952,-0.012790,0.018919,-0.025314
1706620640,6889580,0.095768,-0.009577,-9.619903,-0.015988,0.018386,-0.024781
1706620640,6889619,0.110133,0.019154,-9.533711,-0.013856,0.019718,-0.025580
1706620640,6889659,0.090980,0.019154,-9.653421,-0.013590,0.014389,-0.023182
1706620640,6889698,0.069432,-0.052672,-9.516952,-0.014389,0.016254,-0.023182
1706620640,6889740,0.105345,-0.002394,-9.567230,-0.013590,0.015188,-0.022383
1706620640,6889779,0.141258,0.021548,-9.488221,-0.013590,0.015188,-0.023449
1706620641,6889819,0.064643,0.026336,-9.627085,-0.014922,0.014123,-0.022649
1706620641,6889859,0.028730,0.002394,-9.550470,-0.015188,0.016521,-0.022649
1706620641,6889898,0.102951,-0.059855,-9.543288,-0.013590,0.022383,-0.023182
1706620641,6889938,0.083797,0.000000,-9.464279,-0.009060,0.015455,-0.024781
1706620641,6889977,0.114922,-0.052672,-9.550470,-0.012257,0.023182,-0.022383
1706620641,6890019,0.136469,0.021548,-9.437943,-0.013057,0.018652,-0.022116
1706620641,6890059,0.160412,-0.031125,-9.540894,-0.013323,0.016787,-0.025047
1706620641,6890099,0.090980,0.045490,-9.588778,-0.012257,0.018119,-0.023715
1706620641,6890139,0.040701,-0.064643,-9.629479,-0.014922,0.019452,-0.025314
1706620641,6890178,0.114922,-0.035913,-9.471462,-0.009060,0.017853,-0.022649
1706620641,6890218,0.136469,-0.004788,-9.595961,-0.013323,0.021051,-0.022916
1706620641,6890260,0.119710,0.000000,-9.552865,-0.013323,0.017587,-0.025314
1706620641,6890300,0.086191,-0.021548,-9.485827,-0.013323,0.016521,-0.022649
1706620641,6890340,0.047884,-0.004788,-9.504981,-0.014922,0.017587,-0.025580
1706620641,6890380,0.095768,-0.026336,-9.603143,-0.014922,0.014922,-0.024515
1706620641,6890420,0.081403,-0.045490,-9.567230,-0.013590,0.017320,-0.022116
1706620641,6890460,0.107739,0.035913,-9.533711,-0.017853,0.014123,-0.026113
1706620641,6890499,0.112527,-0.026336,-9.543288,-0.012524,0.015721,-0.026646
1706620641,6890542,0.134075,0.031125,-9.524135,-0.015188,0.016254,-0.023182
1706620641,6890582,0.081403,-0.016759,-9.600749,-0.011991,0.018652,-0.023449
1706620641,6890621,0.122104,0.011971,-9.500193,-0.010392,0.018119,-0.021317
1706620641,6890661,0.129287,-0.047884,-9.557653,-0.013057,0.019718,-0.021317
1706620641,6890701,0.081403,-0.019154,-9.562442,-0.012524,0.019985,-0.024781
1706620641,6890741,0.129287,0.035913,-9.655815,-0.009326,0.015455,-0.025047
1706620641,6890781,0.138864,-0.050278,-9.490616,-0.014389,0.019985,-0.024248
1706620642,6890823,0.093374,-0.009577,-9.528923,-0.013590,0.020251,-0.024781
1706620642,6890863,0.129287,0.009577,-9.595961,-0.012790,0.015188,-0.021583
1706620642,6890903,0.146046,-0.033519,-9.634268,-0.011724,0.018119,-0.023982
1706620642,6890943,0.079009,-0.028730,-9.512163,-0.013057,0.017587,-0.021583
1706620642,6890982,0.057461,-0.009577,-9.631873,-0.014655,0.013323,-0.021051
1706620642,6891022,0.141258,0.016759,-9.485827,-0.015988,0.015455,-0.024781
1706620642,6891065,0.131681,-0.002394,-9.576807,-0.012257,0.014922,-0.022916
1706620642,6891104,0.129287,-0.014365,-9.514558,-0.013323,0.019185,-0.022649
1706620642,6891144,0.102951,-0.043096,-9.516952,-0.014123,0.017320,-0.025580
1706620642,6891184,0.090980,-0.004788,-9.579201,-0.010392,0.019985,-0.024515
1706620642,6891224,0.117316,-0.021548,-9.531317,-0.016521,0.016787,-0.021583
1706620642,6891264,0.090980,0.007183,-9.440337,-0.013057,0.018119,-0.026380
1706620642,6891304,0.110133,-0.040701,-9.550470,-0.013323,0.016787,-0.025314
1706620642,6891346,0.033519,-0.088585,-9.545682,-0.011724,0.016787,-0.023982
1706620642,6891386,0.086191,0.004788,-9.490616,-0.011724,0.018386,-0.025047
1706620642,6891426,0.098162,0.043096,-9.548077,-0.013590,0.019185,-0.022916
1706620642,6891466,0.059855,-0.023942,-9.507375,-0.016254,0.017320,-0.023982
1706620642,6891505,0.047884,-0.028730,-9.516952,-0.012790,0.021583,-0.023449
1706620642,6891545,0.107739,-0.009577,-9.579201,-0.013590,0.014922,-0.023982
1706620642,6891585,0.114922,0.016759,-9.461885,-0.012790,0.019452,-0.026113
1706620642,6891628,0.134075,0.028730,-9.485827,-0.013856,0.018386,-0.024781
1706620642,6891667,0.138864,-0.064643,-9.550470,-0.014922,0.018386,-0.023982
1706620642,6891707,0.090980,0.009577,-9.521740,-0.014655,0.014389,-0.023449
1706620642,6891747,0.050278,-0.043096,-9.583989,-0.015188,0.014655,-0.023715
1706620642,6891787,0.031125,-0.047884,-9.536105,-0.011991,0.018919,-0.025847
1706620643,6891827,0.093374,-0.033519,-9.521740,-0.012790,0.022116,-0.021317
1706620643,6891869,0.126893,0.007183,-9.569624,-0.015721,0.016521,-0.023182
1706620643,6891909,0.110133,-0.021548,-9.528923,-0.011991,0.015455,-0.026646
1706620643,6891949,0.155623,-0.045490,-9.543288,-0.011724,0.018386,-0.023982
1706620643,6891989,0.114922,0.026336,-9.579201,-0.012257,0.018919,-0.025847
1706620643,6892029,0.064643,-0.052672,-9.538500,-0.015988,0.019718,-0.024515
1706620643,6892068,0.122104,0.000000,-9.526528,-0.012790,0.017587,-0.024781
1706620643,6892108,0.124498,-0.038307,-9.507375,-0.014123,0.017853,-0.026646
1706620643,6892158,0.107739,0.009577,-9.564836,-0.013323,0.018119,-0.022916
1706620643,6892199,0.067038,0.011971,-9.572019,-0.013856,0.018919,-0.025047
1706620643,6892238,0.081403,-0.043096,-9.552865,-0.013057,0.014123,-0.024515
1706620643,6892278,0.090980,0.035913,-9.488221,-0.011191,0.015988,-0.022916
1706620643,6892317,0.081403,-0.038307,-9.634268,-0.013323,0.018386,-0.023715
1706620643,6892357,0.064643,-0.047884,-9.495404,-0.011191,0.017853,-0.021051
1706620643,6892396,0.064643,-0.014365,-9.504981,-0.013590,0.019452,-0.024248
1706620643,6892438,0.158017,-0.052672,-9.540894,-0.014389,0.016787,-0.022649
1706620643,6892478,0.172383,0.023942,-9.504981,-0.010392,0.017054,-0.023449
1706620643,6892517,0.062249,-0.043096,-9.533711,-0.014389,0.016521,-0.023982
1706620643,6892557,0.105345,-0.004788,-9.552865,-0.012524,0.020518,-0.023182
1706620643,6892597,0.071826,-0.016759,-9.569624,-0.009859,0.016787,-0.020518
1706620643,6892636,0.143652,0.040701,-9.583989,-0.013590,0.022383,-0.024248
1706620643,6892678,0.071826,-0.026336,-9.488221,-0.014123,0.016521,-0.025847
1706620643,6892718,0.083797,-0.031125,-9.526528,-0.013856,0.017320,-0.024248
1706620643,6892757,0.119710,-0.021548,-9.540894,-0.014922,0.018386,-0.023449
1706620644,6892797,0.122104,-0.052672,-9.574412,-0.016254,0.021317,-0.026646
1706620644,6892836,0.086191,0.011971,-9.562442,-0.013057,0.018119,-0.025847
1706620644,6892876,0.081403,-0.038307,-9.576807,-0.014922,0.016787,-0.025580
1706620644,6892915,0.043096,-0.055067,-9.531317,-0.012257,0.017587,-0.022116
1706620644,6892957,0.028730,-0.014365,-9.519346,-0.015188,0.016254,-0.023715
1706620644,6892997,0.153229,0.009577,-9.490616,-0.013323,0.019452,-0.023982
1706620644,6893036,0.069432,-0.011971,-9.478644,-0.012257,0.022116,-0.025314
1706620644,6893076,0.045490,0.026336,-9.471462,-0.013590,0.017320,-0.023982
1706620644,6893116,0.114922,-0.047884,-9.514558,-0.011991,0.018652,-0.027446
1706620644,6893155,0.102951,0.004788,-9.591172,-0.012790,0.017853,-0.024781
1706620644,6893195,0.093374,0.007183,-9.583989,-0.012257,0.019985,-0.022649
1706620644,6893236,0.153229,-0.057461,-9.536105,-0.013590,0.016787,-0.024248
1706620644,6893276,0.098162,-0.016759,-9.516952,-0.013323,0.014655,-0.025047
1706620644,6893316,0.114922,-0.019154,-9.473856,-0.014389,0.016787,-0.022649
1706620644,6893355,0.160412,-0.011971,-9.634268,-0.014389,0.019185,-0.024781
1706620644,6893395,0.117316,-0.009577,-9.595961,-0.014922,0.019185,-0.025047
1706620644,6893434,0.090980,-0.026336,-9.533711,-0.012524,0.015721,-0.024515
1706620644,6893476,0.105345,-0.016759,-9.579201,-0.016787,0.018652,-0.024781
1706620644,6893516,0.129287,0.007183,-9.521740,-0.013856,0.017320,-0.022649
1706620644,6893555,0.112527,-0.011971,-9.543288,-0.013323,0.017587,-0.023982
1706620644,6893595,0.071826,-0.028730,-9.617508,-0.010126,0.018652,-0.027979
1706620644,6893634,0.110133,-0.016759,-9.607931,-0.013323,0.018119,-0.022916
1706620644,6893674,0.004788,-0.002394,-9.569624,-0.013590,0.021583,-0.025314
1706620644,6893714,0.098162,-0.038307,-9.567230,-0.014922,0.018386,-0.022649
1706620644,6893755,0.088585,0.014365,-9.603143,-0.015188,0.016521,-0.023982
