timestamp,millis,AccX,AccY,AccZ,GyroX,GyroY,GyroZ
1704882319,4580542,0.052672,0.016759,-9.478644,-0.011724,0.018119,-0.024248
1704882319,4580575,0.071826,-0.031125,-9.375694,-0.015188,0.017587,-0.021583
1704882319,4580607,0.038307,0.045490,-9.394848,-0.010658,0.017853,-0.023182
1704882319,4580640,0.069432,-0.014365,-9.418790,-0.015188,0.018386,-0.021850
1704882319,4580673,0.050278,-0.004788,-9.488221,-0.015721,0.018386,-0.022916
1704882319,4580708,0.067038,0.023942,-9.447520,-0.015988,0.021317,-0.019452
1704882319,4580741,0.050278,0.002394,-9.445126,-0.011191,0.018386,-0.023982
1704882319,4580774,0.050278,-0.007183,-9.466674,-0.014123,0.014123,-0.021850
1704882319,4580807,0.009577,0.000000,-9.416395,-0.013057,0.011458,-0.019985
1704882319,4580840,0.047884,0.007183,-9.500193,-0.013057,0.020784,-0.021850
1704882319,4580872,0.035913,0.062249,-9.368511,-0.013856,0.016787,-0.021317
1704882319,4580905,0.031125,0.031125,-9.469068,-0.013856,0.019452,-0.022916
1704882319,4580941,0.081403,0.028730,-9.485827,-0.012790,0.018386,-0.018386
1704882319,4580973,0.059855,0.038307,-9.378088,-0.017587,0.019985,-0.019985
1704882319,4581006,0.064643,0.031125,-9.478644,-0.013057,0.021051,-0.023982
1704882319,4581039,0.043096,0.038307,-9.481039,-0.014655,0.017587,-0.022116
1704882319,4581072,0.071826,-0.019154,-9.437943,-0.012257,0.015188,-0.022116
1704882319,4581105,0.045490,0.014365,-9.449914,-0.011724,0.020518,-0.023182
1704882319,4581140,0.045490,0.038307,-9.521740,-0.012257,0.018119,-0.019185
1704882319,4581173,0.023942,0.059855,-9.442732,-0.014655,0.015988,-0.019985
1704882319,4581206,-0.016759,0.031125,-9.323022,-0.011991,0.015721,-0.023182
1704882319,4581238,0.033519,0.023942,-9.421184,-0.012257,0.015721,-0.020251
1704882319,4581271,0.045490,0.038307,-9.473856,-0.011458,0.017853,-0.020784
1704882319,4581304,-0.002394,0.004788,-9.404425,-0.013856,0.019985,-0.021850
1704882319,4581337,0.069432,0.083797,-9.416395,-0.014123,0.019185,-0.022649
1704882319,4581372,0.057461,0.040701,-9.430760,-0.011991,0.016254,-0.022383
1704882319,4581405,0.069432,0.071826,-9.478644,-0.014389,0.020518,-0.022383
1704882319,4581438,0.057461,-0.019154,-9.382876,-0.014389,0.018386,-0.022383
1704882319,4581471,0.016759,0.026336,-9.466674,-0.012524,0.018386,-0.021317
1704882319,4581503,0.059855,0.014365,-9.452309,-0.014655,0.014655,-0.020784
1704882320,4581536,0.002394,0.069432,-9.524135,-0.013590,0.016521,-0.023715
1704882320,4581569,0.031125,0.043096,-9.495404,-0.009593,0.017054,-0.023715
1704882320,4581612,0.004788,-0.009577,-9.469068,-0.014655,0.020518,-0.022916
1704882320,4581645,0.079009,0.031125,-9.454702,-0.015188,0.017054,-0.021317
1704882320,4581678,0.038307,-0.002394,-9.457097,-0.012790,0.015188,-0.025047
1704882320,4581710,0.045490,0.026336,-9.425972,-0.012790,0.017587,-0.019452
1704882320,4581743,0.074220,-0.011971,-9.490616,-0.015455,0.017054,-0.021583
1704882320,4581775,0.090980,0.021548,-9.490616,-0.014123,0.019718,-0.019985
1704882320,4581808,0.105345,0.057461,-9.516952,-0.011724,0.017320,-0.019985
1704882320,4581842,-0.007183,0.038307,-9.531317,-0.012257,0.019718,-0.021051
1704882320,4581875,0.110133,0.028730,-9.485827,-0.011458,0.017587,-0.022916
1704882320,4581907,-0.023942,0.002394,-9.485827,-0.014655,0.019185,-0.021583
1704882320,4581940,0.021548,0.045490,-9.533711,-0.015721,0.016521,-0.019985
1704882320,4581972,0.009577,0.014365,-9.392453,-0.013590,0.018652,-0.022383
1704882320,4582005,0.026336,0.050278,-9.507375,-0.010392,0.019185,-0.019985
1704882320,4582040,0.124498,0.057461,-9.452309,-0.010658,0.013323,-0.021850
1704882320,4582072,0.069432,0.007183,-9.435549,-0.014922,0.014123,-0.019985
1704882320,4582105,0.079009,-0.016759,-9.495404,-0.013057,0.021051,-0.024248
1704882320,4582137,0.045490,0.050278,-9.473856,-0.014389,0.021850,-0.018386
1704882320,4582170,0.026336,0.086191,-9.457097,-0.015188,0.014123,-0.021850
1704882320,4582203,0.052672,0.043096,-9.447520,-0.014655,0.016254,-0.022116
1704882320,4582235,0.016759,0.004788,-9.409213,-0.013590,0.015721,-0.022916
1704882320,4582270,0.131681,0.014365,-9.504981,-0.013323,0.018386,-0.021583
1704882320,4582302,0.059855,0.035913,-9.430760,-0.012524,0.017587,-0.020518
1704882320,4582335,0.076614,0.038307,-9.485827,-0.014389,0.018386,-0.019452
1704882320,4582368,0.033519,-0.047884,-9.512163,-0.012257,0.014123,-0.022116
1704882320,4582400,0.028730,0.016759,-9.490616,-0.013057,0.018919,-0.023982
1704882320,4582433,0.038307,-0.011971,-9.473856,-0.013323,0.017587,-0.021317
1704882320,4582465,0.038307,0.038307,-9.428367,-0.013590,0.017587,-0.022649
1704882320,4582500,0.050278,0.016759,-9.445126,-0.013590,0.016787,-0.022649
1704882321,4582533,0.000000,0.031125,-9.526528,-0.014123,0.016254,-0.021051
1704882321,4582565,0.064643,0.033519,-9.562442,-0.015721,0.016254,-0.020518
1704882321,4582598,0.004788,0.007183,-9.459491,-0.016521,0.015455,-0.023982
1704882321,4582630,0.000000,0.009577,-9.392453,-0.014123,0.020518,-0.021583
1704882321,4582663,0.016759,0.026336,-9.504981,-0.013057,0.022116,-0.023982
1704882321,4582698,0.045490,0.035913,-9.433155,-0.014389,0.018119,-0.021317
1704882321,4582730,-0.002394,-0.004788,-9.478644,-0.016521,0.015988,-0.021051
1704882321,4582763,0.000000,-0.031125,-9.433155,-0.015188,0.017587,-0.023982
1704882321,4582795,0.062249,0.031125,-9.495404,-0.013590,0.016521,-0.018386
1704882321,4582828,0.052672,0.019154,-9.483433,-0.014655,0.018119,-0.024781
1704882321,4582860,0.083797,0.031125,-9.533711,-0.011458,0.018119,-0.024248
1704882321,4582893,0.057461,0.002394,-9.433155,-0.013856,0.019985,-0.024781
1704882321,4582928,0.004788,0.014365,-9.552865,-0.017054,0.014123,-0.018652
1704882321,4582960,0.050278,-0.004788,-9.495404,-0.016254,0.018652,-0.023449
1704882321,4582993,0.045490,0.002394,-9.457097,-0.015721,0.021583,-0.022383
1704882321,4583025,0.086191,-0.011971,-9.490616,-0.012257,0.021317,-0.021051
1704882321,4583058,0.040701,0.043096,-9.478644,-0.011724,0.015988,-0.022116
1704882321,4583090,0.047884,0.035913,-9.461885,-0.015188,0.019185,-0.021850
1704882321,4583123,0.002394,0.062249,-9.435549,-0.011991,0.017853,-0.024248
1704882321,4583158,0.059855,0.074220,-9.459491,-0.013590,0.016521,-0.020784
1704882321,4583190,0.035913,0.023942,-9.411607,-0.013856,0.019718,-0.023449
1704882321,4583223,0.040701,0.043096,-9.447520,-0.017853,0.020784,-0.023182
1704882321,4583255,0.062249,0.074220,-9.555259,-0.014123,0.013856,-0.022116
1704882321,4583288,0.002394,0.043096,-9.430760,-0.014123,0.019185,-0.020784
1704882321,4583320,0.081403,0.059855,-9.442732,-0.011991,0.017853,-0.021583
1704882321,4583353,0.038307,0.021548,-9.483433,-0.013057,0.018919,-0.024515
1704882321,4583387,0.114922,0.052672,-9.375694,-0.013323,0.018652,-0.022916
1704882321,4583420,0.002394,0.076614,-9.447520,-0.013057,0.017587,-0.021850
1704882321,4583453,0.000000,-0.016759,-9.646238,-0.013590,0.019718,-0.020784
1704882321,4583486,0.011971,0.002394,-9.428367,-0.014922,0.019185,-0.020784
1704882322,4583519,0.016759,0.000000,-9.500193,-0.015721,0.018119,-0.023449
1704882322,4583552,0.043096,0.002394,-9.481039,-0.009593,0.015455,-0.021317
1704882322,4583587,0.033519,0.033519,-9.528923,-0.012790,0.017320,-0.023182
1704882322,4583620,0.019154,0.067038,-9.387665,-0.007994,0.019718,-0.024781
1704882322,4583652,0.023942,-0.023942,-9.411607,-0.011724,0.013856,-0.024515
1704882322,4583685,0.098162,0.050278,-9.555259,-0.014655,0.019185,-0.020784
1704882322,4583718,0.031125,-0.021548,-9.464279,-0.013057,0.015188,-0.023449
1704882322,4583751,0.014365,-0.004788,-9.452309,-0.013856,0.017853,-0.025580
1704882322,4583784,0.019154,0.035913,-9.390059,-0.014922,0.021850,-0.023182
1704882322,4583819,0.117316,0.069432,-9.397242,-0.012257,0.020518,-0.021317
1704882322,4583852,-0.016759,0.016759,-9.433155,-0.010658,0.017853,-0.020251
1704882322,4583885,0.043096,0.000000,-9.454702,-0.017054,0.020251,-0.022916
1704882322,4583918,0.059855,0.045490,-9.449914,-0.012257,0.019452,-0.019985
1704882322,4583950,0.069432,0.045490,-9.437943,-0.011191,0.017054,-0.023715
1704882322,4583983,0.031125,-0.007183,-9.504981,-0.012257,0.019718,-0.021583
1704882322,4584016,0.052672,0.043096,-9.512163,-0.013590,0.015721,-0.021317
1704882322,4584052,0.011971,0.038307,-9.545682,-0.013323,0.019718,-0.021051
1704882322,4584084,0.016759,0.057461,-9.485827,-0.014389,0.017587,-0.022116
1704882322,4584117,0.093374,0.074220,-9.437943,-0.012524,0.018919,-0.025847
1704882322,4584150,0.002394,0.031125,-9.483433,-0.015721,0.019185,-0.025047
1704882322,4584183,0.033519,0.000000,-9.447520,-0.013856,0.018652,-0.019185
1704882322,4584216,0.102951,0.040701,-9.437943,-0.014389,0.017853,-0.022383
1704882322,4584249,0.004788,0.038307,-9.469068,-0.013590,0.015721,-0.020784
1704882322,4584280,0.019154,-0.028730,-9.423578,-0.013856,0.017320,-0.019985
1704882322,4584313,0.031125,0.033519,-9.447520,-0.012524,0.018386,-0.023182
1704882322,4584346,0.057461,0.071826,-9.437943,-0.017054,0.013590,-0.019185
1704882322,4584379,0.067038,0.031125,-9.504981,-0.014123,0.019718,-0.019985
1704882322,4584412,0.004788,0.011971,-9.447520,-0.013856,0.023449,-0.021850
1704882322,4584445,0.035913,0.064643,-9.555259,-0.013856,0.016521,-0.023449
1704882322,4584480,0.088585,-0.026336,-9.478644,-0.014123,0.019452,-0.024248
1704882323,4584513,0.035913,0.057461,-9.509769,-0.014922,0.019718,-0.022916
1704882323,4584546,0.076614,-0.009577,-9.502586,-0.013057,0.016254,-0.022383
1704882323,4584579,0.045490,0.026336,-9.423578,-0.013856,0.016254,-0.020251
1704882323,4584611,0.023942,-0.002394,-9.531317,-0.013590,0.019985,-0.025047
1704882323,4584644,0.009577,0.023942,-9.454702,-0.014922,0.019718,-0.024781
1704882323,4584677,0.031125,0.004788,-9.442732,-0.014123,0.021317,-0.023982
1704882323,4584713,-0.014365,0.028730,-9.548077,-0.009859,0.018386,-0.022649
1704882323,4584745,0.033519,-0.021548,-9.433155,-0.013057,0.019718,-0.017054
1704882323,4584778,0.026336,0.067038,-9.481039,-0.011458,0.019718,-0.018119
1704882323,4584811,0.043096,0.014365,-9.469068,-0.013057,0.013856,-0.021317
1704882323,4584844,0.004788,-0.004788,-9.457097,-0.011991,0.020518,-0.023182
1704882323,4584877,0.014365,0.052672,-9.495404,-0.013856,0.017054,-0.021583
1704882323,4584910,0.055067,0.028730,-9.483433,-0.011191,0.017587,-0.020784
1704882323,4584945,0.045490,-0.028730,-9.485827,-0.014655,0.017853,-0.022383
1704882323,4584978,0.033519,0.019154,-9.442732,-0.014655,0.017853,-0.021850
1704882323,4585011,0.031125,-0.004788,-9.440337,-0.010392,0.016787,-0.023715
1704882323,4585043,0.067038,0.007183,-9.526528,-0.014389,0.018919,-0.022383
1704882323,4585076,0.069432,-0.002394,-9.512163,-0.014389,0.015455,-0.024248
1704882323,4585109,0.000000,0.021548,-9.466674,-0.013856,0.018919,-0.020518
1704882323,4585152,0.047884,0.009577,-9.430760,-0.015188,0.014922,-0.023449
1704882323,4585185,0.057461,0.000000,-9.404425,-0.017587,0.017587,-0.024248
1704882323,4585217,-0.004788,0.055067,-9.454702,-0.014123,0.016254,-0.023182
1704882323,4585250,0.052672,0.038307,-9.430760,-0.013856,0.018119,-0.023715
1704882323,4585282,0.033519,-0.023942,-9.478644,-0.010658,0.019718,-0.023982
1704882323,4585315,0.081403,-0.047884,-9.478644,-0.012257,0.018119,-0.023449
1704882323,4585347,0.033519,-0.009577,-9.469068,-0.013590,0.019452,-0.023182
1704882323,4585382,0.038307,0.016759,-9.402030,-0.013856,0.019185,-0.022116
1704882323,4585415,0.028730,0.045490,-9.540894,-0.015721,0.016787,-0.021850
1704882323,4585447,0.102951,0.004788,-9.500193,-0.013590,0.015721,-0.022649
1704882323,4585480,0.064643,0.040701,-9.526528,-0.012790,0.015988,-0.023182
1704882324,4585513,0.057461,-0.007183,-9.471462,-0.014389,0.015455,-0.022383
1704882324,4585545,0.069432,0.047884,-9.380483,-0.011191,0.019452,-0.021850
1704882324,4585578,0.014365,-0.040701,-9.502586,-0.013856,0.020251,-0.020784
1704882324,4585613,0.016759,0.067038,-9.449914,-0.013323,0.015188,-0.021583
1704882324,4585645,0.038307,-0.011971,-9.449914,-0.012790,0.015455,-0.021583
1704882324,4585678,-0.081403,0.045490,-9.490616,-0.013057,0.015988,-0.022649
1704882324,4585710,-0.033519,0.067038,-9.435549,-0.016787,0.015988,-0.021583
1704882324,4585743,0.016759,0.004788,-9.485827,-0.015721,0.017054,-0.023182
1704882324,4585775,0.062249,0.026336,-9.459491,-0.010658,0.013323,-0.019452
1704882324,4585810,0.088585,0.059855,-9.378088,-0.013590,0.017587,-0.024515
1704882324,4585843,0.076614,-0.011971,-9.452309,-0.012524,0.017320,-0.023982
1704882324,4585875,0.064643,0.021548,-9.406818,-0.014922,0.017587,-0.020518
1704882324,4585908,0.047884,0.045490,-9.471462,-0.013323,0.017587,-0.023715
1704882324,4585940,0.002394,0.055067,-9.476251,-0.014655,0.015455,-0.019718
1704882324,4585973,0.064643,0.043096,-9.445126,-0.011724,0.017320,-0.024248
1704882324,4586005,0.028730,0.055067,-9.437943,-0.014389,0.019452,-0.021317
1704882324,4586040,0.011971,-0.016759,-9.464279,-0.012790,0.015721,-0.021583
1704882324,4586073,-0.009577,-0.031125,-9.478644,-0.015188,0.017320,-0.021583
1704882324,4586105,0.007183,-0.011971,-9.390059,-0.011191,0.015188,-0.020251
1704882324,4586138,0.064643,0.052672,-9.406818,-0.013856,0.015988,-0.021051
1704882324,4586170,0.062249,-0.026336,-9.478644,-0.014922,0.015988,-0.019718
1704882324,4586203,0.102951,0.028730,-9.473856,-0.013057,0.014922,-0.019718
1704882324,4586236,0.112527,0.059855,-9.404425,-0.013590,0.016254,-0.021317
1704882324,4586270,-0.002394,-0.004788,-9.540894,-0.013856,0.018919,-0.024248
1704882324,4586303,0.045490,0.004788,-9.452309,-0.011724,0.019185,-0.022649
1704882324,4586336,0.095768,-0.007183,-9.459491,-0.010126,0.017054,-0.021850
1704882324,4586368,0.014365,0.009577,-9.409213,-0.015188,0.018119,-0.018919
1704882324,4586401,0.071826,0.002394,-9.521740,-0.013323,0.014389,-0.021317
1704882324,4586433,0.160412,0.035913,-9.375694,-0.013057,0.019718,-0.022916
1704882324,4586466,0.007183,0.023942,-9.402030,-0.015188,0.016787,-0.021850
1704882324,4586497,0.055067,-0.007183,-9.435549,-0.014922,0.019985,-0.021583
1704882325,4586530,-0.035913,0.043096,-9.478644,-0.011191,0.020784,-0.021583
1704882325,4586562,0.047884,-0.026336,-9.430760,-0.011991,0.016254,-0.024515
1704882325,4586595,-0.007183,0.007183,-9.449914,-0.010392,0.017853,-0.022649
1704882325,4586627,0.045490,0.045490,-9.442732,-0.011458,0.019185,-0.024515
1704882325,4586660,0.038307,0.055067,-9.471462,-0.013057,0.020518,-0.023182
1704882325,4586695,0.016759,0.014365,-9.428367,-0.013057,0.016254,-0.021583
1704882325,4586727,0.004788,0.047884,-9.442732,-0.014922,0.016254,-0.021051
1704882325,4586760,0.033519,0.052672,-9.442732,-0.012257,0.017320,-0.024248
1704882325,4586792,0.016759,0.021548,-9.466674,-0.013590,0.016254,-0.023982
1704882325,4586825,0.074220,-0.004788,-9.478644,-0.015988,0.015721,-0.022649
1704882325,4586857,0.114922,0.059855,-9.516952,-0.015721,0.016254,-0.023182
1704882325,4586889,0.050278,0.004788,-9.469068,-0.014922,0.016254,-0.021850
1704882325,4586924,-0.033519,0.023942,-9.437943,-0.014389,0.015455,-0.022916
1704882325,4586957,0.050278,0.057461,-9.524135,-0.015988,0.015455,-0.022116
1704882325,4586990,0.038307,0.045490,-9.481039,-0.014655,0.023449,-0.020784
1704882325,4587023,0.019154,0.007183,-9.521740,-0.015988,0.018652,-0.019185
1704882325,4587055,0.057461,0.043096,-9.471462,-0.013856,0.017054,-0.019985
1704882325,4587088,0.028730,0.016759,-9.567230,-0.011724,0.019718,-0.023715
1704882325,4587121,0.028730,-0.021548,-9.435549,-0.016521,0.018919,-0.023982
1704882325,4587156,0.064643,-0.004788,-9.461885,-0.010925,0.015721,-0.020518
1704882325,4587189,0.033519,0.019154,-9.382876,-0.014655,0.018919,-0.022116
1704882325,4587222,0.023942,0.043096,-9.533711,-0.012790,0.016254,-0.020784
1704882325,4587255,0.071826,-0.004788,-9.428367,-0.013057,0.018919,-0.021051
1704882325,4587288,0.038307,0.043096,-9.461885,-0.015188,0.015721,-0.022383
1704882325,4587320,0.083797,0.052672,-9.442732,-0.012790,0.016787,-0.021051
1704882325,4587356,0.064643,0.040701,-9.531317,-0.015721,0.017587,-0.022383
1704882325,4587388,0.009577,0.064643,-9.449914,-0.012790,0.019985,-0.022383
1704882325,4587421,0.040701,0.031125,-9.485827,-0.012524,0.019718,-0.020784
1704882325,4587454,0.050278,0.050278,-9.447520,-0.013323,0.015455,-0.023182
1704882325,4587487,0.102951,0.067038,-9.469068,-0.013323,0.016254,-0.019718
1704882326,4587520,0.064643,0.110133,-9.555259,-0.013323,0.014389,-0.020251
1704882326,4587553,0.071826,0.021548,-9.473856,-0.009859,0.015455,-0.022116
1704882326,4587588,0.009577,0.007183,-9.423578,-0.016521,0.015188,-0.024781
1704882326,4587621,0.086191,0.033519,-9.507375,-0.012257,0.013057,-0.024248
1704882326,4587654,-0.011971,0.023942,-9.536105,-0.014655,0.017320,-0.023182
1704882326,4587687,0.052672,0.004788,-9.478644,-0.014655,0.016787,-0.022116
1704882326,4587719,0.098162,0.031125,-9.394848,-0.011191,0.018119,-0.017054
1704882326,4587752,0.074220,0.028730,-9.430760,-0.014123,0.014655,-0.023449
1704882326,4587785,0.055067,-0.023942,-9.430760,-0.013323,0.018652,-0.021051
1704882326,4587820,0.093374,0.011971,-9.418790,-0.013590,0.016521,-0.018919
1704882326,4587853,0.057461,0.026336,-9.414001,-0.011458,0.017853,-0.022916
1704882326,4587886,0.050278,0.028730,-9.411607,-0.015455,0.016787,-0.021051
1704882326,4587919,0.026336,-0.009577,-9.485827,-0.014655,0.015721,-0.022383
1704882326,4587952,-0.031125,0.038307,-9.452309,-0.015721,0.018919,-0.019185
1704882326,4587984,-0.007183,0.011971,-9.406818,-0.014922,0.019718,-0.022649
1704882326,4588020,0.002394,-0.026336,-9.452309,-0.016787,0.020518,-0.022649
1704882326,4588053,0.050278,-0.009577,-9.497798,-0.013590,0.015188,-0.021051
1704882326,4588085,0.028730,-0.002394,-9.521740,-0.015188,0.016787,-0.021583
1704882326,4588118,0.016759,0.026336,-9.495404,-0.012790,0.015988,-0.025580
1704882326,4588151,0.057461,-0.007183,-9.469068,-0.012790,0.017320,-0.020251
1704882326,4588184,0.023942,0.095768,-9.425972,-0.013057,0.014123,-0.022116
1704882326,4588217,0.064643,0.021548,-9.478644,-0.013590,0.020784,-0.021317
1704882326,4588252,0.021548,0.055067,-9.504981,-0.011191,0.017587,-0.024781
1704882326,4588285,0.007183,0.086191,-9.591172,-0.015188,0.019718,-0.023715
1704882326,4588318,0.007183,0.059855,-9.495404,-0.015988,0.014655,-0.022383
1704882326,4588351,0.016759,0.033519,-9.435549,-0.014922,0.017054,-0.019185
1704882326,4588383,0.033519,0.009577,-9.323022,-0.012524,0.019452,-0.020784
1704882326,4588416,0.069432,0.059855,-9.564836,-0.011458,0.018119,-0.018652
1704882326,4588449,0.035913,0.059855,-9.457097,-0.015988,0.021051,-0.023182
1704882326,4588485,0.079009,-0.002394,-9.543288,-0.013323,0.019185,-0.021583
1704882327,4588517,0.011971,0.040701,-9.416395,-0.009326,0.023449,-0.021850
1704882327,4588550,0.057461,0.019154,-9.404425,-0.016521,0.016787,-0.022383
1704882327,4588583,0.083797,-0.004788,-9.397242,-0.013856,0.018386,-0.019718
1704882327,4588616,0.067038,0.014365,-9.425972,-0.012257,0.015455,-0.022916
1704882327,4588648,0.076614,0.052672,-9.560047,-0.013856,0.017320,-0.021850
1704882327,4588681,0.045490,0.023942,-9.399636,-0.014655,0.019985,-0.020518
1704882327,4588724,0.028730,-0.023942,-9.526528,-0.012790,0.016254,-0.023982
1704882327,4588757,0.028730,0.064643,-9.526528,-0.009593,0.018386,-0.024781
1704882327,4588790,0.033519,0.045490,-9.368511,-0.012257,0.018652,-0.024515
1704882327,4588822,0.045490,0.000000,-9.516952,-0.014389,0.014655,-0.020251
1704882327,4588855,0.031125,0.052672,-9.454702,-0.012524,0.018652,-0.019185
1704882327,4588887,0.023942,-0.011971,-9.502586,-0.013057,0.015721,-0.023715
1704882327,4588922,0.011971,0.045490,-9.519346,-0.015455,0.016787,-0.023182
1704882327,4588955,0.062249,0.026336,-9.449914,-0.013323,0.016521,-0.019718
1704882327,4588987,0.021548,0.028730,-9.476251,-0.016254,0.020784,-0.021051
1704882327,4589020,0.035913,-0.026336,-9.536105,-0.013590,0.015721,-0.021317
1704882327,4589052,0.038307,0.047884,-9.423578,-0.013057,0.015455,-0.020251
1704882327,4589085,0.011971,-0.007183,-9.459491,-0.013590,0.015988,-0.022649
1704882327,4589117,-0.016759,-0.045490,-9.370906,-0.012524,0.020518,-0.021051
1704882327,4589152,0.038307,0.067038,-9.490616,-0.014922,0.021583,-0.021583
1704882327,4589185,0.035913,-0.004788,-9.509769,-0.016787,0.017320,-0.023182
1704882327,4589217,0.098162,-0.019154,-9.490616,-0.014123,0.015988,-0.023715
1704882327,4589250,0.057461,-0.004788,-9.471462,-0.012257,0.020251,-0.022649
1704882327,4589282,0.040701,-0.040701,-9.428367,-0.012790,0.016521,-0.023449
1704882327,4589315,0.026336,0.086191,-9.449914,-0.014123,0.021850,-0.022649
1704882327,4589347,0.031125,-0.014365,-9.533711,-0.013590,0.019452,-0.021051
1704882327,4589382,0.114922,0.047884,-9.461885,-0.012790,0.018386,-0.022916
1704882327,4589415,0.055067,0.016759,-9.464279,-0.014922,0.018386,-0.018386
1704882327,4589448,0.076614,-0.026336,-9.466674,-0.014123,0.016521,-0.020251
1704882327,4589480,0.028730,0.028730,-9.452309,-0.014123,0.019718,-0.022649
1704882328,4589513,0.047884,-0.026336,-9.469068,-0.013856,0.018119,-0.021317
1704882328,4589545,0.026336,-0.016759,-9.447520,-0.014123,0.016787,-0.023449
1704882328,4589580,-0.007183,0.033519,-9.430760,-0.015188,0.016787,-0.018652
1704882328,4589613,0.088585,0.040701,-9.476251,-0.013856,0.022383,-0.021317
1704882328,4589645,0.050278,-0.028730,-9.531317,-0.011458,0.015455,-0.020518
1704882328,4589678,0.009577,0.021548,-9.416395,-0.015188,0.019452,-0.020251
1704882328,4589710,0.057461,-0.026336,-9.495404,-0.012524,0.020518,-0.020784
1704882328,4589743,0.043096,0.021548,-9.464279,-0.013856,0.016521,-0.024248
1704882328,4589776,-0.007183,-0.028730,-9.437943,-0.011991,0.016787,-0.020518
1704882328,4589810,0.105345,0.047884,-9.543288,-0.014655,0.019985,-0.025047
1704882328,4589843,0.110133,0.000000,-9.488221,-0.015455,0.018386,-0.018652
1704882328,4589876,0.000000,-0.016759,-9.495404,-0.013590,0.018386,-0.022916
1704882328,4589908,0.062249,0.028730,-9.452309,-0.013057,0.017853,-0.019718
1704882328,4589941,0.043096,0.019154,-9.411607,-0.014922,0.015721,-0.023182
1704882328,4589973,0.043096,0.028730,-9.521740,-0.012257,0.016521,-0.020518
1704882328,4590006,-0.007183,-0.011971,-9.461885,-0.015988,0.014655,-0.022649
1704882328,4590041,0.052672,0.033519,-9.516952,-0.014389,0.018119,-0.019985
1704882328,4590073,-0.007183,0.038307,-9.433155,-0.010925,0.018119,-0.022383
1704882328,4590106,0.031125,0.000000,-9.528923,-0.012524,0.012524,-0.022916
1704882328,4590138,0.052672,0.026336,-9.354146,-0.015455,0.021051,-0.022916
1704882328,4590171,0.019154,0.007183,-9.418790,-0.014123,0.020784,-0.019718
1704882328,4590204,-0.009577,0.004788,-9.411607,-0.012257,0.017587,-0.023182
1704882328,4590238,0.002394,0.011971,-9.404425,-0.013057,0.018386,-0.019718
1704882328,4590271,0.090980,0.031125,-9.406818,-0.011724,0.018119,-0.024781
1704882328,4590303,0.014365,0.031125,-9.437943,-0.014389,0.022916,-0.021850
1704882328,4590336,0.057461,0.021548,-9.504981,-0.013590,0.018386,-0.020518
1704882328,4590368,0.023942,-0.009577,-9.495404,-0.013057,0.018119,-0.018119
1704882328,4590401,0.026336,0.071826,-9.552865,-0.013057,0.015455,-0.022383
1704882328,4590433,0.023942,0.011971,-9.433155,-0.013323,0.018652,-0.019985
1704882328,4590468,0.000000,0.031125,-9.414001,-0.012257,0.016254,-0.023449
1704882328,4590501,0.045490,-0.055067,-9.540894,-0.014922,0.015455,-0.022649
1704882329,4590534,0.055067,0.014365,-9.586384,-0.015188,0.017054,-0.019452
1704882329,4590567,0.035913,0.038307,-9.514558,-0.013323,0.016521,-0.021583
1704882329,4590600,-0.019154,0.002394,-9.516952,-0.011191,0.018386,-0.022116
1704882329,4590632,0.076614,0.002394,-9.437943,-0.015988,0.016254,-0.020518
1704882329,4590665,-0.002394,0.035913,-9.538500,-0.011991,0.018919,-0.025047
1704882329,4590700,0.050278,0.047884,-9.473856,-0.014123,0.017587,-0.021317
1704882329,4590733,0.090980,0.069432,-9.548077,-0.013057,0.015188,-0.020784
1704882329,4590766,0.023942,0.059855,-9.425972,-0.011191,0.019185,-0.022116
1704882329,4590799,-0.002394,0.007183,-9.430760,-0.015988,0.015455,-0.022649
1704882329,4590832,0.069432,0.000000,-9.471462,-0.012524,0.013590,-0.022116
1704882329,4590864,0.014365,0.004788,-9.382876,-0.013590,0.017853,-0.022116
1704882329,4590897,-0.055067,0.038307,-9.397242,-0.013323,0.018119,-0.024781
1704882329,4590932,0.019154,-0.009577,-9.543288,-0.013057,0.016787,-0.023715
1704882329,4590965,0.081403,0.021548,-9.471462,-0.011724,0.018652,-0.020518
1704882329,4590998,-0.007183,-0.028730,-9.476251,-0.013057,0.015988,-0.021051
1704882329,4591031,0.110133,-0.007183,-9.421184,-0.017054,0.018919,-0.021583
1704882329,4591064,0.045490,0.071826,-9.442732,-0.012790,0.020251,-0.021317
1704882329,4591097,0.009577,0.000000,-9.490616,-0.011991,0.014655,-0.021051
1704882329,4591132,-0.004788,0.071826,-9.550470,-0.013323,0.018386,-0.023715
1704882329,4591165,0.076614,0.093374,-9.423578,-0.011724,0.015988,-0.022916
1704882329,4591198,-0.014365,-0.014365,-9.402030,-0.013057,0.017054,-0.023449
1704882329,4591230,0.122104,-0.026336,-9.399636,-0.013590,0.017853,-0.021317
1704882329,4591263,0.079009,-0.031125,-9.423578,-0.016787,0.015721,-0.021051
1704882329,4591296,0.071826,-0.035913,-9.476251,-0.013590,0.017587,-0.022116
1704882329,4591329,0.043096,-0.040701,-9.488221,-0.016254,0.014389,-0.023182
1704882329,4591364,0.011971,0.045490,-9.464279,-0.013590,0.018386,-0.022383
1704882329,4591397,0.062249,0.031125,-9.428367,-0.015721,0.016787,-0.023982
1704882329,4591430,0.069432,0.031125,-9.409213,-0.013057,0.016521,-0.022649
1704882329,4591463,0.047884,-0.004788,-9.519346,-0.013856,0.018652,-0.022116
1704882329,4591496,0.083797,-0.016759,-9.428367,-0.013590,0.018919,-0.023982
1704882330,4591529,-0.002394,-0.002394,-9.449914,-0.013590,0.018119,-0.021583
1704882330,4591561,0.033519,-0.009577,-9.390059,-0.013323,0.018652,-0.021317
1704882330,4591597,0.064643,0.011971,-9.428367,-0.014655,0.017853,-0.024515
1704882330,4591630,0.019154,0.076614,-9.531317,-0.013323,0.017853,-0.025580
1704882330,4591662,0.038307,0.076614,-9.447520,-0.013590,0.017853,-0.020784
1704882330,4591695,0.071826,0.071826,-9.442732,-0.014123,0.019452,-0.020784
1704882330,4591728,0.074220,0.031125,-9.478644,-0.013856,0.018386,-0.020784
1704882330,4591761,0.069432,0.047884,-9.461885,-0.014389,0.018386,-0.022916
1704882330,4591796,0.026336,0.079009,-9.435549,-0.015988,0.013590,-0.022116
1704882330,4591829,-0.002394,0.002394,-9.483433,-0.013590,0.017587,-0.021583
1704882330,4591862,0.045490,-0.023942,-9.409213,-0.016521,0.014922,-0.025847
1704882330,4591895,0.035913,0.136469,-9.476251,-0.015188,0.018386,-0.021317
1704882330,4591927,-0.004788,0.045490,-9.464279,-0.012790,0.016787,-0.021051
1704882330,4591960,0.083797,0.026336,-9.526528,-0.013590,0.019985,-0.018652
1704882330,4591993,0.064643,0.019154,-9.461885,-0.011991,0.015455,-0.020251
1704882330,4592028,-0.033519,-0.021548,-9.378088,-0.013323,0.014389,-0.022916
1704882330,4592061,0.038307,0.031125,-9.461885,-0.012524,0.021583,-0.018919
1704882330,4592094,0.057461,-0.004788,-9.452309,-0.015721,0.016254,-0.021583
1704882330,4592127,0.045490,0.019154,-9.445126,-0.013590,0.016787,-0.020784
1704882330,4592159,0.062249,-0.019154,-9.509769,-0.014389,0.020518,-0.023982
1704882330,4592192,0.062249,0.026336,-9.512163,-0.012257,0.017054,-0.021051
1704882330,4592225,-0.004788,0.062249,-9.526528,-0.014922,0.015721,-0.019452
1704882330,4592268,-0.004788,0.004788,-9.471462,-0.013323,0.018119,-0.022649
1704882330,4592301,0.040701,0.014365,-9.495404,-0.011724,0.016787,-0.020784
1704882330,4592334,0.057461,0.019154,-9.449914,-0.014389,0.015455,-0.023449
1704882330,4592366,0.026336,0.000000,-9.461885,-0.013323,0.017587,-0.021051
1704882330,4592399,0.033519,0.002394,-9.483433,-0.015188,0.021051,-0.024515
1704882330,4592431,0.007183,0.014365,-9.552865,-0.011458,0.020251,-0.025847
1704882330,4592466,0.019154,0.004788,-9.421184,-0.010925,0.022116,-0.022116
1704882330,4592498,0.033519,0.045490,-9.519346,-0.014389,0.016787,-0.022916
1704882331,4592531,0.045490,0.043096,-9.493010,-0.012790,0.014123,-0.022916
1704882331,4592564,0.050278,0.014365,-9.445126,-0.016521,0.015455,-0.022116
1704882331,4592596,0.057461,0.026336,-9.402030,-0.011458,0.018119,-0.020518
1704882331,4592629,-0.021548,-0.016759,-9.447520,-0.014123,0.019718,-0.022916
1704882331,4592661,0.016759,0.011971,-9.390059,-0.016787,0.017320,-0.019985
1704882331,4592696,0.031125,0.031125,-9.466674,-0.013057,0.014922,-0.022116
1704882331,4592729,-0.004788,0.000000,-9.504981,-0.013856,0.018919,-0.021317
1704882331,4592761,0.038307,0.014365,-9.504981,-0.013057,0.018652,-0.025047
1704882331,4592794,0.069432,-0.016759,-9.497798,-0.014655,0.022649,-0.021051
1704882331,4592826,0.031125,0.007183,-9.445126,-0.012790,0.017320,-0.023982
1704882331,4592859,0.090980,0.035913,-9.461885,-0.016521,0.019985,-0.023982
1704882331,4592891,0.102951,0.028730,-9.478644,-0.011191,0.019452,-0.022649
1704882331,4592926,-0.045490,-0.009577,-9.437943,-0.013590,0.017054,-0.022383
1704882331,4592959,0.047884,0.050278,-9.452309,-0.012257,0.014922,-0.023715
1704882331,4592991,0.011971,0.002394,-9.483433,-0.013590,0.015721,-0.021051
1704882331,4593024,0.031125,-0.057461,-9.461885,-0.012524,0.016787,-0.022116
1704882331,4593056,0.019154,0.031125,-9.447520,-0.011458,0.020251,-0.022383
1704882331,4593089,-0.004788,0.000000,-9.437943,-0.015455,0.014123,-0.023715
1704882331,4593121,0.011971,-0.004788,-9.428367,-0.016254,0.014123,-0.022116
1704882331,4593156,0.050278,-0.033519,-9.409213,-0.012257,0.016254,-0.020518
1704882331,4593189,0.035913,0.026336,-9.495404,-0.011191,0.017853,-0.021317
1704882331,4593221,0.059855,0.035913,-9.409213,-0.014922,0.015455,-0.023182
1704882331,4593254,0.083797,0.000000,-9.574412,-0.012790,0.015988,-0.022649
1704882331,4593286,0.079009,0.047884,-9.457097,-0.015455,0.014922,-0.018919
1704882331,4593319,0.052672,0.019154,-9.397242,-0.014123,0.018386,-0.022383
1704882331,4593354,0.028730,0.023942,-9.375694,-0.015988,0.015455,-0.022916
1704882331,4593386,0.069432,0.021548,-9.469068,-0.013323,0.016521,-0.020784
1704882331,4593419,0.033519,0.016759,-9.536105,-0.010126,0.018119,-0.020784
1704882331,4593452,0.047884,0.016759,-9.423578,-0.012790,0.018919,-0.022383
1704882331,4593484,0.050278,-0.011971,-9.440337,-0.017054,0.020784,-0.023182
1704882332,4593517,0.031125,0.055067,-9.368511,-0.014389,0.020518,-0.020518
1704882332,4593549,0.081403,-0.047884,-9.445126,-0.015721,0.016787,-0.020784
1704882332,4593584,0.009577,-0.019154,-9.423578,-0.011458,0.018119,-0.023715
1704882332,4593617,0.023942,-0.004788,-9.504981,-0.015188,0.016521,-0.021317
1704882332,4593649,0.031125,0.035913,-9.516952,-0.014922,0.018919,-0.024248
1704882332,4593682,0.052672,0.047884,-9.459491,-0.015721,0.017320,-0.025847
1704882332,4593714,0.014365,0.014365,-9.557653,-0.013590,0.016787,-0.023715
1704882332,4593747,0.009577,0.067038,-9.490616,-0.012257,0.018119,-0.022116
1704882332,4593779,0.028730,0.062249,-9.509769,-0.014389,0.017587,-0.022649
1704882332,4593814,0.038307,0.028730,-9.481039,-0.014922,0.018919,-0.023182
1704882332,4593847,0.038307,0.033519,-9.457097,-0.012524,0.021583,-0.024515
1704882332,4593879,0.028730,0.062249,-9.378088,-0.013323,0.017320,-0.023449
1704882332,4593912,0.052672,0.019154,-9.509769,-0.012257,0.019452,-0.026380
1704882332,4593944,0.028730,0.021548,-9.402030,-0.012790,0.018652,-0.021317
1704882332,4593977,0.071826,-0.038307,-9.512163,-0.014389,0.017054,-0.023449
1704882332,4594011,0.007183,-0.021548,-9.457097,-0.011724,0.019452,-0.021850
1704882332,4594044,0.076614,0.019154,-9.512163,-0.013323,0.016787,-0.023982
1704882332,4594077,0.045490,0.035913,-9.504981,-0.014389,0.016521,-0.020518
1704882332,4594110,0.011971,0.004788,-9.490616,-0.014655,0.014922,-0.019718
1704882332,4594143,0.045490,0.057461,-9.390059,-0.012790,0.016254,-0.024781
1704882332,4594175,0.011971,0.031125,-9.536105,-0.014922,0.020251,-0.022916
1704882332,4594208,0.035913,0.055067,-9.507375,-0.009859,0.016787,-0.022649
1704882332,4594243,0.033519,-0.031125,-9.461885,-0.014389,0.020784,-0.022916
1704882332,4594276,0.067038,-0.011971,-9.416395,-0.014389,0.019185,-0.021583
1704882332,4594309,0.074220,-0.016759,-9.418790,-0.015188,0.021051,-0.023449
1704882332,4594342,0.031125,-0.004788,-9.490616,-0.012790,0.019452,-0.021850
1704882332,4594375,0.064643,0.071826,-9.449914,-0.011991,0.014389,-0.019185
1704882332,4594408,0.067038,0.050278,-9.414001,-0.013590,0.019185,-0.022383
1704882332,4594440,0.052672,-0.033519,-9.543288,-0.014389,0.016521,-0.021583
1704882332,4594476,0.076614,0.071826,-9.428367,-0.015988,0.017853,-0.019718
1704882333,4594509,0.045490,0.083797,-9.349358,-0.013057,0.019185,-0.017320
1704882333,4594541,-0.057461,0.004788,-9.445126,-0.013590,0.019985,-0.025580
1704882333,4594574,0.031125,0.019154,-9.447520,-0.016787,0.015188,-0.020784
1704882333,4594607,0.062249,0.019154,-9.502586,-0.013856,0.019185,-0.023715
1704882333,4594640,0.002394,0.031125,-9.521740,-0.012524,0.014922,-0.023182
1704882333,4594675,0.009577,0.009577,-9.440337,-0.012524,0.018652,-0.023715
1704882333,4594708,0.050278,0.057461,-9.437943,-0.013856,0.017320,-0.022383
1704882333,4594741,0.047884,0.067038,-9.483433,-0.011724,0.014655,-0.023182
1704882333,4594774,0.014365,0.059855,-9.356541,-0.012524,0.017320,-0.021583
1704882333,4594807,0.033519,0.019154,-9.471462,-0.013856,0.014655,-0.021317
1704882333,4594839,0.067038,0.040701,-9.478644,-0.012790,0.017320,-0.021051
1704882333,4594872,0.057461,-0.004788,-9.433155,-0.015188,0.016521,-0.023982
1704882333,4594908,-0.004788,0.026336,-9.382876,-0.012257,0.015455,-0.021051
1704882333,4594940,-0.002394,0.050278,-9.473856,-0.012524,0.021583,-0.025047
1704882333,4594973,-0.011971,-0.023942,-9.392453,-0.013590,0.017054,-0.021850
1704882333,4595006,0.016759,0.021548,-9.516952,-0.013323,0.018386,-0.022916
1704882333,4595039,-0.002394,0.035913,-9.421184,-0.011458,0.018919,-0.022649
1704882333,4595072,0.021548,-0.011971,-9.414001,-0.013856,0.017587,-0.024515
1704882333,4595105,0.026336,-0.007183,-9.442732,-0.013057,0.019985,-0.020251
1704882333,4595140,0.011971,0.021548,-9.440337,-0.015988,0.016521,-0.022649
1704882333,4595173,0.112527,-0.016759,-9.466674,-0.012524,0.019985,-0.022649
1704882333,4595206,0.067038,0.004788,-9.502586,-0.014922,0.019185,-0.024781
1704882333,4595238,-0.038307,0.043096,-9.490616,-0.013590,0.019985,-0.022116
1704882333,4595271,0.052672,0.045490,-9.421184,-0.013323,0.015455,-0.019985
1704882333,4595304,0.040701,0.076614,-9.476251,-0.013856,0.016254,-0.023715
1704882333,4595337,0.021548,-0.045490,-9.433155,-0.010126,0.016254,-0.022916
1704882333,4595372,0.033519,0.028730,-9.473856,-0.015721,0.018119,-0.021317
1704882333,4595405,0.028730,-0.002394,-9.404425,-0.013856,0.017054,-0.023715
1704882333,4595438,0.057461,-0.031125,-9.430760,-0.012790,0.015455,-0.020518
1704882333,4595471,0.110133,-0.009577,-9.543288,-0.010126,0.020518,-0.023182
1704882333,4595504,0.062249,0.007183,-9.521740,-0.013057,0.018119,-0.020518
1704882334,4595537,0.122104,0.002394,-9.464279,-0.015721,0.012790,-0.019985
1704882334,4595572,0.009577,0.067038,-9.488221,-0.013590,0.017320,-0.022649
1704882334,4595605,0.062249,0.009577,-9.536105,-0.011458,0.021317,-0.021583
1704882334,4595638,0.045490,0.040701,-9.409213,-0.014389,0.019718,-0.019718
1704882334,4595670,0.031125,0.023942,-9.382876,-0.010925,0.018386,-0.021583
1704882334,4595703,0.050278,-0.011971,-9.459491,-0.013057,0.019452,-0.025580
1704882334,4595736,0.107739,0.045490,-9.524135,-0.013590,0.015455,-0.022383
1704882334,4595769,0.038307,0.038307,-9.442732,-0.013323,0.014389,-0.023182
1704882334,4595812,0.059855,-0.045490,-9.394848,-0.011458,0.016254,-0.022916
1704882334,4595845,0.069432,0.035913,-9.406818,-0.014123,0.021583,-0.019718
1704882334,4595878,0.047884,0.067038,-9.540894,-0.014655,0.016787,-0.020518
1704882334,4595910,0.023942,0.019154,-9.411607,-0.014922,0.018119,-0.021051
1704882334,4595943,0.083797,-0.021548,-9.423578,-0.014655,0.024248,-0.023982
1704882334,4595975,0.067038,0.081403,-9.500193,-0.010658,0.018386,-0.022916
1704882334,4596008,0.004788,0.050278,-9.497798,-0.016521,0.016521,-0.023715
1704882334,4596043,0.090980,0.019154,-9.404425,-0.013590,0.017853,-0.021850
1704882334,4596075,0.112527,0.038307,-9.528923,-0.014922,0.013323,-0.022916
1704882334,4596108,0.031125,0.004788,-9.397242,-0.015455,0.019718,-0.021850
1704882334,4596151,0.019154,-0.016759,-9.414001,-0.010658,0.018119,-0.024248
1704882334,4596183,0.019154,0.059855,-9.373300,-0.011991,0.019985,-0.024781
1704882334,4596216,0.067038,0.021548,-9.476251,-0.013323,0.013057,-0.019185
1704882334,4596251,0.052672,0.000000,-9.457097,-0.014123,0.014123,-0.019185
1704882334,4596283,0.038307,0.002394,-9.485827,-0.010392,0.017853,-0.022916
1704882334,4596316,0.040701,0.055067,-9.495404,-0.011724,0.023182,-0.023715
1704882334,4596348,0.028730,0.011971,-9.550470,-0.012790,0.017054,-0.021850
1704882334,4596381,0.076614,0.023942,-9.435549,-0.013590,0.017853,-0.021051
1704882334,4596414,0.033519,0.043096,-9.382876,-0.012524,0.019185,-0.022116
1704882334,4596446,0.043096,0.011971,-9.423578,-0.015455,0.019718,-0.021850
1704882334,4596481,0.031125,0.033519,-9.574412,-0.012790,0.013856,-0.019452
1704882335,4596514,-0.021548,-0.004788,-9.473856,-0.015721,0.019185,-0.020784
1704882335,4596546,0.052672,-0.009577,-9.490616,-0.013856,0.019185,-0.021583
1704882335,4596579,0.076614,0.011971,-9.442732,-0.011991,0.014655,-0.023449
1704882335,4596611,0.067038,0.011971,-9.495404,-0.013323,0.016254,-0.020251
1704882335,4596644,0.000000,0.050278,-9.469068,-0.013856,0.018652,-0.023182
1704882335,4596676,0.055067,0.050278,-9.557653,-0.014922,0.014123,-0.021583
1704882335,4596711,0.045490,0.059855,-9.440337,-0.013590,0.017054,-0.022383
1704882335,4596744,0.011971,0.007183,-9.478644,-0.010658,0.016254,-0.024515
1704882335,4596776,0.086191,0.009577,-9.471462,-0.011191,0.018386,-0.025580
1704882335,4596809,0.014365,0.052672,-9.552865,-0.012790,0.017320,-0.019452
1704882335,4596841,0.026336,0.059855,-9.562442,-0.011991,0.018386,-0.020518
1704882335,4596874,0.011971,0.028730,-9.502586,-0.014123,0.018652,-0.019185
1704882335,4596906,0.095768,0.009577,-9.509769,-0.015988,0.017853,-0.019985
1704882335,4596941,-0.016759,-0.011971,-9.519346,-0.014123,0.019718,-0.022383
1704882335,4596974,0.007183,-0.004788,-9.536105,-0.014922,0.016521,-0.023449
1704882335,4597006,0.069432,0.004788,-9.500193,-0.013323,0.015455,-0.021583
1704882335,4597039,0.055067,0.007183,-9.564836,-0.011991,0.020784,-0.021051
1704882335,4597071,0.093374,0.019154,-9.493010,-0.013856,0.018119,-0.021850
1704882335,4597104,0.026336,-0.009577,-9.430760,-0.014922,0.017853,-0.023182
1704882335,4597139,0.100556,0.016759,-9.425972,-0.013856,0.013856,-0.021850
1704882335,4597171,0.045490,0.007183,-9.483433,-0.014123,0.017320,-0.023182
1704882335,4597204,0.047884,0.040701,-9.531317,-0.013057,0.014922,-0.021583
1704882335,4597236,0.021548,0.038307,-9.504981,-0.012790,0.018652,-0.019985
1704882335,4597269,0.033519,0.067038,-9.354146,-0.013590,0.017054,-0.022649
1704882335,4597302,0.033519,0.016759,-9.533711,-0.012524,0.016787,-0.022916
1704882335,4597334,-0.028730,0.014365,-9.526528,-0.015188,0.015188,-0.022116
1704882335,4597369,0.059855,0.062249,-9.411607,-0.016254,0.017054,-0.022383
1704882335,4597401,-0.045490,0.026336,-9.457097,-0.014655,0.017587,-0.023982
1704882335,4597434,0.059855,0.009577,-9.402030,-0.014922,0.013057,-0.017054
1704882335,4597466,0.062249,0.007183,-9.483433,-0.011458,0.013590,-0.023182
1704882335,4597499,0.009577,0.026336,-9.536105,-0.012257,0.017587,-0.021583
1704882336,4597531,0.007183,0.016759,-9.375694,-0.015188,0.015455,-0.020251
1704882336,4597564,0.050278,0.055067,-9.483433,-0.015988,0.018119,-0.021051
1704882336,4597599,0.050278,0.031125,-9.464279,-0.014123,0.018919,-0.017853
1704882336,4597631,0.052672,0.031125,-9.488221,-0.009859,0.018386,-0.021051
1704882336,4597664,0.031125,0.007183,-9.493010,-0.013856,0.016254,-0.020518
1704882336,4597697,0.033519,0.043096,-9.390059,-0.015455,0.021583,-0.023182
1704882336,4597730,0.050278,0.009577,-9.380483,-0.013590,0.017587,-0.022916
1704882336,4597763,0.021548,0.052672,-9.528923,-0.010658,0.016254,-0.024515
1704882336,4597798,0.045490,0.074220,-9.433155,-0.012257,0.015455,-0.021850
1704882336,4597831,0.067038,0.026336,-9.459491,-0.013856,0.018386,-0.022383
1704882336,4597863,0.040701,-0.004788,-9.445126,-0.010925,0.015988,-0.020784
1704882336,4597896,0.021548,0.098162,-9.440337,-0.011991,0.019718,-0.022649
1704882336,4597929,0.076614,-0.007183,-9.490616,-0.016521,0.015721,-0.018652
1704882336,4597962,0.062249,0.045490,-9.442732,-0.012790,0.018919,-0.026646
1704882336,4597995,0.028730,0.014365,-9.471462,-0.015988,0.018119,-0.020251
1704882336,4598030,0.064643,0.028730,-9.461885,-0.014922,0.018652,-0.019985
1704882336,4598063,0.057461,0.033519,-9.411607,-0.014389,0.021051,-0.026913
1704882336,4598096,0.031125,0.074220,-9.442732,-0.010925,0.018386,-0.023715
1704882336,4598129,0.040701,0.045490,-9.440337,-0.013856,0.014655,-0.022916
1704882336,4598161,-0.009577,-0.009577,-9.459491,-0.010392,0.020784,-0.022383
1704882336,4598194,0.045490,0.050278,-9.562442,-0.013323,0.016787,-0.019718
1704882336,4598227,0.129287,0.011971,-9.368511,-0.014922,0.020251,-0.023449
1704882336,4598262,0.083797,0.045490,-9.493010,-0.014922,0.017853,-0.023715
1704882336,4598295,0.105345,0.043096,-9.397242,-0.012790,0.021051,-0.019452
1704882336,4598328,0.028730,0.031125,-9.404425,-0.013057,0.021051,-0.022116
1704882336,4598361,0.057461,0.055067,-9.500193,-0.012257,0.019452,-0.021583
1704882336,4598394,0.033519,0.069432,-9.490616,-0.013323,0.017320,-0.022916
1704882336,4598427,0.011971,0.064643,-9.428367,-0.014123,0.019985,-0.021583
1704882336,4598459,0.062249,0.069432,-9.416395,-0.013856,0.018652,-0.023182
1704882336,4598495,0.033519,0.040701,-9.442732,-0.014123,0.019718,-0.019985
1704882337,4598528,0.124498,-0.011971,-9.485827,-0.014389,0.014922,-0.022116
1704882337,4598560,0.079009,0.019154,-9.337387,-0.012524,0.021051,-0.021583
1704882337,4598593,0.014365,-0.004788,-9.466674,-0.015721,0.017853,-0.022116
1704882337,4598626,0.031125,0.043096,-9.344569,-0.012524,0.015988,-0.021850
1704882337,4598659,0.043096,0.038307,-9.461885,-0.014389,0.016521,-0.019185
1704882337,4598694,0.040701,-0.023942,-9.478644,-0.015988,0.014655,-0.020251
1704882337,4598727,0.064643,0.016759,-9.471462,-0.014389,0.019985,-0.021583
1704882337,4598760,0.153229,0.002394,-9.481039,-0.014123,0.017587,-0.022116
1704882337,4598793,0.059855,-0.033519,-9.442732,-0.013590,0.017587,-0.021051
1704882337,4598826,0.055067,0.026336,-9.497798,-0.013856,0.017320,-0.023182
1704882337,4598858,0.031125,0.074220,-9.457097,-0.011458,0.017587,-0.022383
1704882337,4598891,0.083797,0.021548,-9.481039,-0.012524,0.017853,-0.022916
1704882337,4598927,-0.002394,0.021548,-9.524135,-0.013057,0.021051,-0.023182
1704882337,4598959,0.055067,0.002394,-9.437943,-0.016521,0.023182,-0.023449
1704882337,4598992,-0.019154,0.033519,-9.428367,-0.013323,0.012790,-0.021317
1704882337,4599025,0.059855,0.011971,-9.354146,-0.015455,0.017853,-0.021583
1704882337,4599058,0.038307,-0.009577,-9.411607,-0.012524,0.018652,-0.021850
1704882337,4599091,0.050278,0.023942,-9.435549,-0.011191,0.018652,-0.024248
1704882337,4599124,0.043096,0.028730,-9.464279,-0.015988,0.015988,-0.023182
1704882337,4599159,0.009577,0.007183,-9.488221,-0.014123,0.013323,-0.019718
1704882337,4599192,0.002394,0.019154,-9.416395,-0.013856,0.015721,-0.023449
1704882337,4599224,0.004788,-0.028730,-9.437943,-0.013057,0.021051,-0.023715
1704882337,4599257,-0.007183,0.043096,-9.478644,-0.013323,0.014922,-0.023449
1704882337,4599290,0.043096,0.035913,-9.600749,-0.013323,0.017853,-0.021850
1704882337,4599323,0.069432,0.045490,-9.387665,-0.013856,0.015988,-0.022383
1704882337,4599366,0.045490,0.016759,-9.358934,-0.014655,0.016254,-0.021317
1704882337,4599399,0.088585,0.002394,-9.488221,-0.009326,0.018119,-0.021583
1704882337,4599432,0.043096,-0.007183,-9.447520,-0.011724,0.018119,-0.025314
1704882337,4599464,-0.009577,0.023942,-9.490616,-0.011991,0.017320,-0.022116
1704882337,4599496,0.069432,-0.031125,-9.466674,-0.012790,0.016254,-0.021051
1704882338,4599529,0.023942,0.004788,-9.375694,-0.015455,0.017320,-0.024515
1704882338,4599561,0.059855,0.069432,-9.435549,-0.012524,0.018119,-0.022383
1704882338,4599596,0.033519,0.129287,-9.476251,-0.013057,0.014922,-0.022916
1704882338,4599629,0.000000,-0.019154,-9.433155,-0.011724,0.011458,-0.022649
1704882338,4599661,0.050278,0.004788,-9.466674,-0.013057,0.017320,-0.022649
1704882338,4599694,0.047884,0.043096,-9.459491,-0.014655,0.014922,-0.021850
1704882338,4599726,-0.002394,0.071826,-9.437943,-0.014123,0.021317,-0.018652
1704882338,4599759,0.050278,0.011971,-9.452309,-0.015188,0.015188,-0.025314
1704882338,4599791,-0.019154,0.014365,-9.481039,-0.014922,0.018652,-0.021051
1704882338,4599826,0.062249,0.004788,-9.435549,-0.014655,0.019185,-0.022649
1704882338,4599859,0.023942,0.014365,-9.495404,-0.016521,0.016787,-0.022649
1704882338,4599891,0.098162,0.004788,-9.435549,-0.014922,0.018119,-0.018919
1704882338,4599924,-0.002394,-0.004788,-9.454702,-0.011458,0.016521,-0.022649
1704882338,4599957,0.071826,-0.007183,-9.421184,-0.015455,0.015188,-0.019718
1704882338,4599989,0.045490,0.038307,-9.526528,-0.012257,0.017853,-0.022383
1704882338,4600022,0.019154,-0.021548,-9.428367,-0.014123,0.015188,-0.021583
1704882338,4600056,0.083797,0.064643,-9.495404,-0.011191,0.021051,-0.022649
1704882338,4600089,0.071826,-0.016759,-9.461885,-0.015455,0.016254,-0.019985
1704882338,4600122,0.045490,0.028730,-9.423578,-0.011724,0.015188,-0.023715
1704882338,4600154,0.014365,0.011971,-9.485827,-0.010392,0.017054,-0.021583
1704882338,4600187,0.038307,0.045490,-9.442732,-0.015188,0.017320,-0.023715
1704882338,4600219,0.038307,0.009577,-9.425972,-0.015988,0.016254,-0.023182
1704882338,4600254,0.016759,0.002394,-9.483433,-0.015988,0.021583,-0.023982
1704882338,4600287,-0.026336,-0.004788,-9.488221,-0.010126,0.019185,-0.020518
1704882338,4600319,0.050278,0.055067,-9.478644,-0.012524,0.019452,-0.018386
1704882338,4600352,0.088585,0.028730,-9.454702,-0.012790,0.020251,-0.020784
1704882338,4600384,0.083797,-0.004788,-9.452309,-0.011991,0.015188,-0.020251
1704882338,4600417,0.062249,0.043096,-9.454702,-0.011724,0.017054,-0.021317
1704882338,4600449,0.026336,0.038307,-9.521740,-0.015455,0.018652,-0.022916
1704882338,4600484,0.064643,0.035913,-9.370906,-0.013057,0.018919,-0.022649
1704882339,4600517,0.050278,-0.002394,-9.481039,-0.011458,0.020518,-0.024781
1704882339,4600549,0.055067,0.031125,-9.526528,-0.013057,0.017320,-0.019718
1704882339,4600582,0.074220,-0.009577,-9.344569,-0.014123,0.019185,-0.020251
1704882339,4600614,0.079009,0.016759,-9.406818,-0.010126,0.015188,-0.021317
1704882339,4600647,0.028730,-0.050278,-9.466674,-0.015721,0.017587,-0.021583
1704882339,4600679,0.047884,0.009577,-9.373300,-0.015721,0.015988,-0.022916
1704882339,4600714,0.019154,0.079009,-9.526528,-0.014922,0.020251,-0.019452
1704882339,4600747,0.052672,0.021548,-9.454702,-0.011991,0.013323,-0.022649
1704882339,4600779,-0.050278,0.045490,-9.392453,-0.010658,0.021317,-0.019985
1704882339,4600812,-0.007183,-0.007183,-9.500193,-0.012257,0.021051,-0.022116
1704882339,4600845,0.014365,0.079009,-9.433155,-0.012524,0.016254,-0.023715
1704882339,4600877,0.083797,0.050278,-9.406818,-0.012257,0.017853,-0.020518
1704882339,4600912,0.026336,0.009577,-9.509769,-0.014655,0.013856,-0.023715
1704882339,4600945,0.129287,0.047884,-9.466674,-0.015988,0.017054,-0.019718
1704882339,4600977,0.043096,0.059855,-9.564836,-0.013590,0.020518,-0.023182
1704882339,4601010,0.059855,-0.021548,-9.528923,-0.015455,0.017054,-0.024781
1704882339,4601042,0.090980,0.004788,-9.531317,-0.012257,0.017320,-0.021051
1704882339,4601075,0.086191,0.057461,-9.504981,-0.012524,0.016254,-0.022383
1704882339,4601107,0.000000,-0.011971,-9.387665,-0.013856,0.017054,-0.023449
1704882339,4601142,0.057461,0.002394,-9.442732,-0.011724,0.018652,-0.021583
1704882339,4601175,0.088585,-0.019154,-9.483433,-0.010392,0.013057,-0.022383
1704882339,4601208,0.062249,-0.007183,-9.404425,-0.013590,0.018119,-0.023449
1704882339,4601240,0.055067,0.023942,-9.473856,-0.017320,0.019718,-0.020251
1704882339,4601273,0.014365,-0.055067,-9.473856,-0.015455,0.015188,-0.021583
1704882339,4601306,0.057461,0.031125,-9.504981,-0.013856,0.026646,-0.022649
1704882339,4601339,-0.002394,0.086191,-9.485827,-0.014655,0.020784,-0.020518
1704882339,4601374,0.045490,0.033519,-9.411607,-0.015188,0.016787,-0.020251
1704882339,4601407,0.055067,0.031125,-9.504981,-0.008793,0.013590,-0.022916
1704882339,4601440,-0.014365,0.007183,-9.378088,-0.014922,0.013057,-0.024248
1704882339,4601473,0.040701,-0.023942,-9.435549,-0.015721,0.019185,-0.021051
1704882339,4601506,0.083797,-0.038307,-9.473856,-0.013057,0.016521,-0.022116
1704882340,4601538,0.043096,0.028730,-9.459491,-0.013057,0.016787,-0.021051
1704882340,4601574,0.038307,0.083797,-9.404425,-0.015188,0.016787,-0.019185
1704882340,4601607,0.000000,0.055067,-9.464279,-0.012524,0.017320,-0.023715
1704882340,4601640,0.071826,0.021548,-9.507375,-0.012790,0.018119,-0.023182
1704882340,4601672,0.043096,-0.002394,-9.476251,-0.013856,0.013590,-0.023982
1704882340,4601705,0.023942,0.026336,-9.378088,-0.010658,0.015188,-0.024515
1704882340,4601738,0.064643,-0.035913,-9.481039,-0.009593,0.019185,-0.020251
1704882340,4601771,0.023942,-0.026336,-9.476251,-0.014389,0.018919,-0.022916
1704882340,4601806,0.011971,0.038307,-9.574412,-0.012790,0.015455,-0.023449
1704882340,4601839,0.031125,0.009577,-9.459491,-0.014389,0.018119,-0.022649
1704882340,4601872,0.004788,-0.016759,-9.430760,-0.013323,0.017054,-0.022383
1704882340,4601905,-0.014365,0.059855,-9.509769,-0.013323,0.021051,-0.020251
1704882340,4601938,0.023942,0.000000,-9.576807,-0.011724,0.018652,-0.024781
1704882340,4601970,0.021548,-0.016759,-9.459491,-0.015455,0.018386,-0.025047
1704882340,4602003,0.095768,0.057461,-9.478644,-0.012524,0.017054,-0.022116
1704882340,4602039,0.033519,0.038307,-9.469068,-0.012257,0.017054,-0.023449
1704882340,4602071,0.043096,0.043096,-9.478644,-0.013057,0.016254,-0.020784
1704882340,4602104,0.031125,0.004788,-9.548077,-0.013323,0.018919,-0.022649
1704882340,4602137,0.016759,-0.011971,-9.533711,-0.013057,0.017054,-0.021317
1704882340,4602170,0.028730,0.040701,-9.437943,-0.012790,0.017054,-0.020784
1704882340,4602203,-0.004788,0.021548,-9.435549,-0.012524,0.017853,-0.022649
1704882340,4602236,0.009577,0.000000,-9.555259,-0.014123,0.017320,-0.021583
1704882340,4602271,0.021548,0.009577,-9.445126,-0.013590,0.019985,-0.023982
1704882340,4602304,0.043096,0.038307,-9.464279,-0.014922,0.018119,-0.023715
1704882340,4602337,0.081403,-0.021548,-9.373300,-0.017054,0.017054,-0.021317
1704882340,4602369,0.031125,0.035913,-9.524135,-0.012790,0.018386,-0.021317
1704882340,4602402,0.011971,0.035913,-9.473856,-0.010392,0.013590,-0.022116
1704882340,4602435,0.064643,0.021548,-9.495404,-0.011458,0.017320,-0.025847
1704882340,4602470,0.064643,0.019154,-9.380483,-0.013057,0.019185,-0.021317
1704882340,4602503,0.086191,0.071826,-9.461885,-0.013057,0.019185,-0.023449
1704882341,4602536,0.031125,0.021548,-9.476251,-0.014389,0.017853,-0.021850
1704882341,4602569,0.076614,0.007183,-9.421184,-0.012524,0.020518,-0.018919
1704882341,4602602,0.071826,0.067038,-9.466674,-0.015721,0.014922,-0.022116
1704882341,4602635,0.040701,0.016759,-9.418790,-0.015721,0.016521,-0.020518
1704882341,4602667,0.028730,0.052672,-9.493010,-0.014389,0.014389,-0.022116
1704882341,4602703,0.026336,0.038307,-9.469068,-0.016254,0.014389,-0.021051
1704882341,4602735,0.064643,0.016759,-9.437943,-0.012790,0.017054,-0.022116
1704882341,4602768,0.028730,0.045490,-9.476251,-0.013323,0.019718,-0.021583
1704882341,4602801,0.028730,0.011971,-9.466674,-0.013856,0.016521,-0.022649
1704882341,4602834,0.028730,-0.009577,-9.452309,-0.016254,0.013856,-0.021850
1704882341,4602867,0.064643,0.026336,-9.461885,-0.011724,0.013057,-0.021051
1704882341,4602899,0.035913,-0.009577,-9.414001,-0.013057,0.022383,-0.019985
1704882341,4602942,0.067038,-0.002394,-9.464279,-0.015188,0.014922,-0.020784
1704882341,4602976,0.074220,-0.004788,-9.368511,-0.011991,0.023715,-0.018919
1704882341,4603008,0.011971,0.002394,-9.507375,-0.012524,0.017587,-0.021850
1704882341,4603041,0.011971,0.031125,-9.452309,-0.017054,0.013057,-0.022116
1704882341,4603073,0.071826,0.067038,-9.404425,-0.016787,0.019452,-0.021583
1704882341,4603106,0.033519,-0.050278,-9.387665,-0.012524,0.014655,-0.022383
1704882341,4603140,0.057461,-0.002394,-9.423578,-0.014922,0.017853,-0.022916
1704882341,4603173,0.033519,0.031125,-9.447520,-0.013323,0.015188,-0.024248
1704882341,4603205,0.102951,0.026336,-9.493010,-0.013590,0.016787,-0.021583
1704882341,4603238,0.062249,0.026336,-9.488221,-0.013856,0.017320,-0.025314
1704882341,4603270,0.057461,0.023942,-9.509769,-0.011991,0.018919,-0.020784
1704882341,4603303,0.011971,0.076614,-9.560047,-0.014922,0.013590,-0.023182
1704882341,4603336,0.047884,0.043096,-9.485827,-0.013057,0.018919,-0.019185
1704882341,4603370,0.081403,0.016759,-9.528923,-0.015721,0.022916,-0.024515
1704882341,4603403,0.023942,0.033519,-9.411607,-0.011191,0.016787,-0.025047
1704882341,4603436,0.040701,0.019154,-9.483433,-0.012257,0.014922,-0.022916
1704882341,4603468,0.035913,0.014365,-9.447520,-0.013323,0.015188,-0.020518
1704882341,4603501,0.047884,0.007183,-9.454702,-0.014655,0.017054,-0.021583
1704882342,4603533,0.059855,-0.002394,-9.481039,-0.013057,0.017853,-0.021317
1704882342,4603566,0.033519,0.031125,-9.476251,-0.015721,0.020251,-0.021317
1704882342,4603601,-0.014365,0.033519,-9.406818,-0.014655,0.019985,-0.019718
1704882342,4603633,0.047884,0.014365,-9.440337,-0.014922,0.013323,-0.023715
1704882342,4603666,0.057461,0.062249,-9.504981,-0.014655,0.018919,-0.018386
1704882342,4603698,0.064643,0.004788,-9.512163,-0.014123,0.016521,-0.022649
1704882342,4603731,0.009577,0.004788,-9.423578,-0.011724,0.017587,-0.021051
1704882342,4603763,0.028730,0.031125,-9.469068,-0.012257,0.017587,-0.021850
1704882342,4603796,0.050278,0.019154,-9.449914,-0.015455,0.018119,-0.022383
1704882342,4603831,0.057461,-0.016759,-9.490616,-0.012257,0.016787,-0.022383
1704882342,4603863,0.040701,-0.055067,-9.466674,-0.015721,0.016787,-0.020518
1704882342,4603896,0.016759,0.076614,-9.485827,-0.014655,0.018119,-0.018652
1704882342,4603928,0.134075,0.031125,-9.504981,-0.014389,0.020518,-0.022916
1704882342,4603961,0.014365,-0.004788,-9.548077,-0.012790,0.017853,-0.019985
1704882342,4603994,0.000000,-0.004788,-9.454702,-0.012524,0.019452,-0.021583
1704882342,4604028,0.047884,0.000000,-9.493010,-0.011191,0.018652,-0.021850
1704882342,4604061,0.045490,0.021548,-9.519346,-0.012524,0.019718,-0.023982
1704882342,4604094,0.021548,0.007183,-9.471462,-0.013057,0.019985,-0.022116
1704882342,4604126,0.000000,-0.021548,-9.416395,-0.015455,0.020784,-0.021583
1704882342,4604159,0.057461,0.038307,-9.469068,-0.011191,0.021850,-0.022916
1704882342,4604191,0.038307,0.002394,-9.493010,-0.012790,0.017587,-0.021850
1704882342,4604224,0.064643,0.038307,-9.378088,-0.012790,0.019718,-0.021850
1704882342,4604259,0.076614,0.011971,-9.509769,-0.016254,0.017587,-0.019985
1704882342,4604291,0.019154,0.040701,-9.423578,-0.014922,0.020518,-0.021583
1704882342,4604324,0.093374,0.052672,-9.519346,-0.014922,0.019452,-0.018386
1704882342,4604356,0.057461,0.033519,-9.495404,-0.012790,0.017054,-0.022916
1704882342,4604389,0.004788,0.023942,-9.459491,-0.015721,0.013590,-0.021051
1704882342,4604421,0.052672,0.035913,-9.495404,-0.013323,0.016254,-0.022649
1704882342,4604454,0.052672,0.074220,-9.490616,-0.012790,0.018652,-0.020251
1704882342,4604489,0.031125,0.045490,-9.483433,-0.013590,0.017320,-0.021850
1704882343,4604521,0.076614,0.035913,-9.473856,-0.013057,0.021583,-0.024781
1704882343,4604554,0.095768,0.016759,-9.528923,-0.014123,0.015721,-0.021850
1704882343,4604586,0.055067,-0.011971,-9.433155,-0.012790,0.018652,-0.020251
1704882343,4604619,0.045490,0.026336,-9.423578,-0.012790,0.016254,-0.021583
1704882343,4604651,0.095768,0.019154,-9.445126,-0.013856,0.016254,-0.021051
1704882343,4604686,-0.002394,0.028730,-9.435549,-0.014123,0.022383,-0.023449
1704882343,4604719,0.038307,-0.038307,-9.481039,-0.012524,0.018652,-0.021317
1704882343,4604752,0.040701,-0.002394,-9.478644,-0.013590,0.015988,-0.022116
1704882343,4604784,0.045490,0.045490,-9.471462,-0.013323,0.019718,-0.022383
1704882343,4604817,0.059855,0.050278,-9.454702,-0.013057,0.012790,-0.024248
1704882343,4604850,0.074220,0.002394,-9.425972,-0.013057,0.017853,-0.023715
1704882343,4604883,0.045490,0.043096,-9.373300,-0.012524,0.016787,-0.022116
1704882343,4604918,0.021548,0.033519,-9.485827,-0.014922,0.018652,-0.021583
1704882343,4604951,0.045490,0.045490,-9.461885,-0.012257,0.018119,-0.020518
1704882343,4604984,0.021548,-0.055067,-9.493010,-0.013323,0.017587,-0.018919
1704882343,4605017,0.098162,0.000000,-9.392453,-0.014123,0.016787,-0.021583
1704882343,4605049,0.067038,0.009577,-9.481039,-0.016254,0.018386,-0.021583
1704882343,4605082,0.074220,0.000000,-9.416395,-0.010126,0.018919,-0.019185
1704882343,4605115,0.069432,-0.064643,-9.564836,-0.014655,0.019185,-0.024248
1704882343,4605150,0.028730,0.021548,-9.478644,-0.013057,0.016787,-0.023982
1704882343,4605183,-0.014365,0.016759,-9.409213,-0.015455,0.019185,-0.020784
1704882343,4605216,0.002394,0.069432,-9.452309,-0.015455,0.013590,-0.021850
1704882343,4605249,0.076614,0.031125,-9.402030,-0.010658,0.019985,-0.021051
1704882343,4605282,0.011971,0.026336,-9.500193,-0.013323,0.020251,-0.021051
1704882343,4605314,0.064643,0.000000,-9.402030,-0.015188,0.018652,-0.022383
1704882343,4605347,-0.002394,0.021548,-9.394848,-0.014922,0.014922,-0.023982
1704882343,4605383,0.112527,0.031125,-9.504981,-0.017054,0.016254,-0.021583
1704882343,4605416,0.011971,0.045490,-9.528923,-0.014389,0.018652,-0.021051
1704882343,4605448,0.043096,0.016759,-9.514558,-0.012524,0.018919,-0.021583
1704882343,4605481,0.023942,0.000000,-9.433155,-0.014655,0.015188,-0.021317
1704882344,4605514,0.031125,-0.023942,-9.543288,-0.012524,0.020518,-0.020518
1704882344,4605547,0.098162,0.038307,-9.318233,-0.015455,0.016787,-0.022649
1704882344,4605582,0.043096,0.009577,-9.437943,-0.013057,0.019452,-0.022116
1704882344,4605615,0.026336,0.019154,-9.466674,-0.013856,0.016521,-0.022116
1704882344,4605648,0.076614,0.009577,-9.449914,-0.013323,0.016521,-0.024248
1704882344,4605681,0.050278,0.071826,-9.459491,-0.014123,0.013590,-0.022916
1704882344,4605714,0.090980,-0.023942,-9.397242,-0.014123,0.014389,-0.023715
1704882344,4605746,0.095768,0.045490,-9.485827,-0.012524,0.018119,-0.020784
1704882344,4605779,0.055067,-0.009577,-9.428367,-0.014655,0.016787,-0.021583
1704882344,4605815,0.016759,0.033519,-9.504981,-0.014389,0.021317,-0.020251
1704882344,4605847,0.110133,0.071826,-9.449914,-0.011991,0.018919,-0.018652
1704882344,4605880,0.011971,0.014365,-9.425972,-0.015188,0.013590,-0.024781
1704882344,4605913,0.011971,0.007183,-9.392453,-0.011724,0.023715,-0.022383
1704882344,4605946,0.069432,0.016759,-9.512163,-0.013057,0.011458,-0.022649
1704882344,4605979,0.040701,0.064643,-9.512163,-0.014922,0.015988,-0.020518
1704882344,4606012,0.043096,0.035913,-9.411607,-0.015455,0.016254,-0.022116
1704882344,4606047,0.000000,0.067038,-9.390059,-0.011991,0.019452,-0.021850
1704882344,4606080,0.038307,0.009577,-9.495404,-0.012790,0.019985,-0.023182
1704882344,4606113,0.043096,0.035913,-9.478644,-0.011991,0.017853,-0.021850
1704882344,4606145,0.028730,0.023942,-9.457097,-0.013590,0.017853,-0.025847
1704882344,4606178,0.057461,0.076614,-9.457097,-0.012790,0.015455,-0.019985
1704882344,4606211,0.069432,0.043096,-9.433155,-0.012790,0.018386,-0.023982
1704882344,4606246,0.011971,0.019154,-9.514558,-0.013590,0.018919,-0.023449
1704882344,4606279,0.009577,-0.016759,-9.399636,-0.013590,0.017320,-0.023982
1704882344,4606312,0.071826,0.033519,-9.485827,-0.014123,0.016787,-0.024248
1704882344,4606345,0.021548,0.023942,-9.478644,-0.013323,0.014389,-0.021317
1704882344,4606377,0.081403,-0.019154,-9.536105,-0.014123,0.018386,-0.023982
1704882344,4606410,0.004788,-0.016759,-9.390059,-0.013856,0.018652,-0.021850
1704882344,4606443,0.019154,0.028730,-9.437943,-0.012257,0.020784,-0.024515
1704882344,4606486,0.014365,-0.016759,-9.540894,-0.012257,0.018652,-0.018119
1704882345,4606519,0.031125,0.011971,-9.425972,-0.014123,0.015988,-0.023182
1704882345,4606552,0.069432,-0.062249,-9.488221,-0.012790,0.020784,-0.022116
1704882345,4606584,0.028730,0.014365,-9.478644,-0.012790,0.016521,-0.019452
1704882345,4606617,0.064643,0.035913,-9.476251,-0.010925,0.021051,-0.020784
1704882345,4606649,0.055067,0.007183,-9.356541,-0.012524,0.016787,-0.023182
1704882345,4606682,-0.028730,-0.023942,-9.459491,-0.015988,0.019985,-0.019185
1704882345,4606717,0.119710,0.038307,-9.519346,-0.014922,0.017054,-0.022383
1704882345,4606749,0.028730,0.047884,-9.411607,-0.012257,0.017587,-0.023449
1704882345,4606782,0.055067,0.021548,-9.437943,-0.013590,0.019185,-0.022916
1704882345,4606814,0.016759,0.043096,-9.433155,-0.014389,0.017320,-0.019718
1704882345,4606847,0.000000,0.009577,-9.536105,-0.013323,0.018919,-0.020784
1704882345,4606880,-0.009577,0.033519,-9.524135,-0.013057,0.018119,-0.022383
1704882345,4606912,0.047884,-0.038307,-9.476251,-0.013057,0.015988,-0.022116
1704882345,4606947,0.016759,-0.031125,-9.528923,-0.013057,0.018119,-0.022649
1704882345,4606980,0.062249,-0.019154,-9.469068,-0.012257,0.019185,-0.022116
1704882345,4607012,0.059855,0.035913,-9.507375,-0.012790,0.018386,-0.019985
1704882345,4607045,-0.026336,0.071826,-9.502586,-0.014655,0.015455,-0.021850
1704882345,4607077,0.064643,-0.016759,-9.471462,-0.013323,0.015188,-0.024248
1704882345,4607110,0.031125,-0.011971,-9.485827,-0.013590,0.018919,-0.020251
1704882345,4607145,-0.004788,-0.016759,-9.442732,-0.014655,0.018119,-0.023715
1704882345,4607177,0.047884,0.064643,-9.404425,-0.015455,0.017320,-0.023182
1704882345,4607210,-0.004788,0.011971,-9.428367,-0.014922,0.017054,-0.021583
1704882345,4607243,0.043096,-0.002394,-9.435549,-0.014922,0.018386,-0.021051
1704882345,4607275,0.045490,0.064643,-9.466674,-0.014123,0.019985,-0.017320
1704882345,4607308,0.045490,0.011971,-9.363723,-0.012524,0.017320,-0.021317
1704882345,4607340,0.021548,0.064643,-9.500193,-0.012790,0.012524,-0.022649
1704882345,4607375,0.083797,0.043096,-9.423578,-0.013057,0.017853,-0.025314
1704882345,4607408,0.095768,0.023942,-9.504981,-0.012257,0.017320,-0.027179
1704882345,4607441,0.007183,0.038307,-9.473856,-0.013057,0.014123,-0.019185
1704882345,4607473,0.062249,0.038307,-9.543288,-0.012790,0.020518,-0.021583
1704882345,4607506,0.057461,-0.028730,-9.437943,-0.014389,0.019985,-0.023982
1704882346,4607538,0.016759,0.004788,-9.454702,-0.015188,0.018652,-0.020251
1704882346,4607571,0.088585,0.016759,-9.437943,-0.013057,0.019185,-0.023715
1704882346,4607606,0.011971,0.033519,-9.452309,-0.013057,0.018119,-0.019985
1704882346,4607638,0.031125,0.040701,-9.464279,-0.014922,0.016787,-0.021850
1704882346,4607671,0.057461,0.009577,-9.440337,-0.014922,0.015721,-0.021051
1704882346,4607703,0.031125,-0.033519,-9.504981,-0.014123,0.014922,-0.022116
1704882346,4607736,0.062249,0.028730,-9.418790,-0.013590,0.015721,-0.020784
1704882346,4607768,0.047884,0.000000,-9.411607,-0.012790,0.018919,-0.021583
1704882346,4607803,-0.011971,-0.009577,-9.449914,-0.015455,0.015721,-0.022916
1704882346,4607836,0.102951,-0.004788,-9.490616,-0.013856,0.014922,-0.022649
1704882346,4607868,0.057461,0.055067,-9.516952,-0.013057,0.020784,-0.022116
1704882346,4607901,0.047884,0.000000,-9.502586,-0.015188,0.016254,-0.022383
1704882346,4607933,0.100556,0.023942,-9.440337,-0.015455,0.017853,-0.023449
1704882346,4607966,0.043096,0.064643,-9.507375,-0.013590,0.017587,-0.022649
1704882346,4607998,0.000000,0.031125,-9.447520,-0.012524,0.016787,-0.022916
1704882346,4608033,0.105345,-0.004788,-9.481039,-0.015455,0.015455,-0.025847
1704882346,4608066,0.074220,-0.007183,-9.536105,-0.015721,0.017054,-0.022383
1704882346,4608098,0.031125,0.055067,-9.481039,-0.013590,0.014389,-0.021317
1704882346,4608131,-0.002394,-0.035913,-9.504981,-0.013856,0.015455,-0.022383
1704882346,4608163,0.057461,0.019154,-9.466674,-0.015188,0.016787,-0.022649
1704882346,4608196,0.028730,-0.004788,-9.493010,-0.011191,0.016787,-0.024248
1704882346,4608228,0.081403,0.052672,-9.459491,-0.015455,0.014389,-0.020518
1704882346,4608263,0.047884,0.047884,-9.394848,-0.015188,0.018919,-0.022649
1704882346,4608296,0.055067,0.009577,-9.440337,-0.011991,0.019452,-0.023715
1704882346,4608329,0.002394,-0.038307,-9.500193,-0.014922,0.018652,-0.021051
1704882346,4608361,-0.011971,-0.021548,-9.447520,-0.013590,0.018919,-0.020251
1704882346,4608394,0.098162,0.031125,-9.404425,-0.012524,0.017054,-0.019718
1704882346,4608427,0.067038,0.009577,-9.421184,-0.013590,0.018652,-0.020518
1704882346,4608462,-0.038307,0.016759,-9.430760,-0.012790,0.019985,-0.023982
1704882346,4608495,0.093374,-0.045490,-9.390059,-0.011724,0.019718,-0.024781
1704882347,4608528,0.081403,0.000000,-9.516952,-0.015988,0.018652,-0.020784
1704882347,4608561,0.050278,0.090980,-9.416395,-0.010392,0.021850,-0.023182
1704882347,4608594,0.011971,0.038307,-9.502586,-0.015455,0.019185,-0.022649
1704882347,4608626,0.009577,0.047884,-9.402030,-0.015455,0.014655,-0.023182
1704882347,4608659,0.076614,-0.002394,-9.442732,-0.014389,0.015455,-0.023715
1704882347,4608695,0.083797,0.071826,-9.469068,-0.012790,0.021850,-0.022916
1704882347,4608727,0.033519,0.067038,-9.507375,-0.011991,0.019185,-0.021051
1704882347,4608760,0.052672,0.035913,-9.478644,-0.012524,0.016521,-0.023982
1704882347,4608793,-0.007183,0.052672,-9.425972,-0.013590,0.021317,-0.022649
1704882347,4608826,0.067038,-0.035913,-9.464279,-0.015188,0.019718,-0.022649
1704882347,4608859,0.033519,0.057461,-9.425972,-0.014389,0.014922,-0.021850
1704882347,4608892,0.021548,0.016759,-9.416395,-0.013057,0.017587,-0.022916
1704882347,4608927,0.055067,-0.019154,-9.495404,-0.014655,0.019718,-0.021051
1704882347,4608960,0.076614,0.045490,-9.502586,-0.013057,0.019185,-0.022649
1704882347,4608993,0.031125,0.052672,-9.452309,-0.012257,0.015188,-0.025847
1704882347,4609025,0.050278,0.045490,-9.473856,-0.012524,0.019718,-0.019452
1704882347,4609058,-0.002394,0.004788,-9.440337,-0.013323,0.015188,-0.023182
1704882347,4609091,0.007183,0.000000,-9.507375,-0.013856,0.021317,-0.021850
1704882347,4609124,0.064643,-0.031125,-9.457097,-0.014389,0.017320,-0.022383
1704882347,4609159,0.021548,0.007183,-9.466674,-0.013323,0.013856,-0.023449
1704882347,4609192,0.055067,0.021548,-9.488221,-0.012790,0.014123,-0.022383
1704882347,4609225,0.035913,0.011971,-9.440337,-0.013856,0.018652,-0.020251
1704882347,4609258,0.079009,0.007183,-9.430760,-0.015188,0.017054,-0.022916
1704882347,4609291,0.040701,0.033519,-9.478644,-0.012257,0.014655,-0.019718
1704882347,4609323,0.045490,0.043096,-9.481039,-0.013856,0.019452,-0.020518
1704882347,4609359,0.040701,0.026336,-9.512163,-0.010126,0.016254,-0.023182
1704882347,4609392,0.076614,0.079009,-9.452309,-0.013590,0.016521,-0.022916
1704882347,4609425,0.095768,0.050278,-9.409213,-0.012257,0.019985,-0.020784
1704882347,4609457,0.069432,-0.007183,-9.478644,-0.010925,0.017320,-0.018919
1704882347,4609490,0.071826,-0.011971,-9.425972,-0.013856,0.018119,-0.022649
1704882348,4609523,0.069432,-0.038307,-9.323022,-0.013590,0.013057,-0.022649
1704882348,4609556,0.028730,0.045490,-9.567230,-0.013323,0.016521,-0.019985
1704882348,4609591,0.064643,-0.016759,-9.418790,-0.012524,0.019985,-0.021317
1704882348,4609624,0.000000,0.067038,-9.500193,-0.013057,0.020784,-0.021051
1704882348,4609657,-0.002394,0.035913,-9.500193,-0.014389,0.014655,-0.021850
1704882348,4609690,0.004788,0.035913,-9.435549,-0.012257,0.016254,-0.023182
1704882348,4609723,0.028730,0.035913,-9.473856,-0.013590,0.015721,-0.020784
1704882348,4609755,0.023942,0.023942,-9.435549,-0.013856,0.017853,-0.022116
1704882348,4609788,0.009577,0.050278,-9.504981,-0.013057,0.014922,-0.021051
1704882348,4609824,0.038307,0.064643,-9.447520,-0.011724,0.016254,-0.019985
1704882348,4609856,0.004788,-0.009577,-9.411607,-0.013590,0.021051,-0.023182
1704882348,4609889,0.016759,-0.014365,-9.447520,-0.012524,0.017320,-0.022916
1704882348,4609922,-0.002394,0.069432,-9.421184,-0.013856,0.017320,-0.021583
1704882348,4609955,0.076614,0.052672,-9.469068,-0.011724,0.019452,-0.020784
1704882348,4609987,0.074220,0.057461,-9.445126,-0.013323,0.014922,-0.024515
1704882348,4610030,0.028730,0.000000,-9.572019,-0.015188,0.019985,-0.021317
1704882348,4610064,0.033519,0.004788,-9.514558,-0.014389,0.018119,-0.023182
1704882348,4610096,0.064643,-0.021548,-9.495404,-0.010925,0.016521,-0.020518
1704882348,4610129,0.045490,0.026336,-9.402030,-0.014922,0.019718,-0.020251
1704882348,4610161,0.069432,0.011971,-9.490616,-0.014922,0.014389,-0.024248
1704882348,4610194,0.043096,0.045490,-9.476251,-0.014389,0.017587,-0.020784
1704882348,4610226,0.050278,-0.028730,-9.461885,-0.014123,0.018652,-0.024248
1704882348,4610261,0.011971,-0.009577,-9.416395,-0.013323,0.018386,-0.020784
1704882348,4610293,0.014365,0.064643,-9.538500,-0.014389,0.019718,-0.021850
1704882348,4610326,0.045490,0.016759,-9.449914,-0.012524,0.015721,-0.022116
1704882348,4610358,0.038307,0.033519,-9.423578,-0.014389,0.018919,-0.021051
1704882348,4610391,0.090980,0.095768,-9.428367,-0.013057,0.018919,-0.021317
1704882348,4610424,0.038307,0.023942,-9.452309,-0.014655,0.018119,-0.017853
1704882348,4610456,0.033519,0.031125,-9.437943,-0.013590,0.017054,-0.023182
1704882348,4610491,0.055067,0.023942,-9.402030,-0.011191,0.017587,-0.021317
1704882349,4610524,0.043096,-0.028730,-9.473856,-0.013057,0.016254,-0.020784
1704882349,4610556,0.031125,-0.021548,-9.497798,-0.012257,0.018119,-0.023715
1704882349,4610589,0.035913,0.050278,-9.464279,-0.011191,0.015188,-0.025580
1704882349,4610621,0.055067,-0.033519,-9.502586,-0.014123,0.014922,-0.022916
1704882349,4610654,0.052672,-0.004788,-9.430760,-0.009593,0.016787,-0.021583
1704882349,4610689,0.076614,0.002394,-9.473856,-0.013057,0.015988,-0.023715
1704882349,4610721,-0.007183,0.028730,-9.428367,-0.013057,0.017587,-0.019718
1704882349,4610754,0.083797,-0.011971,-9.509769,-0.013856,0.016787,-0.021850
1704882349,4610786,0.074220,0.014365,-9.516952,-0.013590,0.016254,-0.023715
1704882349,4610819,0.071826,0.019154,-9.516952,-0.014123,0.020251,-0.021051
1704882349,4610852,-0.021548,0.021548,-9.440337,-0.015455,0.019185,-0.020784
1704882349,4610884,0.009577,0.031125,-9.512163,-0.014389,0.017587,-0.022649
1704882349,4610919,0.007183,-0.019154,-9.497798,-0.014123,0.019718,-0.019185
1704882349,4610952,0.050278,0.050278,-9.464279,-0.013057,0.020784,-0.022649
1704882349,4610984,0.055067,0.023942,-9.428367,-0.013590,0.015988,-0.021317
1704882349,4611017,0.095768,-0.021548,-9.411607,-0.014389,0.016254,-0.023449
1704882349,4611049,0.062249,0.040701,-9.533711,-0.015455,0.015188,-0.023182
1704882349,4611082,0.007183,0.031125,-9.378088,-0.014922,0.021317,-0.019718
1704882349,4611114,0.000000,0.043096,-9.464279,-0.011991,0.015988,-0.024248
1704882349,4611149,0.071826,0.038307,-9.437943,-0.012790,0.017320,-0.021850
1704882349,4611182,0.074220,0.062249,-9.449914,-0.014123,0.015721,-0.021317
1704882349,4611214,0.033519,-0.031125,-9.485827,-0.013856,0.020251,-0.022649
1704882349,4611247,-0.004788,0.047884,-9.473856,-0.014389,0.015721,-0.023449
1704882349,4611279,0.014365,0.038307,-9.421184,-0.014389,0.017054,-0.018386
1704882349,4611312,0.079009,0.067038,-9.425972,-0.015188,0.017320,-0.023182
1704882349,4611344,0.047884,0.000000,-9.440337,-0.014655,0.018919,-0.022916
1704882349,4611379,0.031125,0.009577,-9.490616,-0.012524,0.016521,-0.021317
1704882349,4611412,0.026336,0.047884,-9.512163,-0.012524,0.016787,-0.021317
1704882349,4611445,0.045490,-0.016759,-9.430760,-0.015188,0.012524,-0.020251
1704882349,4611477,-0.019154,0.009577,-9.543288,-0.011991,0.014389,-0.023982
1704882350,4611510,0.038307,0.059855,-9.483433,-0.013856,0.021583,-0.021850
1704882350,4611542,0.052672,0.026336,-9.430760,-0.011991,0.018652,-0.021583
1704882350,4611577,0.023942,0.011971,-9.459491,-0.013057,0.016787,-0.019985
1704882350,4611609,0.090980,-0.019154,-9.459491,-0.015988,0.019185,-0.022116
1704882350,4611642,0.047884,0.064643,-9.404425,-0.015188,0.015988,-0.021317
1704882350,4611674,0.090980,0.019154,-9.437943,-0.015988,0.015988,-0.022916
1704882350,4611707,0.052672,-0.031125,-9.488221,-0.013590,0.018652,-0.021850
1704882350,4611739,0.023942,0.043096,-9.502586,-0.013590,0.015455,-0.023982
1704882350,4611772,0.007183,0.026336,-9.385271,-0.013590,0.015188,-0.023449
1704882350,4611807,0.050278,0.021548,-9.521740,-0.013057,0.019452,-0.022916
1704882350,4611840,0.067038,0.045490,-9.437943,-0.014123,0.016787,-0.023715
1704882350,4611872,0.038307,0.004788,-9.502586,-0.012524,0.017853,-0.023182
1704882350,4611905,0.038307,0.019154,-9.421184,-0.016254,0.014922,-0.023449
1704882350,4611938,0.079009,0.007183,-9.461885,-0.012790,0.016521,-0.023449
1704882350,4611971,0.067038,0.002394,-9.433155,-0.011458,0.017054,-0.021850
1704882350,4612003,0.011971,0.052672,-9.445126,-0.014655,0.014655,-0.019185
1704882350,4612039,-0.014365,-0.064643,-9.476251,-0.013856,0.019718,-0.021317
1704882350,4612072,0.050278,0.002394,-9.425972,-0.013057,0.017054,-0.022383
1704882350,4612104,-0.026336,0.050278,-9.512163,-0.013590,0.016787,-0.018652
1704882350,4612137,0.031125,0.038307,-9.437943,-0.011191,0.021051,-0.021317
1704882350,4612170,0.002394,-0.019154,-9.399636,-0.012524,0.018919,-0.022383
1704882350,4612203,0.031125,0.000000,-9.488221,-0.015988,0.018386,-0.021583
1704882350,4612238,0.067038,0.011971,-9.442732,-0.015188,0.017054,-0.022649
1704882350,4612271,0.035913,0.016759,-9.399636,-0.012790,0.014922,-0.022649
1704882350,4612304,0.083797,0.016759,-9.473856,-0.014389,0.019185,-0.020251
1704882350,4612337,0.002394,0.045490,-9.390059,-0.013856,0.020518,-0.021850
1704882350,4612370,0.090980,0.055067,-9.447520,-0.013057,0.018119,-0.019718
1704882350,4612403,0.050278,0.002394,-9.394848,-0.014389,0.016787,-0.019452
1704882350,4612436,0.086191,-0.033519,-9.397242,-0.012524,0.021317,-0.022116
1704882350,4612471,0.026336,0.055067,-9.483433,-0.014389,0.015188,-0.021850
1704882350,4612504,0.090980,-0.011971,-9.490616,-0.013590,0.017587,-0.021850
1704882351,4612537,0.045490,0.057461,-9.512163,-0.014389,0.018919,-0.019185
1704882351,4612570,0.035913,0.011971,-9.528923,-0.014655,0.014922,-0.021051
1704882351,4612602,0.064643,0.079009,-9.464279,-0.013856,0.016787,-0.022649
1704882351,4612635,0.026336,0.069432,-9.490616,-0.012790,0.018386,-0.020784
1704882351,4612668,0.079009,0.026336,-9.485827,-0.013057,0.017587,-0.022916
1704882351,4612704,0.028730,0.011971,-9.418790,-0.014655,0.016787,-0.018119
1704882351,4612736,-0.009577,0.035913,-9.514558,-0.014922,0.016787,-0.021317
1704882351,4612769,-0.014365,0.045490,-9.536105,-0.014123,0.020784,-0.023182
1704882351,4612802,0.055067,0.021548,-9.416395,-0.011991,0.016521,-0.023715
1704882351,4612835,-0.007183,-0.047884,-9.481039,-0.012257,0.019185,-0.021583
1704882351,4612868,0.114922,0.016759,-9.449914,-0.015455,0.021850,-0.021317
1704882351,4612901,0.059855,0.016759,-9.454702,-0.012790,0.016521,-0.019985
1704882351,4612936,0.143652,0.014365,-9.457097,-0.013856,0.017587,-0.022116
1704882351,4612969,0.071826,-0.043096,-9.543288,-0.014922,0.019452,-0.024781
1704882351,4613002,0.086191,0.000000,-9.471462,-0.014922,0.016787,-0.019185
1704882351,4613045,0.033519,0.059855,-9.481039,-0.011458,0.017320,-0.021583
1704882351,4613078,0.047884,0.004788,-9.380483,-0.011191,0.017320,-0.020784
1704882351,4613111,0.019154,0.059855,-9.504981,-0.014123,0.018386,-0.020784
1704882351,4613146,0.019154,0.004788,-9.452309,-0.014123,0.016254,-0.022649
1704882351,4613179,0.086191,0.004788,-9.504981,-0.011724,0.015188,-0.025847
1704882351,4613212,0.071826,0.052672,-9.394848,-0.013590,0.016787,-0.022383
1704882351,4613244,-0.014365,-0.004788,-9.500193,-0.012257,0.022383,-0.024781
1704882351,4613277,0.028730,0.000000,-9.390059,-0.016787,0.014655,-0.019185
1704882351,4613310,0.035913,0.023942,-9.469068,-0.011191,0.012524,-0.021583
1704882351,4613343,0.069432,0.045490,-9.540894,-0.014655,0.017853,-0.018919
1704882351,4613378,0.064643,0.007183,-9.461885,-0.009326,0.021317,-0.019718
1704882351,4613411,0.079009,0.055067,-9.512163,-0.015721,0.017853,-0.022916
1704882351,4613444,0.047884,-0.028730,-9.485827,-0.012257,0.017320,-0.024515
1704882351,4613477,0.047884,0.004788,-9.478644,-0.013590,0.021051,-0.025314
1704882352,4613509,0.028730,0.045490,-9.370906,-0.016254,0.017054,-0.021850
1704882352,4613542,0.035913,0.064643,-9.562442,-0.014123,0.020784,-0.023715
1704882352,4613575,0.057461,0.011971,-9.466674,-0.014389,0.020251,-0.024515
1704882352,4613618,0.035913,0.011971,-9.485827,-0.013590,0.026913,-0.021850
1704882352,4613651,0.016759,0.026336,-9.358934,-0.012524,0.014922,-0.020784
1704882352,4613684,0.028730,0.059855,-9.504981,-0.012790,0.014655,-0.024781
1704882352,4613716,-0.009577,-0.045490,-9.478644,-0.013590,0.013856,-0.020518
1704882352,4613749,0.047884,-0.014365,-9.481039,-0.015455,0.020518,-0.021317
1704882352,4613781,0.086191,0.028730,-9.504981,-0.014123,0.022649,-0.021317
1704882352,4613816,0.047884,0.021548,-9.490616,-0.014922,0.014655,-0.022383
1704882352,4613848,-0.011971,-0.031125,-9.464279,-0.010392,0.017320,-0.021051
1704882352,4613881,0.038307,0.062249,-9.502586,-0.012257,0.017587,-0.022383
1704882352,4613914,0.033519,0.007183,-9.411607,-0.015988,0.016521,-0.021850
1704882352,4613946,0.019154,0.002394,-9.423578,-0.014123,0.019185,-0.026646
1704882352,4613979,0.057461,0.007183,-9.516952,-0.011991,0.017853,-0.023449
1704882352,4614011,0.074220,0.007183,-9.488221,-0.013590,0.017320,-0.019452
1704882352,4614046,0.026336,-0.026336,-9.471462,-0.014123,0.018919,-0.021583
1704882352,4614079,0.033519,0.014365,-9.425972,-0.013323,0.017853,-0.020784
1704882352,4614111,0.083797,0.019154,-9.428367,-0.014655,0.017054,-0.022649
1704882352,4614144,0.038307,0.014365,-9.552865,-0.012790,0.016521,-0.022916
1704882352,4614176,0.083797,0.038307,-9.500193,-0.012790,0.018652,-0.018386
1704882352,4614209,-0.009577,0.002394,-9.572019,-0.015721,0.017320,-0.022649
1704882352,4614241,0.100556,0.014365,-9.387665,-0.012524,0.017587,-0.021583
1704882352,4614276,0.045490,-0.074220,-9.502586,-0.013323,0.019718,-0.021317
1704882352,4614309,0.038307,0.004788,-9.483433,-0.011991,0.019718,-0.024248
1704882352,4614341,0.026336,0.064643,-9.469068,-0.013057,0.013323,-0.020518
1704882352,4614374,0.126893,0.081403,-9.531317,-0.017320,0.018919,-0.020251
1704882352,4614407,0.105345,0.019154,-9.500193,-0.012524,0.015988,-0.022916
1704882352,4614439,0.047884,-0.023942,-9.449914,-0.016787,0.015721,-0.022116
1704882352,4614472,0.088585,-0.050278,-9.457097,-0.013590,0.018652,-0.020251
1704882352,4614506,0.064643,-0.007183,-9.445126,-0.018119,0.018119,-0.020784
1704882353,4614539,0.004788,0.002394,-9.449914,-0.013856,0.022116,-0.022116
1704882353,4614572,0.062249,0.028730,-9.423578,-0.012524,0.017320,-0.022916
1704882353,4614604,0.040701,0.047884,-9.490616,-0.011991,0.018386,-0.023715
1704882353,4614637,0.038307,0.021548,-9.497798,-0.017320,0.019452,-0.023449
1704882353,4614669,0.019154,0.033519,-9.471462,-0.010126,0.014123,-0.023449
1704882353,4614704,0.050278,0.000000,-9.500193,-0.012790,0.016521,-0.023715
1704882353,4614737,0.033519,0.057461,-9.423578,-0.012790,0.017853,-0.020784
1704882353,4614769,0.062249,0.045490,-9.471462,-0.011991,0.022649,-0.023449
1704882353,4614802,0.045490,0.021548,-9.442732,-0.011191,0.014922,-0.020251
1704882353,4614834,0.011971,0.016759,-9.394848,-0.014922,0.018386,-0.020784
1704882353,4614867,0.098162,0.038307,-9.464279,-0.011991,0.021317,-0.022116
1704882353,4614899,0.083797,-0.007183,-9.485827,-0.012524,0.017320,-0.020251
1704882353,4614934,0.067038,-0.002394,-9.490616,-0.013057,0.017054,-0.021583
1704882353,4614967,0.019154,0.071826,-9.442732,-0.014389,0.017587,-0.023715
1704882353,4614999,-0.007183,-0.043096,-9.363723,-0.015455,0.017853,-0.022383
1704882353,4615032,0.059855,0.033519,-9.445126,-0.012257,0.020518,-0.023449
1704882353,4615064,0.011971,0.038307,-9.416395,-0.012790,0.017853,-0.022916
1704882353,4615097,0.067038,0.062249,-9.500193,-0.011191,0.015988,-0.023715
1704882353,4615129,-0.026336,0.014365,-9.485827,-0.010658,0.018119,-0.023182
1704882353,4615164,0.019154,0.009577,-9.469068,-0.015721,0.021317,-0.019985
1704882353,4615197,0.035913,0.031125,-9.428367,-0.012790,0.012257,-0.026380
1704882353,4615229,0.045490,0.031125,-9.411607,-0.013323,0.013856,-0.022116
1704882353,4615262,0.062249,0.083797,-9.445126,-0.013590,0.014123,-0.023182
1704882353,4615294,0.064643,0.038307,-9.500193,-0.014922,0.016254,-0.021317
1704882353,4615327,0.064643,0.031125,-9.509769,-0.012790,0.020784,-0.021850
1704882353,4615362,0.088585,0.021548,-9.512163,-0.013856,0.015721,-0.020784
1704882353,4615394,0.033519,-0.014365,-9.454702,-0.011991,0.019185,-0.022116
1704882353,4615427,0.088585,0.000000,-9.435549,-0.015721,0.019185,-0.021051
1704882353,4615460,0.016759,0.074220,-9.449914,-0.012524,0.017054,-0.024248
1704882353,4615493,0.019154,0.000000,-9.476251,-0.011724,0.013856,-0.021317
1704882354,4615526,-0.009577,0.045490,-9.473856,-0.015721,0.018119,-0.023449
1704882354,4615558,0.076614,0.023942,-9.509769,-0.017853,0.018919,-0.022383
1704882354,4615594,0.055067,0.033519,-9.569624,-0.014655,0.017054,-0.021583
1704882354,4615627,0.014365,-0.011971,-9.473856,-0.014389,0.016787,-0.023182
1704882354,4615659,0.076614,-0.028730,-9.471462,-0.013057,0.021317,-0.022649
1704882354,4615692,0.057461,0.050278,-9.478644,-0.014922,0.018919,-0.023182
1704882354,4615725,0.055067,0.000000,-9.473856,-0.016521,0.019985,-0.023449
1704882354,4615758,0.050278,0.004788,-9.421184,-0.013057,0.015988,-0.022916
1704882354,4615791,-0.007183,-0.011971,-9.521740,-0.013590,0.019718,-0.021317
1704882354,4615826,-0.002394,-0.004788,-9.447520,-0.012257,0.018386,-0.022116
1704882354,4615859,0.002394,0.000000,-9.430760,-0.011724,0.018652,-0.023449
1704882354,4615892,0.076614,0.004788,-9.440337,-0.014123,0.016521,-0.019185
1704882354,4615925,0.076614,0.059855,-9.461885,-0.012790,0.020784,-0.019718
1704882354,4615957,0.031125,0.045490,-9.428367,-0.013323,0.019718,-0.022116
1704882354,4615990,0.069432,0.055067,-9.543288,-0.013590,0.018119,-0.023715
1704882354,4616023,-0.004788,0.031125,-9.469068,-0.011991,0.014123,-0.022649
1704882354,4616058,0.071826,-0.028730,-9.421184,-0.011724,0.021850,-0.018919
1704882354,4616091,0.057461,0.016759,-9.272743,-0.015188,0.018119,-0.020518
1704882354,4616124,0.055067,0.045490,-9.457097,-0.015188,0.018919,-0.024781
1704882354,4616157,0.000000,0.009577,-9.392453,-0.010392,0.019718,-0.021850
1704882354,4616190,0.014365,-0.019154,-9.536105,-0.014389,0.019452,-0.021583
1704882354,4616223,0.052672,0.057461,-9.447520,-0.012790,0.020251,-0.024781
1704882354,4616258,0.117316,0.035913,-9.500193,-0.011724,0.020784,-0.021583
1704882354,4616291,0.057461,0.050278,-9.469068,-0.012524,0.019185,-0.021850
1704882354,4616324,0.045490,0.069432,-9.466674,-0.012257,0.023715,-0.020518
1704882354,4616356,0.112527,0.021548,-9.461885,-0.013856,0.018119,-0.022383
1704882354,4616389,0.071826,-0.004788,-9.464279,-0.012524,0.023182,-0.022116
1704882354,4616422,0.062249,-0.031125,-9.382876,-0.015455,0.011458,-0.023182
1704882354,4616455,0.031125,0.016759,-9.481039,-0.016521,0.017587,-0.022649
1704882354,4616490,0.023942,0.023942,-9.476251,-0.013057,0.015188,-0.024781
1704882355,4616523,0.088585,0.011971,-9.442732,-0.014389,0.015988,-0.019985
1704882355,4616556,0.004788,0.000000,-9.442732,-0.015455,0.014389,-0.023449
1704882355,4616589,-0.011971,0.062249,-9.519346,-0.013856,0.020784,-0.021317
1704882355,4616622,0.052672,0.009577,-9.464279,-0.013856,0.015721,-0.023982
1704882355,4616655,0.028730,-0.007183,-9.452309,-0.013856,0.017853,-0.022916
1704882355,4616687,0.088585,0.023942,-9.485827,-0.012790,0.020251,-0.022116
1704882355,4616723,0.119710,-0.004788,-9.411607,-0.014389,0.017853,-0.021850
1704882355,4616756,0.052672,0.021548,-9.447520,-0.012790,0.016254,-0.021051
1704882355,4616788,0.023942,0.023942,-9.392453,-0.015188,0.019718,-0.021051
1704882355,4616821,0.047884,0.023942,-9.490616,-0.013323,0.020518,-0.022383
1704882355,4616854,0.090980,-0.009577,-9.380483,-0.012524,0.016254,-0.017587
1704882355,4616887,0.002394,-0.009577,-9.406818,-0.013856,0.017853,-0.022116
1704882355,4616922,0.026336,-0.019154,-9.464279,-0.013057,0.017587,-0.022383
1704882355,4616955,0.023942,0.076614,-9.543288,-0.012257,0.018119,-0.025047
1704882355,4616988,0.059855,0.040701,-9.500193,-0.012257,0.017587,-0.021051
1704882355,4617021,0.011971,0.002394,-9.533711,-0.010392,0.018119,-0.024515
1704882355,4617053,0.143652,0.014365,-9.516952,-0.015188,0.019718,-0.021583
1704882355,4617086,0.071826,0.014365,-9.392453,-0.011458,0.016521,-0.022916
1704882355,4617119,0.055067,0.007183,-9.507375,-0.013590,0.018119,-0.019452
1704882355,4617162,0.033519,0.014365,-9.428367,-0.013856,0.017320,-0.022916
1704882355,4617195,0.023942,0.035913,-9.526528,-0.011458,0.018386,-0.023182
1704882355,4617228,0.067038,-0.052672,-9.457097,-0.015188,0.016521,-0.022649
1704882355,4617260,0.069432,0.028730,-9.485827,-0.014389,0.017320,-0.022116
1704882355,4617293,0.055067,0.064643,-9.445126,-0.010658,0.016521,-0.023182
1704882355,4617325,0.067038,0.055067,-9.473856,-0.014655,0.014389,-0.022383
1704882355,4617358,0.045490,0.014365,-9.440337,-0.011724,0.019985,-0.022916
1704882355,4617392,0.086191,-0.021548,-9.540894,-0.013856,0.019185,-0.021051
1704882355,4617425,0.033519,0.043096,-9.416395,-0.014123,0.019185,-0.019718
1704882355,4617458,0.038307,0.019154,-9.421184,-0.012257,0.018652,-0.021850
1704882355,4617490,0.035913,0.009577,-9.485827,-0.012790,0.015188,-0.023715
1704882356,4617523,0.062249,0.043096,-9.430760,-0.017054,0.016521,-0.021317
1704882356,4617555,0.067038,-0.026336,-9.454702,-0.014389,0.019185,-0.020784
1704882356,4617588,0.083797,0.026336,-9.442732,-0.015721,0.018119,-0.019718
1704882356,4617619,0.090980,0.002394,-9.442732,-0.014389,0.018386,-0.023182
1704882356,4617652,0.088585,0.045490,-9.411607,-0.013323,0.016521,-0.021850
1704882356,4617684,0.088585,0.000000,-9.531317,-0.010658,0.015455,-0.020251
1704882356,4617717,0.019154,0.014365,-9.418790,-0.013590,0.018919,-0.022916
1704882356,4617749,0.043096,0.086191,-9.478644,-0.014655,0.020251,-0.023982
1704882356,4617782,0.016759,0.002394,-9.447520,-0.013856,0.019718,-0.025047
1704882356,4617817,-0.014365,0.000000,-9.449914,-0.012257,0.017587,-0.025580
1704882356,4617849,-0.011971,-0.026336,-9.452309,-0.014922,0.016254,-0.023715
1704882356,4617882,0.035913,0.071826,-9.430760,-0.013856,0.023182,-0.022383
1704882356,4617915,0.052672,0.014365,-9.461885,-0.015721,0.015721,-0.019718
1704882356,4617947,0.007183,0.045490,-9.490616,-0.014655,0.017054,-0.024515
1704882356,4617980,0.074220,0.009577,-9.507375,-0.017054,0.016254,-0.022383
1704882356,4618012,0.050278,0.019154,-9.397242,-0.014922,0.020518,-0.022383
1704882356,4618047,0.107739,0.035913,-9.490616,-0.012524,0.017054,-0.023715
1704882356,4618080,0.040701,0.055067,-9.471462,-0.014655,0.019985,-0.023982
1704882356,4618112,0.083797,-0.004788,-9.481039,-0.011458,0.016787,-0.021051
1704882356,4618145,0.050278,0.052672,-9.466674,-0.013323,0.017320,-0.022916
1704882356,4618177,0.026336,0.031125,-9.428367,-0.009859,0.018119,-0.022383
1704882356,4618210,0.098162,0.019154,-9.466674,-0.015721,0.019985,-0.021317
1704882356,4618243,0.031125,0.000000,-9.483433,-0.012524,0.019718,-0.022916
1704882356,4618277,0.057461,0.062249,-9.521740,-0.015455,0.021583,-0.020784
1704882356,4618310,0.035913,-0.014365,-9.351752,-0.015455,0.017587,-0.022649
1704882356,4618343,0.095768,0.043096,-9.473856,-0.011991,0.017320,-0.022116
1704882356,4618375,0.031125,0.021548,-9.414001,-0.013323,0.019718,-0.021317
1704882356,4618408,0.081403,0.007183,-9.433155,-0.014389,0.016521,-0.022916
1704882356,4618440,0.093374,0.014365,-9.440337,-0.015188,0.021583,-0.022916
1704882356,4618475,0.062249,0.026336,-9.495404,-0.013057,0.015455,-0.023182
1704882356,4618508,0.055067,0.028730,-9.485827,-0.013057,0.018386,-0.022649
