timestamp,millis,AccX,AccY,AccZ,GyroX,GyroY,GyroZ
1706625494,11742928,0.038307,0.000000,-9.622296,-0.014123,0.016521,-0.021583
1706625494,11742980,0.141258,-0.016759,-9.548077,-0.011191,0.018919,-0.023982
1706625494,11743031,0.093374,-0.016759,-9.416395,-0.011191,0.019452,-0.023982
1706625494,11743081,0.079009,-0.016759,-9.430760,-0.011191,0.015721,-0.020518
1706625494,11743132,0.057461,0.007183,-9.478644,-0.014123,0.014123,-0.023182
1706625494,11743182,0.093374,-0.052672,-9.619903,-0.013590,0.019452,-0.022916
1706625494,11743233,0.079009,0.000000,-9.603143,-0.014123,0.015988,-0.023182
1706625494,11743283,0.122104,0.016759,-9.550470,-0.011724,0.018919,-0.026646
1706625494,11743332,0.057461,-0.035913,-9.548077,-0.015455,0.018119,-0.021317
1706625494,11743383,0.090980,-0.028730,-9.500193,-0.015188,0.018119,-0.022649
1706625494,11743433,0.119710,-0.038307,-9.579201,-0.014655,0.020518,-0.022649
1706625494,11743484,0.059855,-0.004788,-9.552865,-0.013856,0.019718,-0.023449
1706625494,11743534,0.165200,0.035913,-9.552865,-0.011458,0.015188,-0.022649
1706625494,11743584,0.122104,0.021548,-9.627085,-0.013323,0.016787,-0.023182
1706625494,11743637,0.100556,0.079009,-9.504981,-0.013590,0.014389,-0.022916
1706625494,11743688,0.136469,-0.004788,-9.512163,-0.012257,0.018919,-0.020784
1706625494,11743738,0.047884,-0.045490,-9.531317,-0.013590,0.018119,-0.025314
1706625494,11743789,0.079009,-0.007183,-9.651027,-0.013057,0.020518,-0.019452
1706625495,11743839,0.086191,0.043096,-9.500193,-0.015721,0.013590,-0.024248
1706625495,11743889,0.165200,-0.019154,-9.639056,-0.012257,0.017320,-0.023715
1706625495,11743940,0.107739,-0.055067,-9.552865,-0.012790,0.019985,-0.024248
1706625495,11743993,0.112527,-0.028730,-9.504981,-0.013057,0.015988,-0.023715
1706625495,11744043,0.105345,-0.016759,-9.641450,-0.012790,0.018652,-0.023715
1706625495,11744093,0.095768,0.045490,-9.464279,-0.013590,0.016521,-0.026913
1706625495,11744144,0.083797,-0.019154,-9.481039,-0.011458,0.015988,-0.020784
1706625495,11744194,0.124498,0.007183,-9.545682,-0.015188,0.019185,-0.022116
1706625495,11744245,0.095768,-0.016759,-9.564836,-0.012524,0.016254,-0.017320
1706625495,11744298,0.067038,-0.021548,-9.473856,-0.010392,0.018919,-0.023715
1706625495,11744348,0.169988,-0.047884,-9.543288,-0.012257,0.017054,-0.022383
1706625495,11744398,0.095768,-0.019154,-9.605537,-0.013323,0.017853,-0.024515
1706625495,11744449,0.098162,-0.016759,-9.500193,-0.012790,0.018652,-0.021317
1706625495,11744500,0.081403,-0.011971,-9.533711,-0.011724,0.017587,-0.023449
1706625495,11744550,0.086191,-0.038307,-9.574412,-0.013057,0.014389,-0.023182
1706625495,11744600,0.237026,-0.031125,-9.509769,-0.010126,0.016787,-0.025047
1706625495,11744653,0.100556,0.011971,-9.548077,-0.015721,0.011458,-0.024515
1706625495,11744704,0.124498,-0.026336,-9.526528,-0.014655,0.017853,-0.022916
1706625495,11744754,0.102951,-0.004788,-9.488221,-0.012524,0.017320,-0.024248
1706625495,11744804,0.126893,-0.009577,-9.449914,-0.011991,0.015455,-0.025314
1706625496,11744855,0.038307,-0.011971,-9.583989,-0.011191,0.017853,-0.023182
1706625496,11744905,0.131681,0.014365,-9.464279,-0.013323,0.018386,-0.024515
1706625496,11744958,0.107739,0.002394,-9.574412,-0.013856,0.019185,-0.024248
1706625496,11745008,0.069432,-0.014365,-9.493010,-0.013856,0.018919,-0.024248
1706625496,11745059,0.107739,0.023942,-9.555259,-0.012257,0.016521,-0.022383
1706625496,11745109,0.093374,-0.016759,-9.586384,-0.013057,0.018919,-0.021317
1706625496,11745159,0.155623,-0.086191,-9.521740,-0.011724,0.017054,-0.025047
1706625496,11745210,0.098162,-0.004788,-9.560047,-0.014123,0.017853,-0.024781
1706625496,11745260,0.095768,0.000000,-9.615114,-0.013856,0.015455,-0.024248
1706625496,11745313,0.138864,-0.021548,-9.521740,-0.016521,0.018119,-0.020251
1706625496,11745364,0.086191,0.023942,-9.516952,-0.013057,0.016254,-0.023982
1706625496,11745414,0.143652,-0.064643,-9.512163,-0.008793,0.017587,-0.021583
1706625496,11745465,0.112527,-0.050278,-9.521740,-0.014655,0.016521,-0.019718
1706625496,11745516,0.074220,-0.045490,-9.528923,-0.016254,0.018119,-0.023982
1706625496,11745566,0.095768,-0.059855,-9.516952,-0.012790,0.018652,-0.026113
1706625496,11745617,0.107739,0.035913,-9.583989,-0.015721,0.016787,-0.022649
1706625496,11745670,0.110133,-0.083797,-9.641450,-0.015988,0.018386,-0.025047
1706625496,11745721,0.071826,0.011971,-9.655815,-0.015188,0.019185,-0.023449
1706625496,11745772,0.076614,0.004788,-9.552865,-0.014655,0.016254,-0.022649
1706625496,11745822,0.131681,-0.026336,-9.516952,-0.015188,0.018119,-0.023449
1706625497,11745873,0.064643,0.059855,-9.612720,-0.010658,0.017853,-0.022116
1706625497,11745924,0.148441,0.002394,-9.569624,-0.011991,0.018919,-0.023449
1706625497,11745977,0.136469,0.014365,-9.425972,-0.014389,0.017587,-0.021317
1706625497,11746028,0.079009,-0.047884,-9.528923,-0.011724,0.019185,-0.020784
1706625497,11746078,0.122104,-0.004788,-9.519346,-0.011458,0.018386,-0.022383
1706625497,11746129,0.102951,0.014365,-9.603143,-0.014389,0.018652,-0.023982
1706625497,11746180,0.076614,-0.011971,-9.524135,-0.011991,0.017054,-0.022383
1706625497,11746231,0.131681,-0.062249,-9.557653,-0.015455,0.014389,-0.019985
1706625497,11746281,0.090980,-0.038307,-9.576807,-0.012790,0.020518,-0.023449
1706625497,11746335,0.095768,0.004788,-9.617508,-0.014389,0.017320,-0.022916
1706625497,11746386,0.169988,-0.031125,-9.624691,-0.014389,0.018919,-0.026113
1706625497,11746436,0.100556,-0.055067,-9.595961,-0.013323,0.015721,-0.024781
1706625497,11746487,0.124498,-0.055067,-9.509769,-0.015455,0.017320,-0.023715
1706625497,11746538,0.119710,0.040701,-9.598354,-0.014389,0.017853,-0.020251
1706625497,11746589,0.138864,0.045490,-9.564836,-0.015188,0.017587,-0.022649
1706625497,11746642,0.105345,-0.016759,-9.557653,-0.012257,0.017320,-0.023982
1706625497,11746693,0.110133,-0.052672,-9.593566,-0.013057,0.014123,-0.025047
1706625497,11746743,0.143652,-0.009577,-9.552865,-0.016521,0.014655,-0.023715
1706625497,11746794,0.033519,-0.031125,-9.509769,-0.014922,0.017853,-0.022116
1706625498,11746845,0.110133,0.000000,-9.600749,-0.014123,0.017853,-0.021583
1706625498,11746896,0.146046,-0.004788,-9.402030,-0.014655,0.017054,-0.022116
1706625498,11746946,0.155623,0.011971,-9.555259,-0.012257,0.019718,-0.022383
1706625498,11747000,0.126893,0.011971,-9.557653,-0.013590,0.021051,-0.020518
1706625498,11747050,0.038307,0.014365,-9.488221,-0.015455,0.015455,-0.022916
1706625498,11747101,0.057461,-0.023942,-9.516952,-0.014123,0.016787,-0.022116
1706625498,11747152,0.162806,0.028730,-9.567230,-0.011991,0.018386,-0.024515
1706625498,11747202,0.102951,0.035913,-9.567230,-0.014922,0.013590,-0.022916
1706625498,11747253,0.160412,0.004788,-9.481039,-0.015721,0.019185,-0.023715
1706625498,11747304,0.090980,0.033519,-9.653421,-0.015721,0.019452,-0.023182
1706625498,11747357,0.088585,-0.002394,-9.516952,-0.012257,0.014123,-0.021317
1706625498,11747408,0.122104,0.011971,-9.639056,-0.014123,0.020251,-0.022649
1706625498,11747459,0.134075,-0.019154,-9.490616,-0.011991,0.019718,-0.019985
1706625498,11747510,0.129287,-0.043096,-9.567230,-0.014389,0.015721,-0.024781
1706625498,11747560,0.069432,-0.055067,-9.514558,-0.013057,0.018652,-0.021051
1706625498,11747611,0.143652,-0.023942,-9.504981,-0.014655,0.017320,-0.022383
1706625498,11747664,0.055067,-0.055067,-9.504981,-0.014655,0.015988,-0.022916
1706625498,11747715,0.129287,-0.019154,-9.490616,-0.015721,0.017587,-0.021583
1706625498,11747766,0.083797,-0.021548,-9.500193,-0.010126,0.017054,-0.022383
1706625498,11747816,0.136469,-0.004788,-9.543288,-0.011458,0.018652,-0.023182
1706625499,11747867,0.083797,-0.026336,-9.512163,-0.014922,0.021051,-0.024248
1706625499,11747918,0.081403,-0.009577,-9.478644,-0.014389,0.017587,-0.021583
1706625499,11747968,0.057461,0.035913,-9.552865,-0.015455,0.015455,-0.023715
1706625499,11748029,0.055067,-0.031125,-9.555259,-0.015988,0.018652,-0.022649
1706625499,11748080,0.126893,-0.035913,-9.576807,-0.011724,0.015188,-0.021317
1706625499,11748131,0.083797,-0.038307,-9.528923,-0.012790,0.019452,-0.022916
1706625499,11748181,0.031125,-0.045490,-9.557653,-0.013323,0.017054,-0.023982
1706625499,11748231,0.110133,0.009577,-9.531317,-0.012790,0.018386,-0.022116
1706625499,11748282,0.117316,-0.016759,-9.524135,-0.014922,0.016521,-0.023449
1706625499,11748335,0.083797,0.016759,-9.483433,-0.013590,0.017054,-0.022649
1706625499,11748385,0.088585,-0.067038,-9.536105,-0.012524,0.014389,-0.021051
1706625499,11748436,0.114922,0.007183,-9.509769,-0.015721,0.018919,-0.023715
1706625499,11748486,0.105345,-0.011971,-9.574412,-0.014123,0.016254,-0.023449
1706625499,11748537,0.095768,-0.007183,-9.560047,-0.013323,0.016254,-0.021051
1706625499,11748587,0.067038,-0.019154,-9.485827,-0.013057,0.015188,-0.020251
1706625499,11748637,0.023942,-0.023942,-9.493010,-0.013057,0.015721,-0.022116
1706625499,11748690,0.004788,-0.033519,-9.514558,-0.014123,0.017853,-0.022383
1706625499,11748741,0.083797,-0.045490,-9.500193,-0.013057,0.014922,-0.022649
1706625499,11748791,0.095768,0.000000,-9.495404,-0.013590,0.016521,-0.024248
1706625500,11748841,0.102951,-0.045490,-9.641450,-0.014123,0.016254,-0.020251
1706625500,11748892,0.088585,0.007183,-9.469068,-0.012257,0.016254,-0.024248
1706625500,11748942,0.045490,0.021548,-9.562442,-0.014655,0.017054,-0.023182
1706625500,11748993,0.069432,-0.026336,-9.507375,-0.013590,0.017587,-0.023982
1706625500,11749045,0.112527,-0.033519,-9.555259,-0.013323,0.021051,-0.023182
1706625500,11749096,0.102951,0.004788,-9.473856,-0.014123,0.018119,-0.021583
1706625500,11749146,0.098162,0.007183,-9.572019,-0.016254,0.020251,-0.023982
1706625500,11749197,0.141258,0.045490,-9.603143,-0.013323,0.018119,-0.023449
1706625500,11749247,0.138864,0.002394,-9.524135,-0.011191,0.015721,-0.021317
1706625500,11749298,0.124498,0.007183,-9.507375,-0.013057,0.018919,-0.024248
1706625500,11749350,0.129287,-0.009577,-9.574412,-0.013856,0.016254,-0.021583
1706625500,11749401,0.114922,-0.028730,-9.519346,-0.016787,0.014123,-0.023982
1706625500,11749451,0.136469,0.011971,-9.569624,-0.011991,0.017853,-0.023182
1706625500,11749502,0.057461,-0.045490,-9.500193,-0.011458,0.017320,-0.022916
1706625500,11749552,0.126893,-0.040701,-9.478644,-0.013856,0.017320,-0.025314
1706625500,11749603,0.064643,-0.038307,-9.507375,-0.013856,0.017853,-0.024248
1706625500,11749653,0.129287,-0.019154,-9.567230,-0.015188,0.017320,-0.026380
1706625500,11749706,0.081403,0.026336,-9.500193,-0.014922,0.020784,-0.026113
1706625500,11749756,0.112527,-0.031125,-9.500193,-0.015988,0.018386,-0.024781
1706625500,11749807,0.148441,-0.045490,-9.531317,-0.012524,0.017054,-0.022116
1706625501,11749857,0.141258,-0.055067,-9.519346,-0.015455,0.014655,-0.020784
1706625501,11749908,0.064643,-0.059855,-9.526528,-0.012790,0.017587,-0.024781
1706625501,11749958,0.067038,-0.055067,-9.516952,-0.013057,0.018652,-0.025314
1706625501,11750011,0.107739,0.004788,-9.512163,-0.012257,0.016254,-0.025047
1706625501,11750061,0.119710,0.004788,-9.593566,-0.012524,0.015455,-0.025047
1706625501,11750112,0.129287,-0.052672,-9.507375,-0.011458,0.019985,-0.026913
1706625501,11750162,0.090980,-0.038307,-9.543288,-0.012524,0.019452,-0.025580
1706625501,11750212,0.131681,-0.047884,-9.502586,-0.014123,0.017853,-0.021317
1706625501,11750263,0.138864,-0.045490,-9.543288,-0.011991,0.016787,-0.019452
1706625501,11750313,0.102951,0.059855,-9.536105,-0.010392,0.013323,-0.020518
1706625501,11750366,0.067038,0.038307,-9.516952,-0.013057,0.017320,-0.023182
1706625501,11750417,0.095768,-0.004788,-9.509769,-0.012257,0.015988,-0.023182
1706625501,11750467,0.081403,-0.014365,-9.583989,-0.014389,0.018119,-0.024248
1706625501,11750517,0.098162,-0.031125,-9.476251,-0.016521,0.017054,-0.022649
1706625501,11750568,0.076614,0.002394,-9.512163,-0.012524,0.017853,-0.023182
1706625501,11750618,0.028730,-0.016759,-9.519346,-0.011724,0.016521,-0.024515
1706625501,11750669,0.057461,0.021548,-9.521740,-0.012790,0.017853,-0.023982
1706625501,11750721,0.095768,-0.062249,-9.514558,-0.012257,0.018119,-0.023715
1706625501,11750772,0.143652,-0.038307,-9.548077,-0.015721,0.021051,-0.023449
1706625501,11750823,0.086191,-0.035913,-9.500193,-0.012257,0.014922,-0.025047
1706625502,11750873,0.069432,-0.028730,-9.552865,-0.015988,0.014655,-0.025047
1706625502,11750924,0.098162,-0.002394,-9.653421,-0.013323,0.018652,-0.023449
1706625502,11750975,0.112527,-0.050278,-9.483433,-0.013590,0.018652,-0.020518
1706625502,11751028,0.074220,0.045490,-9.627085,-0.014389,0.015721,-0.022916
1706625502,11751079,0.081403,-0.076614,-9.545682,-0.017320,0.019185,-0.021583
1706625502,11751129,0.122104,-0.045490,-9.495404,-0.012790,0.017320,-0.027979
1706625502,11751180,0.122104,0.028730,-9.600749,-0.012257,0.018386,-0.018919
1706625502,11751231,0.129287,0.040701,-9.469068,-0.012524,0.014922,-0.021317
1706625502,11751281,0.083797,-0.040701,-9.521740,-0.014922,0.011458,-0.023182
1706625502,11751332,0.107739,-0.038307,-9.536105,-0.011191,0.019185,-0.023449
1706625502,11751385,0.069432,0.011971,-9.646238,-0.012790,0.018386,-0.021850
1706625502,11751436,0.067038,-0.035913,-9.607931,-0.011724,0.012257,-0.025314
1706625502,11751487,0.038307,0.045490,-9.502586,-0.011991,0.017320,-0.025047
1706625502,11751538,0.100556,-0.043096,-9.607931,-0.010392,0.017587,-0.022383
1706625502,11751588,0.196325,-0.004788,-9.528923,-0.012790,0.015988,-0.024248
1706625502,11751639,0.088585,-0.067038,-9.543288,-0.014655,0.018919,-0.020251
1706625502,11751692,0.129287,0.014365,-9.536105,-0.011458,0.017320,-0.024248
1706625502,11751743,0.107739,0.055067,-9.593566,-0.013590,0.017853,-0.026113
1706625502,11751794,0.117316,-0.055067,-9.552865,-0.011458,0.017587,-0.022649
1706625503,11751845,0.107739,-0.045490,-9.531317,-0.010126,0.021850,-0.021583
1706625503,11751895,0.114922,-0.026336,-9.557653,-0.012524,0.020518,-0.022383
1706625503,11751946,0.119710,0.009577,-9.598354,-0.014655,0.018386,-0.022916
1706625503,11751997,0.124498,-0.002394,-9.516952,-0.013323,0.016787,-0.022916
1706625503,11752050,0.117316,-0.007183,-9.528923,-0.013057,0.015455,-0.022383
1706625503,11752101,0.119710,-0.009577,-9.495404,-0.013323,0.017587,-0.021583
1706625503,11752151,0.110133,-0.009577,-9.538500,-0.012524,0.017054,-0.021850
1706625503,11752202,0.069432,0.002394,-9.500193,-0.016521,0.015721,-0.023449
1706625503,11752253,0.076614,-0.019154,-9.545682,-0.013590,0.018919,-0.023982
1706625503,11752303,0.069432,0.043096,-9.598354,-0.012524,0.017587,-0.022916
1706625503,11752354,0.155623,0.004788,-9.603143,-0.014123,0.017054,-0.023982
1706625503,11752408,0.052672,0.009577,-9.521740,-0.013323,0.015455,-0.022649
1706625503,11752458,0.098162,-0.033519,-9.543288,-0.014655,0.014389,-0.023449
1706625503,11752509,0.114922,0.035913,-9.500193,-0.012790,0.017054,-0.023182
1706625503,11752560,0.129287,-0.023942,-9.452309,-0.013057,0.020251,-0.024248
1706625503,11752610,0.071826,-0.016759,-9.548077,-0.012524,0.017054,-0.022916
1706625503,11752661,0.079009,-0.033519,-9.586384,-0.012790,0.020251,-0.022116
1706625503,11752714,0.126893,-0.040701,-9.504981,-0.013057,0.018119,-0.022383
1706625503,11752765,0.090980,-0.023942,-9.478644,-0.013323,0.019452,-0.020518
1706625503,11752816,0.074220,-0.062249,-9.536105,-0.012790,0.017320,-0.021317
1706625504,11752867,0.043096,-0.019154,-9.572019,-0.014655,0.019718,-0.024515
1706625504,11752917,0.098162,-0.086191,-9.598354,-0.014123,0.018919,-0.023982
1706625504,11752968,0.083797,-0.007183,-9.497798,-0.010392,0.014123,-0.024515
1706625504,11753019,0.083797,0.023942,-9.476251,-0.010925,0.019185,-0.023982
1706625504,11753072,0.093374,0.007183,-9.488221,-0.011458,0.020784,-0.022916
1706625504,11753123,0.112527,0.031125,-9.490616,-0.012257,0.018919,-0.024515
1706625504,11753173,0.095768,-0.090980,-9.557653,-0.012257,0.018386,-0.022916
1706625504,11753224,0.067038,0.007183,-9.615114,-0.012257,0.016521,-0.018119
1706625504,11753274,0.138864,-0.023942,-9.622296,-0.016254,0.016787,-0.019985
1706625504,11753325,0.071826,0.040701,-9.449914,-0.014389,0.018386,-0.022916
1706625504,11753386,0.193930,-0.047884,-9.512163,-0.011991,0.016254,-0.023715
1706625504,11753437,0.090980,0.071826,-9.476251,-0.014123,0.020251,-0.025314
1706625504,11753488,0.059855,-0.083797,-9.495404,-0.014389,0.018652,-0.023715
1706625504,11753538,0.122104,-0.014365,-9.469068,-0.011724,0.019452,-0.021583
1706625504,11753589,0.110133,0.026336,-9.583989,-0.010658,0.015721,-0.025847
1706625504,11753639,0.110133,-0.028730,-9.519346,-0.011458,0.017320,-0.023715
1706625504,11753689,0.093374,-0.004788,-9.425972,-0.013856,0.015188,-0.023182
1706625504,11753742,0.124498,0.009577,-9.512163,-0.014655,0.019185,-0.024515
1706625504,11753792,0.158017,0.040701,-9.564836,-0.013057,0.017853,-0.025314
1706625505,11753843,0.050278,0.002394,-9.504981,-0.011458,0.018652,-0.022916
1706625505,11753893,0.095768,0.052672,-9.512163,-0.012790,0.020784,-0.021850
1706625505,11753944,0.050278,-0.086191,-9.567230,-0.014389,0.020251,-0.024248
1706625505,11753994,0.090980,-0.064643,-9.502586,-0.014123,0.015455,-0.025047
1706625505,11754045,0.160412,-0.031125,-9.526528,-0.015188,0.018119,-0.024781
1706625505,11754097,0.162806,0.069432,-9.562442,-0.011991,0.016521,-0.022649
1706625505,11754148,0.102951,-0.033519,-9.562442,-0.014389,0.017587,-0.022916
1706625505,11754198,0.079009,-0.069432,-9.605537,-0.011191,0.017054,-0.021051
1706625505,11754249,0.124498,0.004788,-9.595961,-0.011458,0.017853,-0.025047
1706625505,11754299,0.069432,-0.047884,-9.564836,-0.013323,0.019185,-0.022916
1706625505,11754349,0.090980,-0.067038,-9.550470,-0.013590,0.022116,-0.021051
1706625505,11754402,0.122104,-0.002394,-9.557653,-0.012790,0.015188,-0.018119
1706625505,11754453,0.153229,0.028730,-9.519346,-0.015188,0.015455,-0.022116
1706625505,11754503,0.083797,-0.040701,-9.564836,-0.015721,0.017853,-0.021583
1706625505,11754554,0.136469,0.014365,-9.533711,-0.014655,0.015721,-0.022383
1706625505,11754604,0.095768,-0.019154,-9.473856,-0.013590,0.018386,-0.023182
1706625505,11754655,0.122104,0.009577,-9.588778,-0.014123,0.021850,-0.028511
1706625505,11754705,0.090980,0.023942,-9.531317,-0.011724,0.016254,-0.025314
1706625505,11754758,0.055067,0.007183,-9.641450,-0.015188,0.015721,-0.022116
1706625505,11754808,0.131681,-0.016759,-9.579201,-0.014123,0.015721,-0.022916
1706625506,11754859,0.067038,0.000000,-9.512163,-0.011724,0.021850,-0.023449
1706625506,11754909,0.045490,0.014365,-9.543288,-0.013856,0.019185,-0.023182
1706625506,11754960,0.162806,-0.033519,-9.593566,-0.011991,0.017853,-0.023182
1706625506,11755010,0.050278,0.028730,-9.550470,-0.012524,0.019985,-0.021850
1706625506,11755063,0.105345,-0.002394,-9.550470,-0.012257,0.016521,-0.021051
1706625506,11755113,0.090980,0.019154,-9.495404,-0.010658,0.018386,-0.019718
1706625506,11755164,0.134075,-0.016759,-9.552865,-0.012790,0.016521,-0.025847
1706625506,11755214,0.126893,-0.026336,-9.543288,-0.016787,0.017054,-0.022116
1706625506,11755265,0.153229,-0.031125,-9.543288,-0.012790,0.014922,-0.023182
1706625506,11755315,0.150835,-0.011971,-9.471462,-0.013590,0.016787,-0.023715
1706625506,11755366,0.129287,-0.100556,-9.583989,-0.014922,0.016787,-0.020784
1706625506,11755419,0.136469,-0.023942,-9.504981,-0.013057,0.016787,-0.021850
1706625506,11755469,0.122104,-0.040701,-9.543288,-0.011191,0.019718,-0.021051
1706625506,11755520,0.069432,-0.035913,-9.514558,-0.012524,0.018119,-0.023715
1706625506,11755570,0.150835,-0.028730,-9.507375,-0.013856,0.016521,-0.024248
1706625506,11755621,0.110133,0.026336,-9.576807,-0.015455,0.016254,-0.026113
1706625506,11755671,0.153229,0.021548,-9.603143,-0.013856,0.016254,-0.022383
1706625506,11755721,0.148441,-0.038307,-9.476251,-0.016254,0.019185,-0.023182
1706625506,11755774,0.136469,-0.045490,-9.519346,-0.014389,0.015988,-0.027446
1706625506,11755825,0.098162,-0.055067,-9.548077,-0.018119,0.018919,-0.022649
1706625507,11755875,0.117316,0.004788,-9.622296,-0.013057,0.017054,-0.022383
1706625507,11755925,0.088585,0.002394,-9.526528,-0.014655,0.018386,-0.022916
1706625507,11755976,0.155623,0.002394,-9.583989,-0.011724,0.016254,-0.025314
1706625507,11756026,0.050278,-0.069432,-9.543288,-0.013590,0.017320,-0.025847
1706625507,11756079,0.069432,-0.033519,-9.624691,-0.012790,0.019452,-0.023715
1706625507,11756130,0.105345,-0.019154,-9.512163,-0.015455,0.017587,-0.022383
1706625507,11756180,0.043096,0.016759,-9.543288,-0.011724,0.020251,-0.023182
1706625507,11756231,0.074220,0.052672,-9.679757,-0.013590,0.019452,-0.023182
1706625507,11756282,0.126893,0.011971,-9.483433,-0.013856,0.015721,-0.022649
1706625507,11756332,0.086191,-0.004788,-9.493010,-0.010126,0.016787,-0.020251
1706625507,11756383,0.100556,-0.040701,-9.543288,-0.012257,0.014389,-0.021583
1706625507,11756437,0.165200,-0.016759,-9.567230,-0.014389,0.016787,-0.022916
1706625507,11756487,0.086191,-0.055067,-9.507375,-0.014655,0.021051,-0.025580
1706625507,11756538,0.090980,0.033519,-9.576807,-0.014123,0.018386,-0.024781
1706625507,11756589,0.062249,-0.007183,-9.459491,-0.013590,0.016254,-0.024781
1706625507,11756640,0.038307,-0.019154,-9.504981,-0.014389,0.015188,-0.022916
1706625507,11756690,0.002394,-0.023942,-9.526528,-0.011191,0.014922,-0.021583
1706625507,11756743,0.134075,0.014365,-9.629479,-0.013856,0.015721,-0.019718
1706625507,11756794,0.088585,-0.052672,-9.593566,-0.011191,0.018386,-0.024515
1706625508,11756845,0.088585,-0.031125,-9.531317,-0.013057,0.015988,-0.023982
1706625508,11756896,0.138864,0.023942,-9.567230,-0.014389,0.014655,-0.019718
1706625508,11756946,0.107739,-0.059855,-9.545682,-0.013057,0.019718,-0.023449
1706625508,11756997,0.129287,-0.045490,-9.495404,-0.014655,0.019718,-0.023449
1706625508,11757048,0.047884,-0.002394,-9.552865,-0.012257,0.018119,-0.021850
1706625508,11757101,0.088585,-0.016759,-9.593566,-0.014123,0.016787,-0.025047
1706625508,11757152,0.083797,0.016759,-9.512163,-0.014389,0.019452,-0.022916
1706625508,11757202,0.155623,-0.009577,-9.500193,-0.013323,0.020784,-0.021850
1706625508,11757253,0.153229,-0.011971,-9.572019,-0.015988,0.015988,-0.024781
1706625508,11757304,0.057461,0.050278,-9.509769,-0.012257,0.020251,-0.024515
1706625508,11757354,0.131681,-0.055067,-9.562442,-0.013856,0.018652,-0.022649
1706625508,11757408,0.055067,0.000000,-9.478644,-0.013590,0.017054,-0.022116
1706625508,11757459,0.090980,0.021548,-9.497798,-0.011191,0.019185,-0.025047
1706625508,11757509,0.067038,-0.021548,-9.552865,-0.016787,0.022116,-0.025847
1706625508,11757560,0.057461,0.009577,-9.457097,-0.012257,0.020251,-0.022116
1706625508,11757611,0.047884,-0.014365,-9.543288,-0.014123,0.012790,-0.023449
1706625508,11757661,0.112527,0.014365,-9.593566,-0.013590,0.014922,-0.022383
1706625508,11757712,0.114922,0.004788,-9.449914,-0.013856,0.020251,-0.022916
1706625508,11757765,0.083797,-0.038307,-9.504981,-0.014123,0.020251,-0.022649
1706625508,11757816,0.083797,-0.023942,-9.485827,-0.011991,0.017587,-0.021583
1706625509,11757867,0.098162,-0.033519,-9.442732,-0.013856,0.018652,-0.023449
1706625509,11757918,0.117316,-0.009577,-9.524135,-0.015455,0.017054,-0.022116
1706625509,11757968,0.131681,-0.004788,-9.524135,-0.014123,0.020251,-0.023449
1706625509,11758019,0.074220,0.023942,-9.490616,-0.010658,0.015721,-0.022916
1706625509,11758070,0.110133,0.028730,-9.531317,-0.014922,0.021583,-0.026113
1706625509,11758123,0.102951,0.007183,-9.485827,-0.014922,0.018119,-0.024248
1706625509,11758174,0.079009,0.002394,-9.548077,-0.012790,0.016787,-0.021051
1706625509,11758224,0.117316,0.000000,-9.581595,-0.012257,0.015988,-0.024515
1706625509,11758275,0.062249,-0.009577,-9.562442,-0.014123,0.018119,-0.024781
1706625509,11758326,0.093374,-0.035913,-9.531317,-0.013057,0.019718,-0.022916
1706625509,11758377,0.081403,0.000000,-9.595961,-0.011991,0.017054,-0.022383
1706625509,11758430,0.064643,0.004788,-9.473856,-0.011724,0.018119,-0.021051
1706625509,11758481,0.090980,-0.033519,-9.545682,-0.014389,0.015188,-0.024781
1706625509,11758531,0.114922,-0.023942,-9.545682,-0.014922,0.016521,-0.022116
1706625509,11758582,0.102951,-0.052672,-9.478644,-0.013057,0.014123,-0.021317
1706625509,11758633,0.083797,-0.014365,-9.550470,-0.013856,0.014922,-0.021317
1706625509,11758683,0.107739,-0.009577,-9.495404,-0.010392,0.018119,-0.023982
1706625509,11758734,0.114922,-0.028730,-9.514558,-0.013856,0.021317,-0.021583
1706625509,11758795,0.083797,0.021548,-9.600749,-0.016521,0.017054,-0.022916
1706625510,11758846,0.126893,-0.050278,-9.476251,-0.010925,0.022383,-0.021583
1706625510,11758897,0.095768,-0.071826,-9.646238,-0.014655,0.017853,-0.022649
1706625510,11758947,0.129287,-0.019154,-9.521740,-0.012790,0.018386,-0.023982
1706625510,11758997,0.102951,0.028730,-9.548077,-0.011191,0.022116,-0.025314
1706625510,11759048,0.047884,-0.033519,-9.567230,-0.013323,0.018119,-0.019185
1706625510,11759100,0.090980,-0.009577,-9.490616,-0.014922,0.020518,-0.025047
1706625510,11759151,0.074220,0.033519,-9.619903,-0.014389,0.017587,-0.021317
1706625510,11759201,0.064643,-0.040701,-9.454702,-0.013323,0.014922,-0.022916
1706625510,11759252,0.134075,-0.014365,-9.557653,-0.014389,0.015721,-0.024248
1706625510,11759302,0.143652,0.019154,-9.552865,-0.014922,0.019185,-0.023982
1706625510,11759353,0.110133,-0.033519,-9.550470,-0.012790,0.016787,-0.022383
1706625510,11759403,0.088585,0.081403,-9.528923,-0.015188,0.017587,-0.021583
1706625510,11759456,0.088585,-0.023942,-9.454702,-0.011724,0.019985,-0.023449
1706625510,11759506,0.095768,-0.026336,-9.454702,-0.013057,0.016787,-0.022916
1706625510,11759557,0.165200,0.000000,-9.586384,-0.012257,0.016787,-0.024515
1706625510,11759607,0.162806,-0.045490,-9.612720,-0.013590,0.015455,-0.022383
1706625510,11759658,0.124498,-0.016759,-9.548077,-0.013590,0.016787,-0.021850
1706625510,11759708,0.090980,0.009577,-9.572019,-0.014922,0.017587,-0.023182
1706625510,11759758,0.105345,-0.023942,-9.478644,-0.014655,0.017587,-0.022383
1706625510,11759811,0.088585,-0.021548,-9.548077,-0.012790,0.016254,-0.022116
1706625511,11759862,0.064643,-0.016759,-9.493010,-0.013856,0.012790,-0.023715
1706625511,11759912,0.124498,-0.033519,-9.567230,-0.010126,0.015988,-0.021583
1706625511,11759962,0.110133,0.045490,-9.509769,-0.013323,0.015721,-0.023715
1706625511,11760013,0.095768,0.031125,-9.531317,-0.014922,0.018386,-0.022916
1706625511,11760063,0.155623,-0.026336,-9.437943,-0.013057,0.014389,-0.022116
1706625511,11760116,0.114922,-0.040701,-9.543288,-0.016787,0.019185,-0.025580
1706625511,11760167,0.083797,-0.055067,-9.538500,-0.013590,0.017587,-0.022649
1706625511,11760217,0.079009,0.031125,-9.461885,-0.009859,0.021583,-0.023182
1706625511,11760267,0.045490,-0.031125,-9.493010,-0.015188,0.018386,-0.024248
1706625511,11760318,0.126893,0.007183,-9.440337,-0.014389,0.018119,-0.021051
1706625511,11760368,0.090980,-0.021548,-9.572019,-0.013590,0.019452,-0.026646
1706625511,11760419,0.141258,-0.047884,-9.512163,-0.013057,0.015188,-0.025047
1706625511,11760472,0.138864,0.011971,-9.572019,-0.017587,0.017320,-0.020518
1706625511,11760522,0.138864,-0.007183,-9.538500,-0.013057,0.019452,-0.021850
1706625511,11760573,0.112527,-0.047884,-9.428367,-0.013323,0.018919,-0.022649
1706625511,11760623,0.045490,-0.011971,-9.512163,-0.010126,0.021051,-0.023715
1706625511,11760674,0.093374,-0.002394,-9.655815,-0.014655,0.016521,-0.022383
1706625511,11760724,0.141258,-0.052672,-9.521740,-0.015188,0.016521,-0.023715
1706625511,11760777,0.122104,0.023942,-9.485827,-0.014389,0.014123,-0.023982
1706625511,11760827,0.102951,0.007183,-9.493010,-0.013323,0.014655,-0.021583
1706625512,11760878,0.090980,-0.023942,-9.514558,-0.014655,0.018919,-0.022916
1706625512,11760928,0.033519,0.009577,-9.440337,-0.013590,0.019985,-0.022116
1706625512,11760979,0.064643,-0.038307,-9.504981,-0.013856,0.015988,-0.022383
1706625512,11761029,0.064643,-0.004788,-9.622296,-0.016254,0.015455,-0.023715
1706625512,11761079,0.129287,-0.016759,-9.485827,-0.013323,0.016521,-0.023982
1706625512,11761132,0.126893,0.038307,-9.500193,-0.013590,0.017320,-0.020784
1706625512,11761183,0.112527,-0.023942,-9.473856,-0.012524,0.017320,-0.023715
1706625512,11761233,0.088585,-0.007183,-9.504981,-0.014123,0.017853,-0.020784
1706625512,11761283,0.095768,-0.031125,-9.648633,-0.012257,0.014655,-0.022916
1706625512,11761334,0.122104,-0.016759,-9.576807,-0.012524,0.016254,-0.023182
1706625512,11761384,0.086191,0.021548,-9.698911,-0.012790,0.017320,-0.023182
1706625512,11761434,0.081403,-0.026336,-9.504981,-0.012524,0.019985,-0.020518
1706625512,11761487,0.069432,-0.050278,-9.557653,-0.011991,0.017320,-0.021583
1706625512,11761538,0.102951,0.028730,-9.500193,-0.013590,0.018652,-0.024248
1706625512,11761589,0.153229,0.002394,-9.478644,-0.016254,0.018919,-0.021051
1706625512,11761639,0.179565,-0.002394,-9.507375,-0.007727,0.022916,-0.019985
1706625512,11761690,0.119710,-0.059855,-9.531317,-0.014389,0.014389,-0.022649
1706625512,11761741,0.114922,-0.021548,-9.519346,-0.013057,0.020251,-0.021850
1706625512,11761794,0.083797,0.019154,-9.545682,-0.013323,0.015721,-0.026113
1706625513,11761844,0.067038,-0.047884,-9.550470,-0.011724,0.014655,-0.023715
1706625513,11761895,0.090980,-0.035913,-9.548077,-0.014389,0.019985,-0.025314
1706625513,11761946,0.107739,-0.011971,-9.481039,-0.010392,0.017054,-0.021317
1706625513,11761997,0.031125,0.007183,-9.531317,-0.012790,0.014922,-0.021850
1706625513,11762047,0.067038,-0.059855,-9.607931,-0.014389,0.017587,-0.023182
1706625513,11762098,0.110133,-0.052672,-9.555259,-0.014922,0.018386,-0.024781
1706625513,11762151,0.122104,-0.014365,-9.519346,-0.012257,0.017320,-0.025580
1706625513,11762202,0.083797,-0.055067,-9.579201,-0.012524,0.019718,-0.024248
1706625513,11762253,0.148441,-0.035913,-9.488221,-0.014389,0.015721,-0.021850
1706625513,11762303,0.102951,-0.064643,-9.583989,-0.013590,0.015721,-0.025314
1706625513,11762354,0.110133,-0.045490,-9.536105,-0.014922,0.017320,-0.023982
1706625513,11762405,0.155623,0.040701,-9.536105,-0.013057,0.018119,-0.021850
1706625513,11762458,0.105345,-0.045490,-9.454702,-0.012790,0.018119,-0.021850
1706625513,11762509,0.067038,0.028730,-9.488221,-0.013856,0.017853,-0.021317
1706625513,11762560,0.114922,0.007183,-9.464279,-0.014922,0.018119,-0.021850
1706625513,11762611,0.119710,0.031125,-9.562442,-0.014655,0.016254,-0.022916
1706625513,11762661,0.112527,0.040701,-9.572019,-0.017054,0.017853,-0.025314
1706625513,11762712,0.083797,0.031125,-9.603143,-0.012524,0.019185,-0.025580
1706625513,11762763,0.172383,-0.016759,-9.502586,-0.014123,0.018652,-0.019985
1706625513,11762816,0.129287,-0.055067,-9.581595,-0.013323,0.017587,-0.022116
1706625514,11762867,0.172383,0.009577,-9.574412,-0.014655,0.016521,-0.022916
1706625514,11762917,0.110133,-0.035913,-9.452309,-0.015188,0.021583,-0.020251
1706625514,11762968,0.122104,-0.059855,-9.636662,-0.013856,0.017587,-0.024248
1706625514,11763019,0.153229,0.000000,-9.521740,-0.015188,0.019985,-0.025314
1706625514,11763070,0.143652,-0.002394,-9.478644,-0.013057,0.016787,-0.026646
1706625514,11763120,0.100556,-0.045490,-9.548077,-0.012790,0.019718,-0.022383
1706625514,11763173,0.100556,-0.071826,-9.543288,-0.013856,0.016521,-0.024781
1706625514,11763224,0.081403,-0.016759,-9.564836,-0.013590,0.017853,-0.023449
1706625514,11763275,0.122104,-0.011971,-9.521740,-0.012524,0.014389,-0.024781
1706625514,11763326,0.023942,-0.055067,-9.526528,-0.012790,0.014655,-0.023715
1706625514,11763376,0.071826,0.021548,-9.543288,-0.015455,0.015188,-0.023715
1706625514,11763427,0.052672,0.011971,-9.536105,-0.012790,0.018652,-0.023982
1706625514,11763480,0.093374,-0.023942,-9.543288,-0.013057,0.017054,-0.024248
1706625514,11763531,0.122104,0.011971,-9.533711,-0.011724,0.014922,-0.023449
1706625514,11763582,0.088585,-0.043096,-9.569624,-0.013323,0.018652,-0.024248
1706625514,11763633,0.100556,0.002394,-9.540894,-0.012257,0.014922,-0.024781
1706625514,11763683,0.105345,-0.052672,-9.531317,-0.012257,0.017054,-0.024515
1706625514,11763734,0.112527,0.009577,-9.509769,-0.012790,0.019185,-0.023182
1706625514,11763785,0.167594,0.062249,-9.507375,-0.012257,0.020251,-0.020784
1706625515,11763838,0.107739,-0.016759,-9.504981,-0.013590,0.019718,-0.021850
1706625515,11763889,0.067038,-0.023942,-9.464279,-0.012524,0.016521,-0.025580
1706625515,11763939,0.081403,-0.009577,-9.526528,-0.014123,0.016787,-0.025847
1706625515,11763990,0.088585,-0.035913,-9.457097,-0.013856,0.015988,-0.022383
1706625515,11764041,0.141258,0.016759,-9.483433,-0.013590,0.013323,-0.021583
1706625515,11764091,0.090980,-0.026336,-9.574412,-0.014922,0.014389,-0.025847
1706625515,11764152,0.141258,-0.023942,-9.526528,-0.011991,0.020251,-0.023449
1706625515,11764204,0.110133,0.009577,-9.469068,-0.014123,0.015455,-0.024781
1706625515,11764254,0.117316,-0.047884,-9.495404,-0.014655,0.014123,-0.022649
1706625515,11764304,0.129287,0.009577,-9.493010,-0.013057,0.019185,-0.026646
1706625515,11764355,0.079009,0.050278,-9.488221,-0.012790,0.018119,-0.022383
1706625515,11764405,0.110133,-0.016759,-9.447520,-0.015188,0.018119,-0.022383
1706625515,11764456,0.064643,-0.004788,-9.533711,-0.011458,0.018652,-0.023715
1706625515,11764509,0.117316,0.000000,-9.560047,-0.014922,0.016787,-0.023982
1706625515,11764559,0.110133,0.016759,-9.583989,-0.014922,0.015721,-0.023715
1706625515,11764610,0.076614,-0.043096,-9.629479,-0.012524,0.016521,-0.024781
1706625515,11764660,0.141258,-0.052672,-9.521740,-0.015455,0.017320,-0.025047
1706625515,11764710,0.102951,-0.014365,-9.528923,-0.013590,0.017853,-0.025314
1706625515,11764761,0.138864,-0.004788,-9.493010,-0.011191,0.021051,-0.021051
1706625515,11764811,0.189142,0.000000,-9.593566,-0.015188,0.017320,-0.022649
1706625516,11764864,0.088585,-0.019154,-9.543288,-0.010925,0.018119,-0.020784
1706625516,11764915,0.095768,-0.007183,-9.516952,-0.012257,0.019185,-0.021583
1706625516,11764965,0.107739,-0.074220,-9.545682,-0.013323,0.014123,-0.023182
1706625516,11765016,0.059855,0.014365,-9.617508,-0.011191,0.018386,-0.024515
1706625516,11765077,0.138864,0.011971,-9.612720,-0.013856,0.018386,-0.022916
1706625516,11765127,0.064643,-0.023942,-9.495404,-0.014123,0.013856,-0.023449
1706625516,11765180,0.100556,-0.047884,-9.521740,-0.013323,0.017853,-0.022116
1706625516,11765230,0.090980,-0.059855,-9.478644,-0.011724,0.017320,-0.020518
1706625516,11765281,0.069432,-0.069432,-9.588778,-0.013057,0.013590,-0.023182
1706625516,11765331,0.062249,-0.011971,-9.528923,-0.014655,0.018386,-0.023449
1706625516,11765381,0.043096,-0.007183,-9.493010,-0.015721,0.018919,-0.021317
1706625516,11765432,0.148441,0.002394,-9.454702,-0.014655,0.017587,-0.017587
1706625516,11765483,0.052672,-0.004788,-9.514558,-0.014655,0.015988,-0.022649
1706625516,11765535,0.155623,0.047884,-9.586384,-0.014123,0.019185,-0.021850
1706625516,11765586,0.131681,-0.031125,-9.538500,-0.013856,0.017320,-0.023182
1706625516,11765636,0.083797,-0.079009,-9.495404,-0.011991,0.017853,-0.024248
1706625516,11765687,0.114922,0.052672,-9.514558,-0.013590,0.014922,-0.023182
1706625516,11765737,0.069432,-0.004788,-9.543288,-0.011724,0.017320,-0.023982
1706625516,11765787,0.100556,0.016759,-9.627085,-0.010126,0.018652,-0.027712
1706625517,11765840,0.124498,0.002394,-9.567230,-0.015188,0.019185,-0.023449
1706625517,11765891,0.131681,-0.059855,-9.543288,-0.014389,0.019718,-0.021583
1706625517,11765941,0.155623,-0.011971,-9.619903,-0.013590,0.018919,-0.023182
1706625517,11765992,0.141258,-0.062249,-9.495404,-0.010925,0.016521,-0.021583
1706625517,11766042,0.126893,-0.026336,-9.574412,-0.014123,0.016521,-0.023182
1706625517,11766092,0.138864,-0.040701,-9.442732,-0.012790,0.017054,-0.022649
1706625517,11766143,0.064643,0.023942,-9.509769,-0.013856,0.019185,-0.023182
1706625517,11766196,0.064643,0.021548,-9.526528,-0.012524,0.016254,-0.023449
1706625517,11766246,0.114922,-0.007183,-9.593566,-0.015188,0.014655,-0.022649
1706625517,11766297,0.074220,0.002394,-9.583989,-0.014655,0.018652,-0.023982
1706625517,11766347,0.162806,-0.031125,-9.536105,-0.012790,0.016787,-0.024781
1706625517,11766397,0.131681,0.000000,-9.610326,-0.014123,0.018652,-0.021583
1706625517,11766448,0.086191,-0.083797,-9.536105,-0.013323,0.016521,-0.022916
1706625517,11766499,0.114922,-0.038307,-9.622296,-0.014123,0.018919,-0.018386
1706625517,11766551,0.045490,0.011971,-9.485827,-0.013057,0.016521,-0.023449
1706625517,11766602,0.033519,-0.050278,-9.557653,-0.012524,0.018652,-0.021317
1706625517,11766652,0.136469,-0.011971,-9.574412,-0.014123,0.018386,-0.022116
1706625517,11766703,0.102951,0.019154,-9.430760,-0.010658,0.019718,-0.023982
1706625517,11766753,0.093374,0.011971,-9.528923,-0.011724,0.018919,-0.022116
1706625517,11766803,0.074220,-0.009577,-9.562442,-0.013057,0.018119,-0.023182
1706625518,11766856,0.043096,0.004788,-9.574412,-0.012524,0.017054,-0.020784
1706625518,11766907,0.076614,0.016759,-9.646238,-0.012257,0.016254,-0.023982
1706625518,11766957,0.045490,-0.033519,-9.509769,-0.011191,0.020251,-0.023715
1706625518,11767008,0.079009,-0.035913,-9.603143,-0.013057,0.018119,-0.025314
1706625518,11767059,0.081403,0.035913,-9.629479,-0.012257,0.019452,-0.023449
1706625518,11767109,0.057461,-0.040701,-9.576807,-0.011724,0.019718,-0.023449
1706625518,11767160,0.076614,0.019154,-9.562442,-0.015988,0.014655,-0.022649
1706625518,11767213,0.069432,0.000000,-9.574412,-0.015988,0.018652,-0.020518
1706625518,11767264,0.102951,-0.055067,-9.552865,-0.014389,0.018119,-0.021850
1706625518,11767315,0.059855,-0.009577,-9.528923,-0.015188,0.017320,-0.021583
1706625518,11767365,0.050278,-0.040701,-9.495404,-0.015188,0.020251,-0.018119
1706625518,11767416,0.172383,-0.055067,-9.452309,-0.012790,0.014389,-0.021317
1706625518,11767467,0.050278,-0.009577,-9.583989,-0.009326,0.017853,-0.021850
1706625518,11767520,0.035913,0.035913,-9.509769,-0.013856,0.018919,-0.022116
1706625518,11767571,0.047884,-0.059855,-9.569624,-0.014389,0.015988,-0.023715
1706625518,11767622,0.129287,-0.009577,-9.442732,-0.012257,0.017587,-0.022916
1706625518,11767672,0.057461,0.007183,-9.500193,-0.013057,0.020518,-0.019452
1706625518,11767723,0.052672,-0.057461,-9.476251,-0.013323,0.021051,-0.023715
1706625518,11767774,0.126893,-0.071826,-9.512163,-0.014123,0.020251,-0.022916
1706625518,11767825,0.076614,-0.033519,-9.483433,-0.011724,0.017853,-0.024515
1706625519,11767878,0.102951,-0.067038,-9.545682,-0.014389,0.016787,-0.021583
1706625519,11767928,0.081403,-0.002394,-9.552865,-0.014123,0.015455,-0.022916
1706625519,11767979,0.146046,-0.074220,-9.548077,-0.014655,0.017587,-0.020518
1706625519,11768030,0.122104,-0.059855,-9.504981,-0.014389,0.019452,-0.022649
1706625519,11768081,0.134075,-0.023942,-9.600749,-0.012790,0.018652,-0.021583
1706625519,11768131,0.155623,0.052672,-9.552865,-0.011458,0.017054,-0.022383
1706625519,11768182,0.064643,-0.011971,-9.564836,-0.015721,0.016254,-0.023982
1706625519,11768232,0.102951,-0.016759,-9.600749,-0.014922,0.020518,-0.020518
1706625519,11768282,0.095768,-0.019154,-9.516952,-0.012257,0.019452,-0.023715
1706625519,11768333,0.122104,-0.002394,-9.507375,-0.015988,0.017054,-0.020784
1706625519,11768384,0.146046,-0.035913,-9.552865,-0.010925,0.017587,-0.024515
1706625519,11768435,0.057461,-0.016759,-9.519346,-0.014922,0.019452,-0.023449
1706625519,11768486,0.100556,-0.026336,-9.548077,-0.013323,0.016254,-0.023449
1706625519,11768539,0.047884,-0.011971,-9.588778,-0.012790,0.021583,-0.024515
1706625519,11768590,0.126893,0.028730,-9.481039,-0.014123,0.016521,-0.023449
1706625519,11768640,0.148441,-0.028730,-9.560047,-0.013057,0.015988,-0.023182
1706625519,11768691,0.102951,-0.016759,-9.512163,-0.014123,0.019718,-0.023715
1706625519,11768742,0.102951,-0.031125,-9.514558,-0.015188,0.020251,-0.022916
1706625519,11768792,0.100556,0.000000,-9.521740,-0.012790,0.012257,-0.022383
1706625520,11768843,0.040701,0.002394,-9.557653,-0.014123,0.018119,-0.025047
1706625520,11768896,0.124498,-0.007183,-9.552865,-0.014389,0.018119,-0.022116
1706625520,11768947,0.074220,-0.023942,-9.576807,-0.014123,0.015721,-0.019185
1706625520,11768998,0.083797,-0.045490,-9.536105,-0.012790,0.019718,-0.024515
1706625520,11769049,0.050278,0.002394,-9.483433,-0.014123,0.015988,-0.022383
1706625520,11769099,0.126893,-0.095768,-9.545682,-0.015188,0.015988,-0.024248
1706625520,11769150,0.081403,-0.055067,-9.504981,-0.011724,0.016787,-0.022116
1706625520,11769203,0.117316,0.057461,-9.423578,-0.011991,0.014922,-0.024515
1706625520,11769254,0.181959,-0.055067,-9.497798,-0.014123,0.017054,-0.021583
1706625520,11769305,0.136469,-0.033519,-9.514558,-0.013590,0.016787,-0.025314
1706625520,11769355,0.098162,0.023942,-9.512163,-0.012257,0.017054,-0.024248
1706625520,11769406,0.107739,-0.047884,-9.445126,-0.009859,0.016787,-0.020251
1706625520,11769457,0.095768,-0.026336,-9.567230,-0.013323,0.017054,-0.021317
1706625520,11769507,0.090980,0.031125,-9.497798,-0.011991,0.019452,-0.023182
1706625520,11769568,0.064643,-0.011971,-9.464279,-0.012790,0.017320,-0.022116
1706625520,11769619,0.023942,0.002394,-9.552865,-0.014123,0.019185,-0.021317
1706625520,11769670,0.122104,0.002394,-9.500193,-0.012790,0.016254,-0.021051
1706625520,11769720,0.083797,-0.016759,-9.473856,-0.014655,0.018652,-0.023182
1706625520,11769770,0.117316,-0.079009,-9.588778,-0.013856,0.019452,-0.019985
1706625520,11769821,0.095768,-0.076614,-9.567230,-0.015455,0.014389,-0.023449
1706625521,11769874,0.105345,-0.071826,-9.473856,-0.010925,0.015188,-0.022649
1706625521,11769924,0.110133,-0.069432,-9.555259,-0.013856,0.017587,-0.021583
1706625521,11769974,0.138864,-0.002394,-9.454702,-0.017054,0.017054,-0.017587
1706625521,11770025,0.153229,-0.014365,-9.564836,-0.012524,0.017054,-0.022116
1706625521,11770075,0.033519,-0.019154,-9.552865,-0.010658,0.015188,-0.026913
1706625521,11770126,0.074220,-0.023942,-9.557653,-0.014123,0.016787,-0.023715
1706625521,11770176,0.160412,-0.014365,-9.593566,-0.014655,0.018652,-0.022649
1706625521,11770229,0.062249,-0.014365,-9.423578,-0.013323,0.015188,-0.022649
1706625521,11770279,0.090980,0.009577,-9.670180,-0.013590,0.017054,-0.022383
1706625521,11770330,0.131681,-0.009577,-9.540894,-0.015988,0.020251,-0.021317
1706625521,11770380,0.093374,-0.019154,-9.521740,-0.016521,0.019985,-0.019185
1706625521,11770431,0.088585,-0.031125,-9.538500,-0.014389,0.018919,-0.024515
1706625521,11770481,0.107739,-0.016759,-9.493010,-0.014655,0.017587,-0.025047
1706625521,11770532,0.009577,0.000000,-9.603143,-0.013323,0.022116,-0.021317
1706625521,11770585,0.088585,0.059855,-9.552865,-0.015455,0.016521,-0.025047
1706625521,11770635,0.071826,-0.021548,-9.471462,-0.010925,0.020518,-0.023449
1706625521,11770686,0.067038,-0.004788,-9.509769,-0.013057,0.017853,-0.024248
1706625521,11770736,0.098162,-0.014365,-9.423578,-0.012790,0.019452,-0.021583
1706625521,11770787,0.129287,-0.019154,-9.481039,-0.010658,0.017587,-0.023982
1706625522,11770837,0.081403,-0.019154,-9.569624,-0.011724,0.019452,-0.023449
1706625522,11770890,0.110133,-0.023942,-9.562442,-0.015188,0.019185,-0.023182
1706625522,11770940,0.086191,0.014365,-9.476251,-0.013323,0.016787,-0.025314
1706625522,11770991,0.093374,0.031125,-9.562442,-0.014389,0.018119,-0.021850
1706625522,11771041,0.114922,-0.033519,-9.591172,-0.015988,0.014922,-0.019985
1706625522,11771092,0.071826,0.004788,-9.610326,-0.014655,0.017853,-0.023449
1706625522,11771142,0.112527,-0.033519,-9.500193,-0.015988,0.018386,-0.022916
1706625522,11771192,0.126893,-0.028730,-9.588778,-0.011458,0.017853,-0.023715
1706625522,11771245,0.090980,-0.023942,-9.502586,-0.014922,0.015988,-0.022649
1706625522,11771296,0.112527,-0.019154,-9.567230,-0.011724,0.017853,-0.022383
1706625522,11771346,0.112527,0.009577,-9.516952,-0.012524,0.016521,-0.019452
1706625522,11771397,0.136469,0.057461,-9.536105,-0.014389,0.020518,-0.022116
1706625522,11771447,0.105345,0.019154,-9.593566,-0.012790,0.018652,-0.020784
1706625522,11771498,0.083797,-0.023942,-9.572019,-0.013057,0.017320,-0.021583
1706625522,11771550,0.131681,-0.019154,-9.557653,-0.012790,0.017853,-0.026646
1706625522,11771601,0.071826,0.016759,-9.495404,-0.015721,0.015988,-0.021850
1706625522,11771651,0.102951,0.040701,-9.524135,-0.011991,0.018119,-0.023982
1706625522,11771702,0.057461,-0.050278,-9.567230,-0.014389,0.013323,-0.025047
1706625522,11771752,0.110133,-0.033519,-9.459491,-0.013057,0.014655,-0.020784
1706625522,11771803,0.107739,-0.011971,-9.512163,-0.015188,0.019185,-0.023449
1706625523,11771853,0.107739,-0.014365,-9.593566,-0.014655,0.017320,-0.021850
1706625523,11771906,0.098162,0.004788,-9.593566,-0.014123,0.017853,-0.024515
1706625523,11771956,0.112527,-0.026336,-9.483433,-0.013323,0.020784,-0.022116
1706625523,11772007,0.165200,0.014365,-9.497798,-0.012524,0.020251,-0.022383
1706625523,11772057,0.117316,-0.057461,-9.560047,-0.013590,0.018119,-0.025047
1706625523,11772107,0.107739,0.023942,-9.574412,-0.014655,0.016521,-0.025314
1706625523,11772158,0.148441,-0.016759,-9.538500,-0.012524,0.017853,-0.023449
1706625523,11772208,0.114922,0.009577,-9.588778,-0.011991,0.020518,-0.021850
1706625523,11772261,0.119710,0.009577,-9.459491,-0.013323,0.018652,-0.022649
1706625523,11772312,0.100556,-0.079009,-9.610326,-0.012790,0.018919,-0.021317
1706625523,11772362,0.095768,-0.011971,-9.466674,-0.009859,0.018119,-0.022116
1706625523,11772413,0.124498,-0.086191,-9.595961,-0.017054,0.015455,-0.026113
1706625523,11772464,0.040701,0.009577,-9.507375,-0.012524,0.019185,-0.019985
1706625523,11772515,0.050278,0.021548,-9.567230,-0.011724,0.019718,-0.021317
1706625523,11772568,0.074220,-0.019154,-9.574412,-0.015455,0.018386,-0.023715
1706625523,11772619,0.098162,0.043096,-9.634268,-0.011724,0.017054,-0.022116
1706625523,11772669,0.074220,-0.028730,-9.562442,-0.012257,0.015988,-0.024515
1706625523,11772720,0.124498,-0.019154,-9.543288,-0.013323,0.014123,-0.024248
1706625523,11772771,0.110133,0.043096,-9.521740,-0.013057,0.018386,-0.022383
1706625523,11772822,0.095768,0.038307,-9.490616,-0.011724,0.014922,-0.017853
1706625524,11772872,0.146046,-0.057461,-9.481039,-0.013856,0.017054,-0.023449
1706625524,11772926,0.083797,0.019154,-9.516952,-0.011191,0.016787,-0.021317
1706625524,11772976,0.143652,0.014365,-9.552865,-0.013057,0.017054,-0.022116
1706625524,11773027,0.035913,-0.026336,-9.473856,-0.012257,0.015721,-0.024248
1706625524,11773078,0.050278,-0.040701,-9.567230,-0.014389,0.019452,-0.024515
1706625524,11773129,0.117316,-0.009577,-9.495404,-0.015188,0.019718,-0.022116
1706625524,11773179,0.143652,-0.062249,-9.588778,-0.014922,0.017587,-0.025047
1706625524,11773233,0.090980,0.014365,-9.600749,-0.012524,0.017587,-0.024515
1706625524,11773283,0.131681,0.000000,-9.502586,-0.014123,0.016254,-0.022916
1706625524,11773334,0.081403,-0.043096,-9.603143,-0.010658,0.019452,-0.021051
1706625524,11773385,0.119710,-0.023942,-9.598354,-0.014389,0.022116,-0.026113
1706625524,11773436,0.086191,-0.014365,-9.500193,-0.012790,0.018119,-0.025047
1706625524,11773486,0.105345,-0.050278,-9.473856,-0.015988,0.018652,-0.024515
1706625524,11773537,0.083797,-0.050278,-9.572019,-0.011991,0.015188,-0.022116
1706625524,11773590,0.083797,0.009577,-9.579201,-0.012790,0.017587,-0.023449
1706625524,11773641,0.126893,-0.028730,-9.540894,-0.012524,0.019718,-0.023449
1706625524,11773692,0.076614,-0.081403,-9.555259,-0.014389,0.012790,-0.023182
1706625524,11773743,0.069432,-0.031125,-9.557653,-0.015988,0.021051,-0.023449
1706625524,11773794,0.134075,-0.019154,-9.490616,-0.014123,0.016787,-0.021583
1706625525,11773844,0.124498,-0.009577,-9.588778,-0.013856,0.020251,-0.023449
1706625525,11773895,0.023942,-0.052672,-9.521740,-0.012790,0.015188,-0.023182
1706625525,11773948,0.117316,0.000000,-9.560047,-0.013323,0.019718,-0.021850
1706625525,11773999,0.035913,0.002394,-9.504981,-0.013590,0.022116,-0.021583
1706625525,11774050,0.102951,-0.028730,-9.560047,-0.014655,0.017054,-0.024248
1706625525,11774100,0.114922,-0.050278,-9.454702,-0.014922,0.018919,-0.019185
1706625525,11774151,0.119710,-0.002394,-9.471462,-0.012790,0.019185,-0.021317
1706625525,11774202,0.090980,0.007183,-9.469068,-0.011724,0.017054,-0.020251
1706625525,11774255,0.136469,-0.033519,-9.540894,-0.014655,0.017853,-0.022916
1706625525,11774306,0.055067,-0.014365,-9.552865,-0.013057,0.017320,-0.025847
1706625525,11774356,0.110133,0.035913,-9.586384,-0.013590,0.019985,-0.025047
1706625525,11774407,0.088585,0.031125,-9.485827,-0.015721,0.021051,-0.021051
1706625525,11774458,0.143652,-0.019154,-9.514558,-0.014389,0.019185,-0.021051
1706625525,11774509,0.136469,-0.040701,-9.631873,-0.013590,0.018919,-0.023182
1706625525,11774560,0.086191,-0.016759,-9.588778,-0.012524,0.018119,-0.022649
1706625525,11774613,0.095768,0.000000,-9.531317,-0.017320,0.017853,-0.024248
1706625525,11774663,0.064643,0.002394,-9.639056,-0.013590,0.014389,-0.022116
1706625525,11774714,0.057461,-0.023942,-9.473856,-0.013057,0.016787,-0.023715
1706625525,11774765,0.057461,-0.057461,-9.548077,-0.012524,0.016254,-0.024248
1706625525,11774815,0.160412,-0.014365,-9.495404,-0.015188,0.016787,-0.022916
1706625526,11774866,0.095768,0.007183,-9.543288,-0.011991,0.015188,-0.022916
1706625526,11774979,0.110133,0.026336,-9.466674,-0.011724,0.014389,-0.024248
1706625526,11775031,0.019154,-0.009577,-9.457097,-0.013856,0.015188,-0.022649
1706625526,11775081,0.045490,-0.038307,-9.572019,-0.013323,0.017587,-0.022116
1706625526,11775131,0.136469,0.026336,-9.550470,-0.014655,0.015988,-0.021317
1706625526,11775182,0.067038,-0.074220,-9.476251,-0.012257,0.019185,-0.020518
1706625526,11775232,0.107739,-0.019154,-9.560047,-0.015721,0.020251,-0.024515
1706625526,11775282,0.114922,0.002394,-9.483433,-0.013856,0.020518,-0.024515
1706625526,11775335,0.110133,-0.062249,-9.550470,-0.011458,0.017320,-0.022383
1706625526,11775385,0.016759,0.031125,-9.545682,-0.013590,0.020784,-0.021583
1706625526,11775436,0.162806,0.028730,-9.552865,-0.017054,0.015455,-0.025847
1706625526,11775487,0.155623,-0.004788,-9.402030,-0.012790,0.016787,-0.024248
1706625526,11775537,0.122104,-0.016759,-9.519346,-0.012257,0.015988,-0.023182
1706625526,11775587,0.110133,0.004788,-9.512163,-0.010925,0.019185,-0.025047
1706625526,11775638,0.141258,-0.011971,-9.454702,-0.016521,0.020518,-0.022383
1706625526,11775691,0.110133,-0.031125,-9.610326,-0.012790,0.014922,-0.025047
1706625526,11775741,0.074220,-0.004788,-9.459491,-0.011458,0.021583,-0.022383
1706625526,11775791,0.158017,-0.071826,-9.612720,-0.015988,0.017054,-0.025047
1706625527,11775842,0.107739,0.016759,-9.504981,-0.015455,0.015188,-0.025580
1706625527,11775892,0.107739,-0.009577,-9.536105,-0.012257,0.019452,-0.023715
1706625527,11775943,0.088585,0.028730,-9.495404,-0.014655,0.022116,-0.022649
1706625527,11775996,0.141258,-0.014365,-9.586384,-0.014922,0.017320,-0.020518
1706625527,11776046,0.129287,-0.064643,-9.557653,-0.011991,0.015988,-0.021850
1706625527,11776096,0.069432,-0.074220,-9.519346,-0.014389,0.015188,-0.024248
1706625527,11776147,0.088585,-0.011971,-9.490616,-0.012790,0.017853,-0.020784
1706625527,11776197,0.112527,-0.043096,-9.540894,-0.011724,0.015721,-0.023182
1706625527,11776248,0.105345,-0.031125,-9.478644,-0.011991,0.018652,-0.022916
1706625527,11776298,0.146046,-0.038307,-9.543288,-0.013590,0.017320,-0.022116
1706625527,11776351,0.105345,0.021548,-9.598354,-0.014655,0.019718,-0.021317
1706625527,11776401,0.107739,0.016759,-9.617508,-0.013590,0.015988,-0.019985
1706625527,11776452,0.093374,-0.031125,-9.514558,-0.014655,0.018386,-0.023182
1706625527,11776502,0.102951,0.021548,-9.574412,-0.013057,0.014655,-0.021051
1706625527,11776553,0.141258,0.007183,-9.512163,-0.013057,0.017853,-0.024515
1706625527,11776603,0.112527,0.021548,-9.569624,-0.014123,0.017587,-0.025314
1706625527,11776656,0.088585,-0.074220,-9.538500,-0.015455,0.016521,-0.023449
1706625527,11776707,0.122104,0.028730,-9.454702,-0.012790,0.016254,-0.025314
1706625527,11776757,0.136469,-0.021548,-9.519346,-0.011724,0.019452,-0.025580
1706625527,11776808,0.112527,-0.045490,-9.658210,-0.012524,0.021317,-0.021317
1706625528,11776858,0.100556,-0.009577,-9.481039,-0.014389,0.019185,-0.023715
1706625528,11776908,0.064643,-0.038307,-9.543288,-0.014655,0.014922,-0.022383
1706625528,11776959,0.050278,-0.059855,-9.548077,-0.014123,0.018386,-0.023182
1706625528,11777012,0.119710,-0.009577,-9.557653,-0.014123,0.019985,-0.022649
1706625528,11777062,0.126893,0.002394,-9.521740,-0.009859,0.015455,-0.021583
1706625528,11777113,0.088585,-0.052672,-9.524135,-0.016254,0.020518,-0.021583
1706625528,11777163,0.112527,-0.031125,-9.538500,-0.015455,0.014389,-0.021583
1706625528,11777213,0.167594,0.076614,-9.615114,-0.014655,0.017587,-0.023182
1706625528,11777264,0.057461,-0.026336,-9.519346,-0.011191,0.018119,-0.022649
1706625528,11777317,0.105345,0.016759,-9.526528,-0.011991,0.016787,-0.024781
1706625528,11777367,0.071826,0.007183,-9.579201,-0.011724,0.014922,-0.025047
1706625528,11777417,0.064643,0.000000,-9.533711,-0.013856,0.018386,-0.021850
1706625528,11777468,0.079009,-0.004788,-9.519346,-0.008793,0.020251,-0.023982
1706625528,11777518,0.160412,0.055067,-9.531317,-0.014655,0.017320,-0.021051
1706625528,11777569,0.093374,-0.059855,-9.564836,-0.015721,0.017587,-0.024248
1706625528,11777619,0.119710,-0.055067,-9.447520,-0.013590,0.015188,-0.023182
1706625528,11777672,0.177171,-0.019154,-9.543288,-0.012790,0.015455,-0.024248
1706625528,11777723,0.148441,-0.043096,-9.464279,-0.011458,0.020784,-0.023715
1706625528,11777773,0.090980,-0.021548,-9.545682,-0.013590,0.019185,-0.022916
1706625528,11777824,0.112527,0.019154,-9.579201,-0.014922,0.021850,-0.019452
1706625529,11777875,0.083797,-0.076614,-9.548077,-0.015188,0.014922,-0.026646
1706625529,11777925,0.098162,-0.038307,-9.552865,-0.011191,0.019985,-0.021850
1706625529,11777976,0.117316,-0.083797,-9.531317,-0.013856,0.013856,-0.022116
1706625529,11778029,0.062249,0.021548,-9.560047,-0.012257,0.015988,-0.020251
1706625529,11778080,0.141258,-0.019154,-9.600749,-0.015721,0.018119,-0.024781
1706625529,11778130,0.110133,0.026336,-9.514558,-0.016521,0.018119,-0.025580
1706625529,11778181,0.093374,-0.038307,-9.500193,-0.012524,0.017587,-0.025047
1706625529,11778232,0.064643,0.000000,-9.457097,-0.013057,0.016787,-0.021850
1706625529,11778283,0.076614,0.000000,-9.481039,-0.013057,0.019985,-0.024781
1706625529,11778336,0.090980,-0.105345,-9.461885,-0.017054,0.017853,-0.024515
1706625529,11778387,0.083797,0.007183,-9.526528,-0.014389,0.017054,-0.020251
1706625529,11778437,0.090980,-0.067038,-9.514558,-0.015988,0.017853,-0.022649
1706625529,11778488,0.083797,-0.016759,-9.583989,-0.015188,0.018119,-0.024781
1706625529,11778539,0.071826,-0.007183,-9.574412,-0.013323,0.016254,-0.026646
1706625529,11778590,0.102951,-0.023942,-9.440337,-0.016254,0.016787,-0.024515
1706625529,11778641,0.083797,-0.059855,-9.500193,-0.014123,0.018652,-0.025047
1706625529,11778694,0.114922,0.007183,-9.607931,-0.015455,0.016521,-0.025047
1706625529,11778744,0.086191,-0.016759,-9.636662,-0.017054,0.018119,-0.022649
1706625529,11778795,0.100556,-0.011971,-9.485827,-0.014123,0.017853,-0.022649
1706625530,11778846,0.112527,0.002394,-9.485827,-0.012257,0.018652,-0.025047
1706625530,11778897,0.105345,-0.031125,-9.552865,-0.011191,0.012790,-0.022649
1706625530,11778947,0.090980,-0.076614,-9.536105,-0.014123,0.017054,-0.025314
1706625530,11779001,0.110133,-0.016759,-9.586384,-0.013057,0.017587,-0.021051
1706625530,11779051,0.083797,-0.026336,-9.560047,-0.013590,0.016254,-0.021317
1706625530,11779102,0.062249,0.009577,-9.504981,-0.014389,0.018386,-0.025047
1706625530,11779153,0.122104,-0.038307,-9.526528,-0.011724,0.018652,-0.026113
1706625530,11779203,0.095768,0.040701,-9.555259,-0.013590,0.016521,-0.024515
1706625530,11779254,0.083797,-0.004788,-9.540894,-0.012790,0.016254,-0.022916
1706625530,11779305,0.122104,0.019154,-9.586384,-0.014123,0.020251,-0.023182
1706625530,11779358,0.069432,-0.019154,-9.504981,-0.012790,0.018386,-0.022916
1706625530,11779409,0.016759,0.004788,-9.478644,-0.014389,0.018386,-0.021051
1706625530,11779460,0.114922,-0.011971,-9.471462,-0.012257,0.015721,-0.022649
1706625530,11779510,0.083797,0.038307,-9.557653,-0.015988,0.015988,-0.025847
1706625530,11779561,0.131681,0.023942,-9.502586,-0.014389,0.014389,-0.020518
1706625530,11779612,0.153229,-0.076614,-9.550470,-0.011724,0.016521,-0.024515
1706625530,11779663,0.086191,0.014365,-9.454702,-0.011724,0.018919,-0.020251
1706625530,11779716,0.148441,0.002394,-9.548077,-0.013057,0.020784,-0.025047
1706625530,11779767,0.090980,-0.028730,-9.481039,-0.013856,0.016787,-0.021850
1706625530,11779817,0.148441,-0.028730,-9.646238,-0.010658,0.016521,-0.023449
1706625531,11779868,0.117316,0.023942,-9.449914,-0.013590,0.016254,-0.022649
1706625531,11779919,0.117316,-0.045490,-9.495404,-0.011191,0.015721,-0.023982
1706625531,11779969,0.105345,-0.043096,-9.572019,-0.012257,0.016521,-0.021583
1706625531,11780023,0.105345,-0.055067,-9.574412,-0.013323,0.016521,-0.024248
1706625531,11780073,0.117316,0.000000,-9.564836,-0.012524,0.020784,-0.021583
1706625531,11780124,0.083797,0.043096,-9.495404,-0.013323,0.015188,-0.019985
1706625531,11780175,0.086191,-0.040701,-9.502586,-0.013856,0.015721,-0.020784
1706625531,11780225,0.124498,0.016759,-9.526528,-0.014123,0.013856,-0.022116
1706625531,11780276,0.076614,-0.035913,-9.519346,-0.014922,0.014389,-0.023182
1706625531,11780327,0.098162,0.000000,-9.471462,-0.014389,0.014922,-0.022916
1706625531,11780387,0.129287,0.011971,-9.598354,-0.015455,0.016787,-0.023449
1706625531,11780439,0.069432,-0.011971,-9.502586,-0.012257,0.019185,-0.022649
1706625531,11780489,0.059855,-0.045490,-9.512163,-0.014922,0.017587,-0.022916
1706625531,11780540,0.062249,-0.033519,-9.442732,-0.013323,0.019185,-0.020518
1706625531,11780590,0.064643,-0.074220,-9.555259,-0.011191,0.017587,-0.023182
1706625531,11780641,0.102951,0.035913,-9.581595,-0.014655,0.016521,-0.027179
1706625531,11780693,0.100556,-0.004788,-9.548077,-0.011191,0.017853,-0.021317
1706625531,11780744,0.079009,-0.031125,-9.502586,-0.013856,0.017320,-0.022649
1706625531,11780794,0.098162,-0.026336,-9.500193,-0.013323,0.017320,-0.024248
1706625532,11780845,0.098162,-0.031125,-9.552865,-0.015188,0.017054,-0.023715
1706625532,11780895,0.028730,0.000000,-9.550470,-0.013323,0.021317,-0.023982
1706625532,11780945,0.134075,0.000000,-9.560047,-0.010925,0.015988,-0.022649
1706625532,11780996,0.083797,-0.076614,-9.504981,-0.011991,0.016521,-0.023182
1706625532,11781049,0.095768,0.019154,-9.643845,-0.013590,0.015988,-0.020784
1706625532,11781099,0.090980,-0.038307,-9.569624,-0.012257,0.016787,-0.019185
1706625532,11781150,0.081403,-0.031125,-9.504981,-0.010658,0.017054,-0.024248
1706625532,11781200,0.064643,-0.011971,-9.526528,-0.013856,0.015721,-0.021850
1706625532,11781251,0.201113,0.021548,-9.473856,-0.010392,0.017853,-0.021051
1706625532,11781301,0.062249,-0.011971,-9.560047,-0.011724,0.019185,-0.022916
1706625532,11781351,0.069432,0.009577,-9.524135,-0.013590,0.015188,-0.022383
1706625532,11781404,0.148441,-0.021548,-9.519346,-0.011991,0.014389,-0.023182
1706625532,11781455,0.110133,0.002394,-9.497798,-0.014389,0.017320,-0.021583
1706625532,11781505,0.076614,-0.004788,-9.533711,-0.012524,0.020784,-0.023449
1706625532,11781556,0.079009,-0.011971,-9.569624,-0.014922,0.016254,-0.024515
1706625532,11781606,0.095768,0.035913,-9.454702,-0.011724,0.017587,-0.024781
1706625532,11781657,0.122104,-0.050278,-9.651027,-0.014123,0.013856,-0.022649
1706625532,11781709,0.117316,0.002394,-9.579201,-0.011724,0.017853,-0.022383
1706625532,11781760,0.136469,-0.011971,-9.490616,-0.014655,0.014655,-0.022916
1706625532,11781810,0.095768,-0.007183,-9.461885,-0.013856,0.017853,-0.025047
1706625533,11781861,0.098162,0.026336,-9.536105,-0.015721,0.020251,-0.023715
1706625533,11781911,0.090980,-0.009577,-9.593566,-0.015188,0.015455,-0.025314
1706625533,11781962,0.081403,0.016759,-9.545682,-0.015721,0.016521,-0.023182
1706625533,11782012,0.155623,-0.019154,-9.619903,-0.014389,0.015188,-0.022383
1706625533,11782065,0.062249,-0.050278,-9.548077,-0.014655,0.016787,-0.024248
1706625533,11782116,0.031125,0.031125,-9.610326,-0.011991,0.017320,-0.021051
1706625533,11782166,0.043096,-0.028730,-9.603143,-0.010126,0.018119,-0.022649
1706625533,11782216,0.114922,0.016759,-9.564836,-0.014922,0.017320,-0.020784
1706625533,11782267,0.081403,-0.028730,-9.430760,-0.014655,0.017587,-0.024781
1706625533,11782317,0.117316,-0.021548,-9.507375,-0.012790,0.016787,-0.022916
1706625533,11782370,0.129287,0.002394,-9.526528,-0.013057,0.020251,-0.021317
1706625533,11782421,0.138864,-0.016759,-9.502586,-0.016521,0.020251,-0.021850
1706625533,11782472,0.114922,0.057461,-9.540894,-0.013057,0.018652,-0.026913
1706625533,11782522,0.038307,-0.023942,-9.543288,-0.013590,0.017853,-0.024248
1706625533,11782572,0.112527,0.019154,-9.519346,-0.015188,0.017853,-0.023182
1706625533,11782623,0.160412,0.002394,-9.567230,-0.015455,0.018652,-0.024515
1706625533,11782673,0.079009,0.009577,-9.521740,-0.014389,0.019718,-0.022116
1706625533,11782726,0.165200,-0.004788,-9.533711,-0.011458,0.019185,-0.021051
1706625533,11782776,0.122104,-0.043096,-9.567230,-0.013323,0.017587,-0.021583
1706625533,11782827,0.093374,-0.095768,-9.469068,-0.014655,0.016521,-0.025847
1706625534,11782877,0.050278,-0.045490,-9.521740,-0.014655,0.017054,-0.023715
1706625534,11782928,0.117316,0.002394,-9.514558,-0.013323,0.017853,-0.022116
1706625534,11782978,0.114922,0.016759,-9.478644,-0.012790,0.019185,-0.020251
1706625534,11783028,0.031125,-0.014365,-9.595961,-0.014655,0.017054,-0.023715
1706625534,11783081,0.050278,-0.011971,-9.488221,-0.013590,0.018652,-0.022916
1706625534,11783132,0.086191,0.045490,-9.536105,-0.012257,0.016254,-0.023182
1706625534,11783182,0.117316,0.021548,-9.483433,-0.015988,0.021051,-0.025847
1706625534,11783233,0.098162,-0.009577,-9.634268,-0.011991,0.021317,-0.019185
1706625534,11783284,0.040701,-0.016759,-9.524135,-0.011991,0.013856,-0.023449
1706625534,11783334,0.110133,-0.019154,-9.552865,-0.013590,0.016254,-0.023715
1706625534,11783388,0.028730,-0.004788,-9.610326,-0.012790,0.017054,-0.021051
1706625534,11783438,0.117316,-0.023942,-9.516952,-0.011458,0.017054,-0.021317
1706625534,11783489,0.069432,0.028730,-9.500193,-0.013590,0.016521,-0.023449
1706625534,11783540,0.117316,-0.045490,-9.457097,-0.009326,0.014123,-0.021051
1706625534,11783591,0.069432,0.031125,-9.550470,-0.013856,0.014655,-0.023449
1706625534,11783641,0.055067,-0.011971,-9.526528,-0.015188,0.017587,-0.020251
1706625534,11783692,0.110133,0.045490,-9.437943,-0.013856,0.018652,-0.021850
1706625534,11783745,0.155623,0.000000,-9.543288,-0.013856,0.017320,-0.022916
1706625534,11783796,0.095768,0.016759,-9.478644,-0.013590,0.020251,-0.027179
1706625535,11783847,0.148441,-0.038307,-9.514558,-0.014389,0.017853,-0.024781
1706625535,11783898,0.095768,-0.067038,-9.586384,-0.015988,0.014922,-0.023715
1706625535,11783948,0.083797,-0.026336,-9.485827,-0.015455,0.019452,-0.019452
1706625535,11783999,0.114922,-0.004788,-9.545682,-0.011191,0.018386,-0.021051
1706625535,11784052,0.057461,0.009577,-9.500193,-0.014655,0.015721,-0.022116
1706625535,11784103,0.095768,-0.023942,-9.495404,-0.011991,0.013323,-0.024248
1706625535,11784154,0.090980,0.026336,-9.552865,-0.013590,0.016521,-0.023715
1706625535,11784204,0.069432,0.016759,-9.404425,-0.012257,0.017853,-0.021583
1706625535,11784255,0.172383,-0.038307,-9.533711,-0.011724,0.015455,-0.025047
1706625535,11784306,0.129287,-0.011971,-9.572019,-0.012790,0.015988,-0.023182
1706625535,11784357,0.141258,-0.014365,-9.540894,-0.013590,0.014123,-0.023715
1706625535,11784410,0.179565,0.021548,-9.586384,-0.013323,0.016521,-0.022916
1706625535,11784461,0.165200,0.011971,-9.562442,-0.012790,0.014123,-0.020518
1706625535,11784511,0.076614,0.000000,-9.483433,-0.012524,0.015721,-0.025580
1706625535,11784562,0.141258,-0.069432,-9.526528,-0.014655,0.015721,-0.022383
1706625535,11784613,0.057461,-0.016759,-9.581595,-0.013323,0.018652,-0.023449
1706625535,11784664,0.081403,-0.083797,-9.536105,-0.013590,0.016254,-0.024515
1706625535,11784715,0.090980,-0.016759,-9.509769,-0.013856,0.015988,-0.022383
1706625535,11784768,0.102951,-0.014365,-9.521740,-0.015455,0.019185,-0.022116
1706625535,11784819,0.090980,0.014365,-9.588778,-0.013057,0.019452,-0.023715
