timestamp,millis,AccX,AccY,AccZ,GyroX,GyroY,GyroZ
1706613038,7615054,0.088585,-0.067038,-9.979033,-0.008260,0.040236,-0.024515
1706613038,7615098,-0.028730,-0.409408,-10.488997,-0.002398,0.029044,-0.018386
1706613038,7615139,0.179565,0.311246,-8.872911,-0.023982,-0.007194,-0.017054
1706613038,7615180,0.059855,-0.201113,-9.469068,-0.006928,0.029044,-0.019985
1706613038,7615221,0.181959,0.129287,-8.475474,-0.018919,0.009859,-0.020251
1706613038,7615261,0.165200,-0.193930,-9.603143,-0.015988,0.015988,-0.025580
1706613038,7615302,0.093374,0.007183,-9.162610,-0.006928,0.030110,-0.021850
1706613038,7615346,0.088585,-0.126893,-9.653421,-0.015721,0.015188,-0.023182
1706613038,7615387,0.122104,0.021548,-9.497798,-0.012257,0.020251,-0.021850
1706613038,7615428,0.107739,-0.038307,-9.801862,-0.011991,0.022649,-0.020251
1706613038,7615469,0.081403,0.057461,-9.572019,-0.012790,0.016787,-0.021583
1706613038,7615510,0.100556,-0.074220,-9.773131,-0.012790,0.020518,-0.020784
1706613038,7615551,0.117316,0.011971,-9.500193,-0.011458,0.018119,-0.019718
1706613038,7615592,0.098162,-0.062249,-9.655815,-0.015721,0.017320,-0.021051
1706613038,7615635,0.110133,-0.007183,-9.610326,-0.017054,0.015988,-0.021051
1706613038,7615676,0.160412,-0.045490,-9.442732,-0.014123,0.017853,-0.023182
1706613038,7615717,0.114922,0.023942,-9.433155,-0.014389,0.017587,-0.019185
1706613038,7615758,0.083797,-0.033519,-9.528923,-0.012524,0.015721,-0.022116
1706613038,7615799,0.050278,0.000000,-9.447520,-0.013856,0.015721,-0.019185
1706613038,7615840,0.122104,-0.040701,-9.464279,-0.012524,0.017320,-0.020251
1706613038,7615881,0.110133,0.007183,-9.507375,-0.012257,0.017320,-0.020784
1706613038,7615925,0.143652,0.023942,-9.493010,-0.013590,0.017054,-0.021850
1706613038,7615966,0.114922,-0.086191,-9.459491,-0.014922,0.017587,-0.022383
1706613039,7616007,0.124498,-0.004788,-9.370906,-0.013590,0.015455,-0.022116
1706613039,7616048,0.122104,-0.014365,-9.402030,-0.015721,0.016521,-0.020784
1706613039,7616089,0.035913,0.021548,-9.303867,-0.013323,0.018919,-0.022116
1706613039,7616130,0.059855,-0.004788,-9.493010,-0.011191,0.019452,-0.018386
1706613039,7616173,0.081403,0.000000,-9.509769,-0.014123,0.017320,-0.022116
1706613039,7616214,0.184354,0.045490,-9.576807,-0.016254,0.018119,-0.019985
1706613039,7616255,0.069432,-0.055067,-9.562442,-0.014655,0.014389,-0.022649
1706613039,7616296,0.086191,0.009577,-9.509769,-0.013057,0.019452,-0.022116
1706613039,7616337,0.110133,0.011971,-9.452309,-0.013323,0.018386,-0.022916
1706613039,7616378,0.105345,0.050278,-9.382876,-0.011458,0.016787,-0.021051
1706613039,7616419,0.086191,-0.069432,-9.562442,-0.014655,0.016787,-0.023182
1706613039,7616462,0.174777,0.014365,-9.454702,-0.012257,0.018652,-0.021583
1706613039,7616503,0.114922,-0.033519,-9.624691,-0.012524,0.020784,-0.021317
1706613039,7616544,0.155623,0.016759,-9.414001,-0.012524,0.017587,-0.022383
1706613039,7616585,0.122104,0.059855,-9.560047,-0.014389,0.023182,-0.021317
1706613039,7616626,0.055067,-0.050278,-9.478644,-0.010925,0.019985,-0.019452
1706613039,7616667,0.105345,-0.035913,-9.502586,-0.013057,0.017054,-0.021051
1706613039,7616708,0.160412,0.009577,-9.423578,-0.014922,0.020784,-0.024515
1706613039,7616751,0.081403,-0.059855,-9.481039,-0.011991,0.013856,-0.022649
1706613039,7616792,0.079009,0.033519,-9.440337,-0.014655,0.017054,-0.022116
1706613039,7616833,0.086191,-0.033519,-9.476251,-0.011991,0.013590,-0.019985
1706613039,7616874,0.100556,-0.040701,-9.521740,-0.012524,0.017853,-0.022383
1706613039,7616915,0.117316,0.000000,-9.469068,-0.016521,0.016787,-0.021051
1706613039,7616956,0.057461,-0.007183,-9.533711,-0.013856,0.021317,-0.020518
1706613040,7616997,0.081403,-0.040701,-9.627085,-0.012257,0.018652,-0.022383
1706613040,7617040,0.129287,-0.028730,-9.543288,-0.015988,0.018919,-0.021850
1706613040,7617082,0.093374,-0.052672,-9.485827,-0.013323,0.018386,-0.023449
1706613040,7617123,0.076614,-0.014365,-9.488221,-0.017054,0.019452,-0.021850
1706613040,7617164,0.098162,-0.031125,-9.509769,-0.013323,0.015455,-0.021583
1706613040,7617205,0.110133,-0.002394,-9.543288,-0.013057,0.017320,-0.023449
1706613040,7617246,0.150835,0.016759,-9.490616,-0.012790,0.020518,-0.020518
1706613040,7617290,0.114922,-0.002394,-9.591172,-0.015188,0.019452,-0.024248
1706613040,7617331,0.045490,-0.014365,-9.560047,-0.013057,0.014922,-0.020518
1706613040,7617373,0.114922,-0.007183,-9.545682,-0.013590,0.018919,-0.019718
1706613040,7617414,0.129287,-0.033519,-9.469068,-0.014123,0.012257,-0.020251
1706613040,7617455,0.102951,-0.081403,-9.469068,-0.014922,0.015988,-0.021850
1706613040,7617497,0.074220,-0.021548,-9.564836,-0.012524,0.015721,-0.022116
1706613040,7617538,0.055067,0.009577,-9.370906,-0.014123,0.017054,-0.022649
1706613040,7617582,0.138864,-0.079009,-9.504981,-0.014655,0.015988,-0.023449
1706613040,7617623,0.129287,0.019154,-9.507375,-0.014655,0.017320,-0.022916
1706613040,7617664,0.057461,0.000000,-9.440337,-0.015188,0.019718,-0.022116
1706613040,7617705,0.090980,-0.040701,-9.483433,-0.014123,0.016521,-0.021051
1706613040,7617747,0.112527,-0.004788,-9.548077,-0.014922,0.015988,-0.024781
1706613040,7617788,0.160412,0.031125,-9.461885,-0.013323,0.016521,-0.021583
1706613040,7617829,0.124498,-0.028730,-9.583989,-0.011458,0.017054,-0.021850
1706613040,7617873,0.102951,-0.011971,-9.591172,-0.014389,0.020784,-0.021317
1706613040,7617914,0.083797,-0.016759,-9.576807,-0.016254,0.017853,-0.020784
1706613040,7617956,0.047884,0.016759,-9.478644,-0.015455,0.017587,-0.022383
1706613041,7617997,0.102951,-0.009577,-9.507375,-0.013856,0.015721,-0.022383
1706613041,7618038,0.105345,-0.019154,-9.502586,-0.014123,0.018119,-0.019985
1706613041,7618079,0.105345,-0.045490,-9.521740,-0.011724,0.015455,-0.022916
1706613041,7618123,0.098162,0.002394,-9.493010,-0.013590,0.019718,-0.021583
1706613041,7618164,0.069432,-0.083797,-9.531317,-0.010925,0.016787,-0.023982
1706613041,7618206,0.062249,-0.026336,-9.557653,-0.013590,0.014922,-0.021583
1706613041,7618247,0.100556,0.000000,-9.509769,-0.011724,0.019185,-0.017587
1706613041,7618288,0.143652,-0.033519,-9.481039,-0.014389,0.016521,-0.021850
1706613041,7618329,0.093374,-0.021548,-9.643845,-0.014922,0.017853,-0.019985
1706613041,7618371,0.112527,-0.011971,-9.593566,-0.014922,0.015988,-0.020784
1706613041,7618415,0.090980,-0.071826,-9.519346,-0.012790,0.017320,-0.019452
1706613041,7618456,0.088585,-0.038307,-9.555259,-0.014389,0.019185,-0.023982
1706613041,7618497,0.088585,-0.050278,-9.526528,-0.011991,0.017054,-0.020784
1706613041,7618538,0.119710,-0.040701,-9.495404,-0.014389,0.015455,-0.022383
1706613041,7618580,0.086191,-0.028730,-9.512163,-0.012257,0.020784,-0.019985
1706613041,7618621,0.050278,-0.019154,-9.519346,-0.014123,0.015988,-0.019185
1706613041,7618662,0.114922,-0.055067,-9.466674,-0.015721,0.015988,-0.019452
1706613041,7618706,0.062249,0.011971,-9.485827,-0.012790,0.014123,-0.020784
1706613041,7618747,0.067038,-0.026336,-9.528923,-0.013590,0.018386,-0.019985
1706613041,7618789,0.110133,-0.004788,-9.579201,-0.015188,0.017320,-0.019985
1706613041,7618830,0.098162,-0.031125,-9.651027,-0.012790,0.019985,-0.021051
1706613041,7618871,0.093374,-0.043096,-9.437943,-0.014389,0.018119,-0.024781
1706613041,7618912,0.083797,0.026336,-9.478644,-0.015988,0.017320,-0.023982
1706613041,7618956,0.119710,-0.009577,-9.516952,-0.014389,0.018652,-0.024515
1706613042,7618997,0.098162,-0.014365,-9.567230,-0.013856,0.015188,-0.019185
1706613042,7619038,0.177171,0.007183,-9.512163,-0.012257,0.018919,-0.022116
1706613042,7619080,0.079009,-0.019154,-9.603143,-0.013323,0.015988,-0.021051
1706613042,7619121,0.086191,-0.002394,-9.540894,-0.011991,0.019185,-0.020518
1706613042,7619162,0.076614,-0.052672,-9.531317,-0.011458,0.018119,-0.026380
1706613042,7619203,0.105345,-0.038307,-9.457097,-0.013856,0.017320,-0.023182
1706613042,7619255,0.057461,-0.026336,-9.404425,-0.013856,0.020251,-0.022383
1706613042,7619297,0.148441,0.000000,-9.536105,-0.014655,0.015721,-0.019718
1706613042,7619338,0.045490,-0.011971,-9.454702,-0.012790,0.019985,-0.021583
1706613042,7619379,0.107739,-0.016759,-9.488221,-0.015455,0.014655,-0.021850
1706613042,7619420,0.090980,0.004788,-9.497798,-0.012257,0.017853,-0.021317
1706613042,7619461,0.114922,-0.002394,-9.502586,-0.013057,0.013856,-0.018119
1706613042,7619501,0.155623,-0.002394,-9.536105,-0.012790,0.020518,-0.023715
1706613042,7619545,0.057461,0.026336,-9.418790,-0.015455,0.017054,-0.021850
1706613042,7619586,0.098162,-0.035913,-9.385271,-0.014123,0.014922,-0.021850
1706613042,7619627,0.067038,0.002394,-9.464279,-0.013590,0.017853,-0.020518
1706613042,7619668,0.088585,-0.004788,-9.418790,-0.011724,0.015988,-0.024248
1706613042,7619709,0.074220,-0.055067,-9.414001,-0.015188,0.012257,-0.022116
1706613042,7619750,0.126893,-0.035913,-9.481039,-0.011991,0.018386,-0.021850
1706613042,7619793,0.105345,0.023942,-9.567230,-0.011458,0.014922,-0.021051
1706613042,7619834,0.062249,0.004788,-9.504981,-0.011724,0.019185,-0.019185
1706613042,7619875,0.045490,0.038307,-9.629479,-0.013323,0.014655,-0.020784
1706613042,7619916,0.119710,-0.031125,-9.588778,-0.014655,0.018386,-0.020784
1706613042,7619957,0.088585,0.016759,-9.569624,-0.011191,0.014922,-0.020251
1706613043,7619998,0.100556,-0.021548,-9.516952,-0.015455,0.013856,-0.021583
1706613043,7620039,0.126893,-0.069432,-9.512163,-0.014655,0.020518,-0.022649
1706613043,7620082,0.076614,-0.028730,-9.574412,-0.014389,0.019185,-0.019718
1706613043,7620123,0.095768,0.000000,-9.507375,-0.014123,0.019185,-0.020784
1706613043,7620164,0.155623,0.011971,-9.533711,-0.012790,0.014123,-0.025314
1706613043,7620205,0.177171,-0.004788,-9.485827,-0.013057,0.015455,-0.022649
1706613043,7620246,0.141258,-0.081403,-9.495404,-0.013323,0.020784,-0.021850
1706613043,7620287,0.122104,-0.004788,-9.442732,-0.014922,0.016521,-0.022383
1706613043,7620328,0.136469,-0.047884,-9.445126,-0.012257,0.017054,-0.020251
1706613043,7620372,0.090980,0.019154,-9.464279,-0.013323,0.020251,-0.022116
1706613043,7620413,0.136469,0.019154,-9.607931,-0.012790,0.020784,-0.021583
1706613043,7620454,0.093374,-0.026336,-9.543288,-0.009593,0.017853,-0.024781
1706613043,7620495,0.038307,-0.023942,-9.562442,-0.011991,0.015455,-0.021850
1706613043,7620536,0.131681,-0.014365,-9.583989,-0.014123,0.015188,-0.022116
1706613043,7620577,0.150835,0.007183,-9.543288,-0.012790,0.020251,-0.021850
1706613043,7620620,0.114922,-0.028730,-9.459491,-0.012257,0.016521,-0.022649
1706613043,7620661,0.122104,-0.009577,-9.483433,-0.013323,0.015455,-0.022649
1706613043,7620702,0.134075,-0.045490,-9.531317,-0.014123,0.017320,-0.019985
1706613043,7620743,0.119710,0.014365,-9.526528,-0.014922,0.019718,-0.023182
1706613043,7620784,0.059855,-0.047884,-9.562442,-0.013590,0.015455,-0.020784
1706613043,7620825,0.138864,0.007183,-9.588778,-0.014123,0.018119,-0.023182
1706613043,7620866,0.150835,-0.038307,-9.473856,-0.013057,0.013590,-0.021850
1706613043,7620910,0.160412,-0.033519,-9.485827,-0.014922,0.017320,-0.021051
1706613043,7620951,0.102951,-0.033519,-9.485827,-0.016521,0.018119,-0.023715
1706613043,7620992,0.095768,-0.043096,-9.435549,-0.014922,0.018919,-0.020518
1706613044,7621033,0.071826,-0.055067,-9.579201,-0.015721,0.014655,-0.022116
1706613044,7621074,0.076614,-0.016759,-9.452309,-0.011458,0.013057,-0.023715
1706613044,7621115,0.093374,0.055067,-9.564836,-0.013057,0.019452,-0.022649
1706613044,7621156,0.090980,0.033519,-9.469068,-0.013856,0.020518,-0.022916
1706613044,7621199,0.076614,-0.016759,-9.562442,-0.013856,0.017853,-0.020784
1706613044,7621240,0.069432,-0.021548,-9.469068,-0.013590,0.016521,-0.020518
1706613044,7621281,0.083797,0.007183,-9.562442,-0.015721,0.014922,-0.020784
1706613044,7621322,0.057461,0.023942,-9.636662,-0.012257,0.017587,-0.022649
1706613044,7621363,0.126893,-0.043096,-9.440337,-0.013590,0.016787,-0.022916
1706613044,7621404,0.117316,-0.009577,-9.502586,-0.015188,0.014922,-0.022916
1706613044,7621447,0.067038,-0.055067,-9.507375,-0.015988,0.015988,-0.021850
1706613044,7621489,0.067038,-0.038307,-9.528923,-0.014389,0.015188,-0.021317
1706613044,7621530,0.076614,0.023942,-9.504981,-0.012257,0.018919,-0.019985
1706613044,7621571,0.090980,0.011971,-9.567230,-0.009326,0.018119,-0.019718
1706613044,7621612,0.122104,0.009577,-9.536105,-0.014655,0.016787,-0.019452
1706613044,7621654,0.081403,-0.021548,-9.605537,-0.016254,0.014922,-0.022649
1706613044,7621695,0.095768,-0.021548,-9.622296,-0.015455,0.018119,-0.018386
1706613044,7621739,0.059855,-0.009577,-9.512163,-0.011991,0.016254,-0.018652
1706613044,7621780,0.098162,0.009577,-9.497798,-0.015455,0.014922,-0.018652
1706613044,7621821,0.052672,-0.023942,-9.557653,-0.011458,0.018386,-0.020784
1706613044,7621862,0.062249,-0.002394,-9.488221,-0.012524,0.011458,-0.022649
1706613044,7621904,0.105345,-0.014365,-9.574412,-0.012790,0.017587,-0.021051
1706613044,7621945,0.122104,-0.083797,-9.531317,-0.011991,0.015188,-0.021850
1706613044,7621986,0.100556,-0.002394,-9.567230,-0.013856,0.018119,-0.021850
1706613045,7622030,0.102951,0.002394,-9.521740,-0.011458,0.017054,-0.020518
1706613045,7622071,0.055067,0.064643,-9.512163,-0.015988,0.015721,-0.018652
1706613045,7622113,0.079009,0.011971,-9.562442,-0.009859,0.019185,-0.020518
1706613045,7622154,0.126893,0.009577,-9.634268,-0.012524,0.020251,-0.023982
1706613045,7622195,0.090980,-0.002394,-9.610326,-0.014922,0.017054,-0.018119
1706613045,7622236,0.098162,0.000000,-9.459491,-0.013323,0.018919,-0.020251
1706613045,7622280,0.100556,-0.016759,-9.533711,-0.011991,0.015188,-0.020518
1706613045,7622321,0.090980,-0.064643,-9.543288,-0.011458,0.019185,-0.021317
1706613045,7622363,0.126893,-0.021548,-9.507375,-0.012790,0.016787,-0.019985
1706613045,7622404,0.141258,-0.016759,-9.449914,-0.014123,0.016787,-0.022116
1706613045,7622445,0.167594,-0.050278,-9.485827,-0.012524,0.016787,-0.019185
1706613045,7622487,0.102951,-0.043096,-9.466674,-0.013323,0.021850,-0.022116
1706613045,7622528,0.141258,-0.011971,-9.490616,-0.013590,0.021317,-0.020251
1706613045,7622572,0.069432,0.000000,-9.507375,-0.012524,0.018652,-0.019718
1706613045,7622613,0.011971,-0.004788,-9.524135,-0.014922,0.019718,-0.021051
1706613045,7622654,0.059855,-0.045490,-9.526528,-0.013323,0.018119,-0.021583
1706613045,7622695,0.138864,-0.045490,-9.538500,-0.013590,0.015988,-0.021051
1706613045,7622737,0.136469,-0.019154,-9.483433,-0.013057,0.015721,-0.022649
1706613045,7622778,0.119710,-0.011971,-9.622296,-0.014389,0.019452,-0.023182
1706613045,7622819,0.098162,0.014365,-9.557653,-0.016521,0.018652,-0.020518
1706613045,7622863,0.126893,-0.062249,-9.478644,-0.015188,0.015455,-0.019452
1706613045,7622904,0.122104,-0.038307,-9.495404,-0.014123,0.016254,-0.019452
1706613045,7622945,0.076614,-0.033519,-9.545682,-0.014389,0.018119,-0.020518
1706613045,7622987,0.055067,-0.011971,-9.521740,-0.014655,0.017320,-0.020518
1706613046,7623028,0.122104,-0.033519,-9.397242,-0.013856,0.014389,-0.023182
1706613046,7623069,0.095768,-0.062249,-9.500193,-0.015455,0.017853,-0.021051
1706613046,7623113,0.134075,-0.002394,-9.536105,-0.015988,0.019185,-0.020251
1706613046,7623154,0.110133,0.009577,-9.409213,-0.012790,0.015988,-0.020518
1706613046,7623196,0.114922,-0.038307,-9.459491,-0.015455,0.016254,-0.020251
1706613046,7623237,0.086191,-0.004788,-9.555259,-0.011458,0.017054,-0.021850
1706613046,7623278,0.105345,0.007183,-9.526528,-0.013057,0.017320,-0.023449
1706613046,7623319,0.119710,-0.009577,-9.524135,-0.016787,0.017587,-0.021583
1706613046,7623361,0.122104,0.004788,-9.433155,-0.013323,0.018919,-0.025580
1706613046,7623405,0.098162,-0.021548,-9.454702,-0.010658,0.016254,-0.020518
1706613046,7623446,0.076614,0.019154,-9.543288,-0.011991,0.015455,-0.020251
1706613046,7623487,0.038307,0.000000,-9.504981,-0.015721,0.013590,-0.022649
1706613046,7623528,0.050278,0.002394,-9.526528,-0.013057,0.014389,-0.024248
1706613046,7623569,0.047884,0.004788,-9.356541,-0.015455,0.016254,-0.020784
1706613046,7623611,0.031125,-0.031125,-9.643845,-0.013590,0.018652,-0.018652
1706613046,7623652,0.095768,-0.023942,-9.473856,-0.013856,0.018919,-0.023449
1706613046,7623703,0.090980,0.014365,-9.538500,-0.015455,0.016521,-0.025314
1706613046,7623745,0.052672,-0.007183,-9.581595,-0.016254,0.016787,-0.021583
1706613046,7623786,0.167594,-0.045490,-9.490616,-0.013323,0.013323,-0.023449
1706613046,7623827,0.126893,0.009577,-9.533711,-0.013323,0.018919,-0.023715
1706613046,7623868,0.160412,-0.009577,-9.442732,-0.015188,0.017054,-0.019985
1706613046,7623909,0.083797,-0.014365,-9.490616,-0.010925,0.014389,-0.021317
1706613046,7623952,0.129287,-0.011971,-9.581595,-0.013323,0.018652,-0.021583
1706613046,7623993,0.158017,-0.009577,-9.435549,-0.012790,0.020251,-0.019985
1706613047,7624034,0.110133,0.050278,-9.483433,-0.013856,0.020251,-0.021850
1706613047,7624075,0.110133,-0.021548,-9.493010,-0.011991,0.015188,-0.020518
1706613047,7624116,0.117316,-0.002394,-9.619903,-0.013856,0.020518,-0.022116
1706613047,7624157,0.165200,0.021548,-9.560047,-0.014922,0.018386,-0.023182
1706613047,7624198,0.126893,-0.057461,-9.512163,-0.013323,0.018386,-0.022116
1706613047,7624242,0.114922,-0.019154,-9.425972,-0.011724,0.015455,-0.020518
1706613047,7624283,0.124498,-0.079009,-9.490616,-0.010658,0.015988,-0.022916
1706613047,7624324,0.093374,-0.009577,-9.485827,-0.014655,0.015988,-0.019185
1706613047,7624365,0.105345,-0.069432,-9.490616,-0.016254,0.017853,-0.019718
1706613047,7624406,0.105345,-0.055067,-9.461885,-0.014922,0.015721,-0.018652
1706613047,7624447,0.134075,-0.067038,-9.564836,-0.010925,0.016787,-0.019452
1706613047,7624488,0.124498,-0.004788,-9.567230,-0.013856,0.019185,-0.021317
1706613047,7624531,0.050278,-0.009577,-9.600749,-0.015721,0.020518,-0.018652
1706613047,7624572,0.043096,0.019154,-9.504981,-0.013323,0.021051,-0.023182
1706613047,7624613,0.102951,-0.038307,-9.519346,-0.013323,0.015721,-0.021317
1706613047,7624654,0.193930,-0.045490,-9.411607,-0.011724,0.017587,-0.020518
1706613047,7624695,0.052672,0.014365,-9.519346,-0.012790,0.021051,-0.023182
1706613047,7624736,0.119710,0.045490,-9.466674,-0.011724,0.019185,-0.022383
1706613047,7624779,0.107739,-0.014365,-9.519346,-0.011991,0.016787,-0.019452
1706613047,7624820,0.095768,0.002394,-9.552865,-0.013856,0.019718,-0.025847
1706613047,7624861,0.100556,-0.014365,-9.485827,-0.014123,0.015455,-0.021583
1706613047,7624902,0.126893,-0.050278,-9.622296,-0.011724,0.016254,-0.024781
1706613047,7624943,0.064643,0.011971,-9.442732,-0.011724,0.017587,-0.020784
1706613047,7624984,0.148441,-0.079009,-9.291897,-0.014922,0.011458,-0.021317
1706613048,7625025,0.122104,0.000000,-9.351752,-0.012790,0.017054,-0.021317
1706613048,7625068,0.136469,0.004788,-9.504981,-0.013057,0.015188,-0.022649
1706613048,7625109,0.153229,-0.033519,-9.483433,-0.016521,0.017587,-0.022916
1706613048,7625150,0.076614,-0.023942,-9.442732,-0.012524,0.016254,-0.018652
1706613048,7625191,0.059855,-0.031125,-9.454702,-0.013590,0.018119,-0.021317
1706613048,7625232,0.045490,-0.043096,-9.567230,-0.013856,0.016787,-0.019452
1706613048,7625273,0.083797,-0.028730,-9.471462,-0.012257,0.017853,-0.019985
1706613048,7625314,0.059855,-0.093374,-9.552865,-0.011724,0.020784,-0.023715
1706613048,7625357,0.136469,-0.026336,-9.464279,-0.013323,0.017320,-0.019985
1706613048,7625398,0.124498,0.021548,-9.516952,-0.014655,0.017853,-0.020784
1706613048,7625440,0.083797,0.026336,-9.588778,-0.012790,0.021317,-0.019718
1706613048,7625481,0.090980,-0.004788,-9.433155,-0.014123,0.015455,-0.026646
1706613048,7625522,0.086191,-0.007183,-9.581595,-0.013856,0.021850,-0.021051
1706613048,7625563,0.069432,0.052672,-9.564836,-0.010658,0.017320,-0.023182
1706613048,7625606,0.148441,-0.007183,-9.514558,-0.012257,0.020784,-0.021317
1706613048,7625647,0.083797,-0.016759,-9.504981,-0.012524,0.017054,-0.021051
1706613048,7625688,0.119710,-0.031125,-9.473856,-0.013590,0.018386,-0.023182
1706613048,7625729,0.067038,-0.038307,-9.358934,-0.013323,0.017853,-0.023449
1706613048,7625770,0.112527,0.000000,-9.610326,-0.012524,0.016787,-0.017054
1706613048,7625811,0.081403,-0.011971,-9.543288,-0.010658,0.015988,-0.019985
1706613048,7625851,0.090980,-0.045490,-9.490616,-0.013057,0.017853,-0.017853
1706613048,7625895,0.129287,0.007183,-9.469068,-0.014123,0.021850,-0.020784
1706613048,7625936,0.110133,-0.023942,-9.512163,-0.012524,0.016254,-0.022383
1706613048,7625977,0.098162,0.009577,-9.528923,-0.011191,0.014655,-0.022649
1706613049,7626019,0.093374,-0.040701,-9.466674,-0.011458,0.018119,-0.022649
1706613049,7626060,0.081403,-0.055067,-9.540894,-0.014123,0.017054,-0.024515
1706613049,7626101,0.138864,-0.038307,-9.497798,-0.013856,0.018119,-0.019185
1706613049,7626142,0.043096,0.086191,-9.454702,-0.015188,0.014922,-0.022649
1706613049,7626186,0.141258,-0.040701,-9.526528,-0.014389,0.018652,-0.019985
1706613049,7626227,0.141258,-0.050278,-9.531317,-0.011458,0.018652,-0.020518
1706613049,7626268,0.040701,-0.019154,-9.560047,-0.013323,0.018119,-0.022916
1706613049,7626310,0.165200,0.000000,-9.564836,-0.014389,0.015455,-0.021583
1706613049,7626351,0.126893,-0.033519,-9.605537,-0.012257,0.023449,-0.022916
1706613049,7626392,0.119710,-0.014365,-9.543288,-0.014123,0.020784,-0.022649
1706613049,7626436,0.093374,0.002394,-9.579201,-0.011724,0.016521,-0.021850
1706613049,7626477,0.093374,0.035913,-9.588778,-0.013323,0.019718,-0.019718
1706613049,7626519,0.186748,-0.011971,-9.425972,-0.012257,0.020784,-0.020251
1706613049,7626560,0.093374,-0.014365,-9.488221,-0.016787,0.019185,-0.021583
1706613049,7626601,0.055067,-0.019154,-9.572019,-0.013057,0.017054,-0.019718
1706613049,7626643,0.031125,-0.045490,-9.512163,-0.015188,0.019185,-0.022649
1706613049,7626684,0.131681,-0.004788,-9.557653,-0.017320,0.016787,-0.019985
1706613049,7626728,0.143652,0.000000,-9.500193,-0.015988,0.019185,-0.020518
1706613049,7626769,0.146046,-0.031125,-9.466674,-0.011458,0.017853,-0.018119
1706613049,7626810,0.196325,0.028730,-9.586384,-0.012257,0.018386,-0.021051
1706613049,7626851,0.090980,0.028730,-9.521740,-0.016521,0.019718,-0.022649
1706613049,7626893,0.064643,-0.014365,-9.488221,-0.012524,0.018652,-0.021583
1706613049,7626934,0.083797,-0.011971,-9.385271,-0.014389,0.016787,-0.020784
1706613049,7626975,0.138864,-0.031125,-9.495404,-0.014389,0.017054,-0.022383
1706613050,7627019,0.067038,-0.028730,-9.538500,-0.017587,0.016787,-0.019452
1706613050,7627060,0.167594,-0.023942,-9.428367,-0.014389,0.019985,-0.019718
1706613050,7627102,0.107739,-0.035913,-9.509769,-0.012790,0.018919,-0.022916
1706613050,7627143,0.035913,0.009577,-9.473856,-0.013590,0.018652,-0.022649
1706613050,7627184,0.095768,-0.040701,-9.514558,-0.014123,0.017853,-0.022916
1706613050,7627225,0.169988,0.009577,-9.557653,-0.015988,0.021317,-0.021850
1706613050,7627267,0.079009,-0.023942,-9.519346,-0.015721,0.018386,-0.022116
1706613050,7627307,0.021548,-0.028730,-9.504981,-0.010658,0.015455,-0.023449
1706613050,7627348,0.033519,-0.026336,-9.567230,-0.014389,0.021051,-0.020784
1706613050,7627389,0.100556,0.026336,-9.629479,-0.013057,0.016787,-0.019452
1706613050,7627431,0.146046,0.016759,-9.524135,-0.010925,0.020251,-0.023182
1706613050,7627472,0.071826,0.007183,-9.502586,-0.015455,0.017320,-0.019452
1706613050,7627513,0.138864,-0.028730,-9.588778,-0.013590,0.018386,-0.020251
1706613050,7627557,0.102951,-0.011971,-9.490616,-0.013323,0.017054,-0.023449
1706613050,7627599,0.079009,0.019154,-9.576807,-0.013590,0.015721,-0.020784
1706613050,7627640,0.079009,-0.055067,-9.545682,-0.015721,0.021850,-0.021317
1706613050,7627681,0.076614,0.045490,-9.502586,-0.010658,0.019718,-0.020251
1706613050,7627723,0.090980,0.050278,-9.485827,-0.017320,0.014123,-0.021051
1706613050,7627764,0.114922,0.014365,-9.557653,-0.014655,0.017320,-0.020518
1706613050,7627805,0.057461,-0.009577,-9.447520,-0.015455,0.019985,-0.021583
1706613050,7627849,0.081403,-0.023942,-9.481039,-0.014123,0.019452,-0.024781
1706613050,7627890,0.126893,-0.045490,-9.543288,-0.014123,0.015455,-0.021583
1706613050,7627931,0.035913,-0.019154,-9.464279,-0.013590,0.017054,-0.022116
1706613050,7627973,0.076614,-0.019154,-9.471462,-0.011458,0.019185,-0.021317
1706613051,7628014,0.055067,-0.047884,-9.579201,-0.014655,0.016254,-0.015721
1706613051,7628055,0.138864,0.021548,-9.552865,-0.016254,0.014655,-0.023715
1706613051,7628096,0.095768,-0.004788,-9.545682,-0.012524,0.014123,-0.021051
1706613051,7628148,0.119710,-0.040701,-9.442732,-0.010925,0.016787,-0.018386
1706613051,7628190,0.028730,-0.019154,-9.461885,-0.013057,0.015188,-0.022116
1706613051,7628231,0.119710,0.038307,-9.576807,-0.013057,0.016521,-0.022383
1706613051,7628272,0.155623,-0.021548,-9.504981,-0.013057,0.018919,-0.023982
1706613051,7628313,0.136469,0.007183,-9.552865,-0.015988,0.014389,-0.018919
1706613051,7628354,0.055067,0.000000,-9.540894,-0.011458,0.021051,-0.019452
1706613051,7628397,0.122104,-0.004788,-9.514558,-0.011991,0.019985,-0.020784
1706613051,7628438,0.057461,-0.083797,-9.557653,-0.012524,0.014655,-0.017587
1706613051,7628479,0.105345,-0.083797,-9.497798,-0.015188,0.016254,-0.024248
1706613051,7628520,0.098162,-0.026336,-9.500193,-0.013590,0.013856,-0.022649
1706613051,7628561,0.138864,-0.014365,-9.390059,-0.014123,0.017320,-0.023182
1706613051,7628602,0.177171,-0.038307,-9.516952,-0.013057,0.017587,-0.017587
1706613051,7628643,0.074220,-0.019154,-9.543288,-0.010126,0.013323,-0.021051
1706613051,7628686,0.124498,-0.045490,-9.454702,-0.014655,0.018119,-0.022383
1706613051,7628727,0.134075,0.002394,-9.567230,-0.014655,0.018652,-0.019718
1706613051,7628768,0.122104,-0.045490,-9.631873,-0.014389,0.018652,-0.020518
1706613051,7628809,0.074220,-0.028730,-9.581595,-0.015188,0.017320,-0.022649
1706613051,7628850,0.181959,-0.007183,-9.583989,-0.013323,0.016254,-0.023982
1706613051,7628891,0.102951,-0.021548,-9.619903,-0.014389,0.018119,-0.021051
1706613051,7628932,0.143652,-0.002394,-9.514558,-0.015455,0.018652,-0.019452
1706613051,7628976,0.090980,0.000000,-9.500193,-0.016787,0.019185,-0.020251
1706613052,7629017,0.076614,0.011971,-9.442732,-0.013323,0.017587,-0.021051
1706613052,7629058,0.090980,-0.021548,-9.514558,-0.013590,0.019185,-0.021051
1706613052,7629098,0.093374,0.016759,-9.531317,-0.010925,0.017587,-0.019985
1706613052,7629139,0.167594,-0.095768,-9.516952,-0.011191,0.013590,-0.018652
1706613052,7629180,0.076614,-0.067038,-9.512163,-0.012257,0.019452,-0.022916
1706613052,7629224,0.023942,0.031125,-9.495404,-0.012524,0.015988,-0.019185
1706613052,7629265,0.165200,0.014365,-9.691729,-0.013057,0.018919,-0.019718
1706613052,7629306,0.076614,-0.009577,-9.440337,-0.014655,0.017054,-0.018919
1706613052,7629347,0.090980,-0.023942,-9.528923,-0.012790,0.018119,-0.021051
1706613052,7629388,0.146046,0.007183,-9.593566,-0.012790,0.018119,-0.019985
1706613052,7629429,0.117316,-0.031125,-9.449914,-0.013057,0.015455,-0.021317
1706613052,7629470,0.119710,-0.019154,-9.500193,-0.014655,0.020251,-0.022649
1706613052,7629513,0.093374,-0.038307,-9.514558,-0.013590,0.018652,-0.022116
1706613052,7629554,0.074220,-0.055067,-9.471462,-0.015988,0.016254,-0.022383
1706613052,7629595,0.059855,-0.045490,-9.447520,-0.011191,0.022116,-0.020784
1706613052,7629636,0.119710,-0.023942,-9.595961,-0.015188,0.017054,-0.019718
1706613052,7629677,0.095768,-0.019154,-9.531317,-0.014922,0.017853,-0.025580
1706613052,7629718,0.050278,-0.019154,-9.619903,-0.012524,0.017054,-0.018652
1706613052,7629759,0.114922,-0.040701,-9.430760,-0.014389,0.017587,-0.018652
1706613052,7629802,0.047884,-0.038307,-9.485827,-0.015188,0.017320,-0.022649
1706613052,7629843,0.102951,-0.045490,-9.483433,-0.012524,0.020518,-0.026380
1706613052,7629884,0.136469,0.002394,-9.574412,-0.012790,0.014922,-0.021317
1706613052,7629925,0.062249,-0.038307,-9.495404,-0.012524,0.014655,-0.021317
1706613052,7629966,0.134075,-0.011971,-9.607931,-0.013856,0.014389,-0.021850
1706613053,7630007,0.105345,-0.067038,-9.490616,-0.014922,0.017054,-0.021317
1706613053,7630051,0.117316,0.016759,-9.392453,-0.011991,0.016521,-0.021317
1706613053,7630092,0.107739,-0.035913,-9.543288,-0.011191,0.015188,-0.020518
1706613053,7630133,0.090980,0.031125,-9.493010,-0.015188,0.018919,-0.020518
1706613053,7630173,0.076614,-0.035913,-9.500193,-0.012524,0.019985,-0.021317
1706613053,7630214,0.067038,-0.069432,-9.548077,-0.012790,0.018386,-0.020251
1706613053,7630255,0.165200,0.019154,-9.500193,-0.013057,0.016521,-0.021583
1706613053,7630296,0.119710,0.000000,-9.430760,-0.014655,0.018652,-0.021850
1706613053,7630340,0.129287,0.007183,-9.414001,-0.013057,0.015455,-0.020518
1706613053,7630381,0.126893,0.007183,-9.562442,-0.011991,0.022916,-0.017853
1706613053,7630422,0.162806,-0.016759,-9.469068,-0.014389,0.016521,-0.019718
1706613053,7630464,0.110133,-0.011971,-9.473856,-0.012790,0.016254,-0.023715
1706613053,7630505,0.079009,0.002394,-9.643845,-0.014922,0.019718,-0.022383
1706613053,7630546,0.117316,-0.021548,-9.627085,-0.011191,0.021317,-0.022649
1706613053,7630587,0.160412,0.009577,-9.548077,-0.013856,0.021583,-0.021317
1706613053,7630631,0.100556,-0.040701,-9.583989,-0.014922,0.018919,-0.017853
1706613053,7630672,0.124498,0.004788,-9.430760,-0.014655,0.018119,-0.025047
1706613053,7630713,0.095768,0.007183,-9.739613,-0.012257,0.015721,-0.022916
1706613053,7630755,0.095768,-0.002394,-9.476251,-0.012524,0.019452,-0.022116
1706613053,7630796,0.114922,0.002394,-9.490616,-0.013856,0.015988,-0.021583
1706613053,7630837,0.126893,-0.021548,-9.366117,-0.013590,0.019452,-0.019452
1706613053,7630881,0.090980,-0.023942,-9.586384,-0.014922,0.015721,-0.019718
1706613053,7630922,0.153229,-0.002394,-9.466674,-0.014123,0.020251,-0.019452
1706613053,7630963,0.062249,-0.011971,-9.583989,-0.012257,0.015988,-0.026113
1706613054,7631005,0.160412,0.000000,-9.516952,-0.012790,0.016787,-0.022383
1706613054,7631046,0.076614,-0.009577,-9.466674,-0.014655,0.015455,-0.022916
1706613054,7631087,0.083797,-0.014365,-9.521740,-0.009593,0.019985,-0.022116
1706613054,7631129,0.134075,0.033519,-9.416395,-0.014655,0.015721,-0.022383
1706613054,7631172,0.131681,0.000000,-9.548077,-0.010126,0.019185,-0.020251
1706613054,7631214,0.107739,0.007183,-9.423578,-0.013590,0.018386,-0.022116
1706613054,7631255,0.088585,-0.009577,-9.605537,-0.013590,0.017853,-0.020251
1706613054,7631296,0.119710,-0.031125,-9.478644,-0.014389,0.014123,-0.021850
1706613054,7631337,0.105345,-0.040701,-9.521740,-0.013323,0.015721,-0.019718
1706613054,7631379,0.169988,0.009577,-9.445126,-0.015455,0.019185,-0.020784
1706613054,7631420,0.038307,0.031125,-9.504981,-0.015188,0.018119,-0.023449
1706613054,7631464,0.110133,-0.004788,-9.502586,-0.013856,0.018652,-0.021850
1706613054,7631505,0.064643,-0.026336,-9.481039,-0.014389,0.020251,-0.022116
1706613054,7631546,0.126893,-0.019154,-9.464279,-0.011724,0.016521,-0.022916
1706613054,7631588,0.088585,-0.062249,-9.583989,-0.013323,0.015455,-0.022383
1706613054,7631629,0.193930,0.023942,-9.540894,-0.014389,0.019452,-0.021051
1706613054,7631670,0.124498,0.009577,-9.490616,-0.014922,0.017320,-0.020518
1706613054,7631714,0.122104,-0.009577,-9.540894,-0.009326,0.021051,-0.020784
1706613054,7631756,0.086191,0.035913,-9.473856,-0.015721,0.015988,-0.018919
1706613054,7631797,0.052672,-0.011971,-9.469068,-0.014389,0.015721,-0.022916
1706613054,7631838,0.114922,0.021548,-9.519346,-0.014389,0.018386,-0.019718
1706613054,7631879,0.083797,-0.043096,-9.409213,-0.012257,0.015188,-0.020784
1706613054,7631921,0.105345,0.002394,-9.572019,-0.015188,0.019718,-0.024248
1706613054,7631962,0.122104,-0.016759,-9.466674,-0.011724,0.021051,-0.021850
1706613055,7632006,0.105345,-0.031125,-9.603143,-0.014389,0.015721,-0.018386
1706613055,7632047,0.055067,-0.019154,-9.500193,-0.012790,0.017054,-0.021317
1706613055,7632088,0.071826,-0.026336,-9.526528,-0.013856,0.020784,-0.022116
1706613055,7632129,0.102951,-0.016759,-9.514558,-0.014123,0.017320,-0.020518
1706613055,7632171,0.095768,-0.062249,-9.536105,-0.013856,0.018919,-0.021850
1706613055,7632212,0.069432,0.028730,-9.473856,-0.011191,0.018652,-0.019185
1706613055,7632253,0.095768,-0.009577,-9.504981,-0.014922,0.022383,-0.021317
1706613055,7632297,0.098162,0.009577,-9.586384,-0.013856,0.019185,-0.022383
1706613055,7632338,0.146046,0.038307,-9.473856,-0.014123,0.016787,-0.019718
1706613055,7632379,0.090980,-0.002394,-9.619903,-0.013856,0.017054,-0.021051
1706613055,7632421,0.119710,-0.081403,-9.481039,-0.012790,0.015721,-0.022383
1706613055,7632462,0.122104,-0.009577,-9.595961,-0.013590,0.019185,-0.022916
1706613055,7632503,0.107739,0.043096,-9.490616,-0.013590,0.013590,-0.020784
1706613055,7632555,0.112527,-0.043096,-9.536105,-0.012524,0.017054,-0.021317
1706613055,7632597,0.119710,-0.016759,-9.509769,-0.015188,0.019718,-0.023449
1706613055,7632637,0.131681,0.002394,-9.528923,-0.014922,0.017853,-0.022649
1706613055,7632678,0.064643,0.026336,-9.442732,-0.012790,0.017853,-0.022916
1706613055,7632719,0.074220,-0.067038,-9.538500,-0.012257,0.015721,-0.021317
1706613055,7632760,0.067038,-0.014365,-9.528923,-0.012524,0.012257,-0.022383
1706613055,7632801,0.134075,-0.004788,-9.526528,-0.013856,0.016254,-0.024248
1706613055,7632844,0.134075,0.009577,-9.543288,-0.014389,0.017320,-0.018919
1706613055,7632885,0.148441,-0.021548,-9.509769,-0.013856,0.022916,-0.023182
1706613055,7632926,0.093374,-0.009577,-9.464279,-0.015988,0.019718,-0.023449
1706613055,7632967,0.138864,0.011971,-9.411607,-0.013856,0.017853,-0.021317
1706613056,7633008,0.136469,0.009577,-9.375694,-0.014922,0.021051,-0.024248
1706613056,7633049,0.083797,-0.021548,-9.423578,-0.013856,0.019185,-0.022649
1706613056,7633090,0.122104,-0.057461,-9.454702,-0.015988,0.014389,-0.022116
1706613056,7633134,0.093374,-0.028730,-9.423578,-0.015721,0.015988,-0.019185
1706613056,7633175,0.162806,-0.009577,-9.497798,-0.012790,0.018119,-0.020251
1706613056,7633216,0.086191,-0.026336,-9.481039,-0.015188,0.017853,-0.021317
1706613056,7633257,0.095768,0.021548,-9.442732,-0.011991,0.021051,-0.022383
1706613056,7633298,0.064643,-0.028730,-9.519346,-0.010925,0.022383,-0.023182
1706613056,7633339,0.112527,-0.023942,-9.564836,-0.013057,0.016787,-0.019185
1706613056,7633382,0.143652,-0.035913,-9.545682,-0.013057,0.019985,-0.022116
1706613056,7633423,0.079009,0.033519,-9.459491,-0.013323,0.018652,-0.020784
1706613056,7633464,0.095768,-0.069432,-9.483433,-0.013590,0.016521,-0.021850
1706613056,7633505,0.076614,-0.033519,-9.469068,-0.015455,0.020251,-0.022916
1706613056,7633546,0.059855,0.026336,-9.423578,-0.015188,0.016521,-0.020784
1706613056,7633587,0.079009,-0.047884,-9.430760,-0.014922,0.015988,-0.021051
1706613056,7633628,0.122104,0.038307,-9.543288,-0.012257,0.014389,-0.021583
1706613056,7633671,0.136469,-0.031125,-9.526528,-0.013590,0.016787,-0.021317
1706613056,7633712,0.122104,-0.011971,-9.409213,-0.015721,0.016254,-0.020251
1706613056,7633753,0.083797,-0.002394,-9.325416,-0.013057,0.017853,-0.019718
1706613056,7633794,0.150835,-0.011971,-9.378088,-0.013323,0.019718,-0.020251
1706613056,7633835,0.126893,0.019154,-9.416395,-0.012257,0.020784,-0.021850
1706613056,7633876,0.110133,-0.093374,-9.524135,-0.012524,0.016521,-0.019452
1706613056,7633917,0.105345,0.007183,-9.576807,-0.014389,0.015721,-0.022383
1706613056,7633961,0.095768,-0.016759,-9.509769,-0.014123,0.018119,-0.020518
1706613057,7634002,0.067038,0.021548,-9.447520,-0.013057,0.018652,-0.021317
1706613057,7634043,0.129287,-0.028730,-9.545682,-0.014123,0.018652,-0.021583
1706613057,7634084,0.069432,-0.004788,-9.469068,-0.013856,0.017587,-0.022916
1706613057,7634125,0.088585,-0.004788,-9.473856,-0.012790,0.015988,-0.024248
1706613057,7634166,0.114922,0.011971,-9.595961,-0.016254,0.018652,-0.021583
1706613057,7634209,0.134075,-0.026336,-9.457097,-0.012790,0.018119,-0.021051
1706613057,7634250,0.086191,-0.004788,-9.504981,-0.014655,0.019185,-0.018919
1706613057,7634291,0.141258,0.019154,-9.516952,-0.013856,0.015455,-0.019452
1706613057,7634332,0.141258,-0.086191,-9.516952,-0.015455,0.017054,-0.022649
1706613057,7634373,0.098162,0.007183,-9.509769,-0.009593,0.016521,-0.023715
1706613057,7634414,0.031125,-0.076614,-9.605537,-0.013323,0.016787,-0.017587
1706613057,7634455,0.102951,0.031125,-9.538500,-0.013856,0.016521,-0.021583
1706613057,7634499,0.076614,-0.045490,-9.483433,-0.015188,0.016254,-0.021583
1706613057,7634539,0.122104,-0.016759,-9.497798,-0.015988,0.018652,-0.021317
1706613057,7634580,0.105345,-0.031125,-9.509769,-0.013590,0.018119,-0.023449
1706613057,7634621,0.079009,0.035913,-9.507375,-0.011724,0.019452,-0.017853
1706613057,7634662,0.110133,-0.031125,-9.562442,-0.013856,0.015455,-0.020784
1706613057,7634703,0.074220,-0.019154,-9.524135,-0.013856,0.016787,-0.019185
1706613057,7634744,0.136469,-0.011971,-9.536105,-0.015455,0.012790,-0.023449
1706613057,7634788,0.057461,-0.014365,-9.409213,-0.011458,0.015988,-0.020784
1706613057,7634829,0.095768,-0.028730,-9.641450,-0.015721,0.015721,-0.019985
1706613057,7634870,0.076614,0.009577,-9.404425,-0.014123,0.018119,-0.021850
1706613057,7634911,0.102951,-0.028730,-9.548077,-0.014123,0.020518,-0.023982
1706613057,7634953,0.083797,-0.045490,-9.615114,-0.015988,0.015188,-0.024515
1706613057,7634994,0.100556,0.028730,-9.586384,-0.015455,0.019185,-0.022383
1706613058,7635035,0.162806,0.043096,-9.454702,-0.013856,0.017054,-0.016521
1706613058,7635079,0.112527,-0.019154,-9.502586,-0.013856,0.015721,-0.022916
1706613058,7635120,0.122104,-0.033519,-9.540894,-0.014655,0.016254,-0.025314
1706613058,7635161,0.095768,-0.016759,-9.574412,-0.015721,0.018119,-0.019185
1706613058,7635203,0.083797,0.000000,-9.562442,-0.011991,0.015988,-0.019452
1706613058,7635244,0.114922,-0.083797,-9.548077,-0.012524,0.018919,-0.022916
1706613058,7635285,0.052672,-0.038307,-9.447520,-0.016521,0.017054,-0.022649
1706613058,7635340,0.098162,0.026336,-9.406818,-0.011458,0.019185,-0.021051
1706613058,7635381,0.112527,0.007183,-9.442732,-0.011991,0.018386,-0.021583
1706613058,7635422,0.122104,0.014365,-9.485827,-0.013590,0.017320,-0.019718
1706613058,7635464,0.045490,-0.009577,-9.440337,-0.015455,0.015188,-0.023449
1706613058,7635505,0.081403,0.000000,-9.466674,-0.015721,0.017853,-0.020251
1706613058,7635546,0.126893,0.023942,-9.548077,-0.009859,0.017853,-0.021051
1706613058,7635587,0.119710,0.016759,-9.591172,-0.015188,0.015988,-0.020518
1706613058,7635631,0.083797,0.009577,-9.583989,-0.015988,0.012524,-0.021850
1706613058,7635672,0.146046,-0.028730,-9.629479,-0.013590,0.017853,-0.021583
1706613058,7635714,0.093374,-0.055067,-9.521740,-0.012524,0.017054,-0.019718
1706613058,7635755,0.138864,-0.019154,-9.478644,-0.012524,0.017853,-0.019985
1706613058,7635796,0.095768,-0.019154,-9.447520,-0.012524,0.020251,-0.022383
1706613058,7635838,0.057461,-0.026336,-9.631873,-0.013856,0.015988,-0.021317
1706613058,7635879,0.110133,-0.016759,-9.500193,-0.018119,0.012524,-0.018386
1706613058,7635923,0.038307,0.028730,-9.512163,-0.013590,0.018119,-0.021850
1706613058,7635964,0.050278,0.007183,-9.617508,-0.012257,0.019185,-0.018386
1706613059,7636005,0.117316,0.000000,-9.500193,-0.013323,0.017853,-0.022649
1706613059,7636046,0.067038,0.040701,-9.445126,-0.013057,0.017587,-0.021583
1706613059,7636088,0.081403,-0.045490,-9.485827,-0.014389,0.020518,-0.024781
1706613059,7636129,0.122104,-0.011971,-9.538500,-0.013590,0.018119,-0.021850
1706613059,7636173,0.086191,0.040701,-9.586384,-0.015188,0.018652,-0.021051
1706613059,7636214,0.129287,-0.009577,-9.512163,-0.012790,0.019718,-0.022916
1706613059,7636255,0.155623,0.026336,-9.550470,-0.012257,0.018652,-0.020784
1706613059,7636297,0.095768,0.011971,-9.454702,-0.013323,0.016521,-0.023449
1706613059,7636338,0.050278,-0.016759,-9.562442,-0.012257,0.018386,-0.019718
1706613059,7636379,0.021548,-0.043096,-9.514558,-0.011724,0.015988,-0.019185
1706613059,7636421,0.136469,-0.028730,-9.428367,-0.014655,0.019452,-0.020784
1706613059,7636464,0.122104,-0.019154,-9.437943,-0.010658,0.022116,-0.022116
1706613059,7636506,0.107739,0.007183,-9.459491,-0.014389,0.019718,-0.021583
1706613059,7636547,0.134075,-0.028730,-9.516952,-0.012524,0.018652,-0.018919
1706613059,7636588,0.119710,-0.038307,-9.512163,-0.013590,0.016521,-0.023982
1706613059,7636629,0.105345,-0.040701,-9.461885,-0.012524,0.014922,-0.019185
1706613059,7636671,0.138864,0.014365,-9.493010,-0.014123,0.019985,-0.018919
1706613059,7636712,0.138864,-0.031125,-9.581595,-0.013057,0.019452,-0.023182
1706613059,7636756,0.055067,-0.038307,-9.485827,-0.012790,0.017054,-0.021583
1706613059,7636797,0.122104,-0.016759,-9.490616,-0.012790,0.016521,-0.022383
1706613059,7636838,0.088585,0.016759,-9.490616,-0.013323,0.019185,-0.018119
1706613059,7636879,0.067038,0.004788,-9.514558,-0.013590,0.017320,-0.021051
1706613059,7636920,0.110133,-0.059855,-9.512163,-0.012257,0.017054,-0.019452
1706613059,7636962,0.129287,0.019154,-9.519346,-0.013856,0.015455,-0.020784
1706613060,7637013,0.136469,-0.071826,-9.519346,-0.013323,0.017320,-0.018919
1706613060,7637055,0.050278,-0.050278,-9.483433,-0.012524,0.017054,-0.022116
1706613060,7637096,0.131681,0.000000,-9.442732,-0.014655,0.015988,-0.022649
1706613060,7637137,0.064643,-0.023942,-9.639056,-0.015988,0.016521,-0.023449
1706613060,7637178,0.093374,-0.040701,-9.461885,-0.015721,0.022116,-0.021317
1706613060,7637219,0.114922,-0.045490,-9.538500,-0.014655,0.016521,-0.019185
1706613060,7637260,0.086191,-0.004788,-9.435549,-0.010658,0.021051,-0.021850
1706613060,7637303,0.131681,-0.023942,-9.531317,-0.015455,0.019452,-0.022916
1706613060,7637344,0.165200,-0.019154,-9.550470,-0.014123,0.019185,-0.023182
1706613060,7637385,0.083797,0.062249,-9.552865,-0.009859,0.018119,-0.022649
1706613060,7637426,0.150835,-0.047884,-9.651027,-0.012257,0.017587,-0.021051
1706613060,7637467,0.050278,-0.026336,-9.528923,-0.013856,0.018919,-0.023182
1706613060,7637508,0.134075,0.055067,-9.430760,-0.014655,0.018386,-0.022383
1706613060,7637549,0.110133,-0.052672,-9.459491,-0.013590,0.015988,-0.017853
1706613060,7637592,0.081403,-0.016759,-9.459491,-0.014922,0.015188,-0.019985
1706613060,7637633,0.162806,-0.002394,-9.485827,-0.016521,0.017853,-0.020518
1706613060,7637674,0.110133,-0.009577,-9.536105,-0.012790,0.015188,-0.021583
1706613060,7637715,0.067038,-0.047884,-9.533711,-0.012524,0.017320,-0.020251
1706613060,7637757,0.081403,0.074220,-9.461885,-0.014655,0.015188,-0.023449
1706613060,7637798,0.090980,0.035913,-9.560047,-0.013323,0.015988,-0.021317
1706613060,7637841,0.090980,0.019154,-9.531317,-0.013057,0.018919,-0.018919
1706613060,7637882,0.031125,-0.028730,-9.550470,-0.012524,0.016521,-0.019185
1706613060,7637923,0.064643,0.028730,-9.514558,-0.015455,0.018386,-0.020784
1706613060,7637964,0.141258,-0.052672,-9.550470,-0.013590,0.015988,-0.021051
1706613061,7638005,0.074220,-0.021548,-9.528923,-0.014922,0.017853,-0.025580
1706613061,7638046,0.083797,0.009577,-9.500193,-0.014123,0.016787,-0.022916
1706613061,7638087,0.090980,0.033519,-9.627085,-0.015188,0.019185,-0.019985
1706613061,7638130,0.143652,-0.023942,-9.586384,-0.014389,0.017054,-0.025580
1706613061,7638171,0.064643,-0.033519,-9.495404,-0.015721,0.020784,-0.020518
1706613061,7638212,0.141258,0.014365,-9.548077,-0.014123,0.017054,-0.022383
1706613061,7638253,0.045490,-0.023942,-9.567230,-0.014655,0.014389,-0.018652
1706613061,7638294,0.098162,-0.028730,-9.512163,-0.012257,0.017320,-0.019718
1706613061,7638335,0.117316,-0.043096,-9.536105,-0.014655,0.018119,-0.021850
1706613061,7638376,0.155623,-0.021548,-9.495404,-0.012257,0.019718,-0.022383
1706613061,7638420,0.074220,-0.009577,-9.500193,-0.010925,0.020518,-0.021317
1706613061,7638460,0.129287,-0.067038,-9.593566,-0.011191,0.017587,-0.023982
1706613061,7638501,0.067038,0.009577,-9.667787,-0.014123,0.016254,-0.022383
1706613061,7638542,0.126893,0.043096,-9.490616,-0.014922,0.015455,-0.020518
1706613061,7638583,0.114922,0.026336,-9.478644,-0.012257,0.014922,-0.019452
1706613061,7638624,0.141258,0.002394,-9.514558,-0.013323,0.018119,-0.022116
1706613061,7638668,0.141258,0.028730,-9.490616,-0.012524,0.018386,-0.020518
1706613061,7638709,0.088585,0.040701,-9.531317,-0.013590,0.020784,-0.022116
1706613061,7638750,0.186748,-0.040701,-9.493010,-0.014123,0.019718,-0.022116
1706613061,7638791,0.110133,-0.055067,-9.591172,-0.013057,0.018119,-0.020251
1706613061,7638832,0.026336,0.009577,-9.636662,-0.013590,0.018386,-0.019452
1706613061,7638873,0.117316,-0.047884,-9.528923,-0.013323,0.020518,-0.021583
1706613061,7638914,0.086191,-0.016759,-9.447520,-0.015988,0.015721,-0.022649
1706613061,7638957,0.138864,-0.023942,-9.476251,-0.011724,0.016787,-0.023715
1706613062,7638998,0.074220,0.069432,-9.469068,-0.011991,0.017853,-0.021850
1706613062,7639039,0.064643,0.021548,-9.574412,-0.012790,0.017320,-0.021051
1706613062,7639080,0.090980,-0.028730,-9.502586,-0.014123,0.018919,-0.022383
1706613062,7639121,0.114922,-0.093374,-9.531317,-0.015455,0.018386,-0.019985
1706613062,7639161,0.090980,-0.067038,-9.557653,-0.017054,0.018386,-0.019985
1706613062,7639202,0.086191,-0.057461,-9.576807,-0.014123,0.018119,-0.023182
1706613062,7639246,0.079009,0.009577,-9.536105,-0.012524,0.017853,-0.021051
1706613062,7639287,0.105345,-0.031125,-9.572019,-0.014922,0.018386,-0.019185
1706613062,7639328,0.107739,0.023942,-9.531317,-0.013057,0.020251,-0.018652
1706613062,7639370,0.095768,0.019154,-9.521740,-0.013590,0.017587,-0.020251
1706613062,7639411,0.107739,-0.062249,-9.528923,-0.014922,0.021051,-0.018386
1706613062,7639452,0.050278,0.033519,-9.557653,-0.010392,0.018119,-0.022649
1706613062,7639496,0.102951,0.038307,-9.533711,-0.015188,0.017587,-0.021850
1706613062,7639537,0.059855,-0.055067,-9.466674,-0.013856,0.018386,-0.020784
1706613062,7639578,0.059855,0.009577,-9.516952,-0.014922,0.017853,-0.024248
1706613062,7639620,0.124498,0.000000,-9.509769,-0.013323,0.019718,-0.023182
1706613062,7639661,0.105345,0.007183,-9.519346,-0.014389,0.019985,-0.022649
1706613062,7639702,0.057461,0.023942,-9.483433,-0.012524,0.016254,-0.021051
1706613062,7639744,0.086191,-0.045490,-9.588778,-0.015455,0.017320,-0.018919
1706613062,7639788,0.038307,0.023942,-9.540894,-0.014389,0.016521,-0.022649
1706613062,7639829,0.105345,-0.009577,-9.615114,-0.015455,0.015188,-0.018386
1706613062,7639870,0.088585,-0.059855,-9.416395,-0.012524,0.016787,-0.020784
1706613062,7639911,0.088585,0.007183,-9.538500,-0.014123,0.020518,-0.021583
1706613062,7639953,0.105345,-0.028730,-9.574412,-0.015455,0.018119,-0.021850
1706613062,7639994,0.088585,0.002394,-9.708488,-0.017054,0.020518,-0.021583
1706613063,7640035,0.129287,-0.016759,-9.572019,-0.014123,0.019452,-0.022116
1706613063,7640079,0.112527,-0.011971,-9.548077,-0.012524,0.018386,-0.019985
1706613063,7640120,0.064643,-0.019154,-9.543288,-0.014389,0.019452,-0.022649
1706613063,7640162,0.107739,0.000000,-9.560047,-0.012257,0.017320,-0.019452
1706613063,7640203,0.059855,-0.014365,-9.459491,-0.016521,0.021317,-0.020784
1706613063,7640244,0.019154,-0.019154,-9.562442,-0.011458,0.015988,-0.023715
1706613063,7640285,0.110133,-0.007183,-9.562442,-0.017320,0.020518,-0.019452
1706613063,7640327,0.126893,-0.031125,-9.610326,-0.014655,0.020518,-0.022383
1706613063,7640370,0.098162,-0.011971,-9.457097,-0.018119,0.018919,-0.022649
1706613063,7640412,0.124498,-0.011971,-9.512163,-0.013856,0.016254,-0.021317
1706613063,7640453,0.088585,0.062249,-9.447520,-0.013323,0.014655,-0.021317
1706613063,7640494,0.136469,-0.014365,-9.411607,-0.013856,0.020518,-0.022916
1706613063,7640536,0.071826,-0.040701,-9.564836,-0.014922,0.017587,-0.021583
1706613063,7640577,0.100556,-0.033519,-9.469068,-0.014922,0.017853,-0.020518
1706613063,7640621,0.124498,-0.021548,-9.464279,-0.013057,0.015455,-0.020518
1706613063,7640662,0.107739,-0.043096,-9.488221,-0.013323,0.017054,-0.023182
1706613063,7640703,0.038307,-0.067038,-9.497798,-0.013856,0.016787,-0.019452
1706613063,7640744,0.098162,0.047884,-9.521740,-0.012790,0.017587,-0.020784
1706613063,7640786,0.083797,-0.023942,-9.519346,-0.015988,0.020251,-0.020518
1706613063,7640827,0.069432,-0.052672,-9.555259,-0.013057,0.017853,-0.019718
1706613063,7640868,0.105345,-0.038307,-9.514558,-0.013590,0.021317,-0.019718
1706613063,7640912,0.052672,-0.035913,-9.459491,-0.015455,0.016787,-0.022383
1706613063,7640953,0.033519,-0.023942,-9.469068,-0.011991,0.019718,-0.022649
1706613063,7640995,0.141258,0.040701,-9.519346,-0.011991,0.017853,-0.022116
1706613064,7641036,0.129287,-0.045490,-9.576807,-0.012257,0.015455,-0.023182
1706613064,7641077,0.047884,-0.014365,-9.493010,-0.015188,0.017853,-0.020784
1706613064,7641118,0.126893,-0.019154,-9.562442,-0.015721,0.022116,-0.024515
1706613064,7641160,0.122104,-0.016759,-9.509769,-0.012257,0.017587,-0.019985
1706613064,7641203,0.069432,0.019154,-9.560047,-0.012524,0.013590,-0.025580
1706613064,7641245,0.129287,-0.009577,-9.504981,-0.014922,0.018652,-0.022916
1706613064,7641286,0.095768,0.028730,-9.536105,-0.013590,0.018652,-0.018652
1706613064,7641327,0.107739,-0.038307,-9.543288,-0.012524,0.019452,-0.020251
1706613064,7641368,0.155623,0.019154,-9.473856,-0.013590,0.016521,-0.023182
1706613064,7641410,0.107739,-0.076614,-9.521740,-0.012790,0.020518,-0.018652
1706613064,7641461,0.122104,0.016759,-9.433155,-0.013057,0.016787,-0.020251
1706613064,7641503,0.050278,0.011971,-9.540894,-0.015188,0.017587,-0.022649
1706613064,7641544,0.069432,-0.057461,-9.507375,-0.012524,0.019718,-0.022383
1706613064,7641585,0.112527,-0.007183,-9.509769,-0.013057,0.013590,-0.021317
1706613064,7641626,0.095768,-0.014365,-9.555259,-0.014123,0.017054,-0.019985
1706613064,7641667,0.117316,-0.086191,-9.574412,-0.015988,0.018119,-0.019718
1706613064,7641708,0.057461,-0.028730,-9.485827,-0.013057,0.017054,-0.020251
1706613064,7641751,0.110133,-0.004788,-9.490616,-0.013590,0.013590,-0.024515
1706613064,7641793,0.119710,-0.019154,-9.528923,-0.015988,0.015988,-0.019452
1706613064,7641834,0.095768,0.011971,-9.536105,-0.013590,0.013856,-0.021317
1706613064,7641875,0.148441,0.026336,-9.538500,-0.014389,0.017587,-0.022116
1706613064,7641916,0.162806,0.002394,-9.536105,-0.011991,0.014922,-0.021317
1706613064,7641957,0.119710,-0.074220,-9.461885,-0.013856,0.014389,-0.021850
1706613065,7641998,0.031125,-0.007183,-9.552865,-0.013323,0.014922,-0.020518
1706613065,7642041,0.086191,-0.033519,-9.552865,-0.012790,0.018119,-0.018119
1706613065,7642082,0.105345,-0.062249,-9.564836,-0.013590,0.018919,-0.022649
1706613065,7642123,0.057461,-0.035913,-9.493010,-0.011991,0.020251,-0.021051
1706613065,7642164,0.153229,-0.002394,-9.476251,-0.013323,0.017587,-0.022116
1706613065,7642205,0.126893,0.050278,-9.514558,-0.012790,0.018652,-0.023182
1706613065,7642246,0.095768,-0.014365,-9.526528,-0.012524,0.019985,-0.019985
1706613065,7642289,0.069432,-0.019154,-9.382876,-0.014922,0.019718,-0.020251
1706613065,7642330,0.146046,-0.011971,-9.423578,-0.011458,0.015188,-0.018652
1706613065,7642372,0.093374,0.000000,-9.469068,-0.012790,0.020784,-0.018652
1706613065,7642413,0.052672,-0.033519,-9.488221,-0.015188,0.018119,-0.021583
1706613065,7642454,0.114922,0.000000,-9.533711,-0.015188,0.019185,-0.023982
1706613065,7642495,0.038307,-0.009577,-9.437943,-0.013323,0.018919,-0.021850
1706613065,7642536,0.114922,0.028730,-9.509769,-0.012257,0.017587,-0.022649
1706613065,7642579,0.095768,-0.081403,-9.476251,-0.012790,0.017587,-0.018652
1706613065,7642620,0.067038,0.021548,-9.500193,-0.015988,0.015455,-0.022383
1706613065,7642661,0.146046,-0.019154,-9.557653,-0.013590,0.018652,-0.019718
1706613065,7642702,0.093374,-0.014365,-9.557653,-0.015455,0.015455,-0.022116
1706613065,7642743,0.112527,-0.007183,-9.476251,-0.015988,0.018652,-0.021317
1706613065,7642784,0.095768,-0.035913,-9.399636,-0.013323,0.016521,-0.023715
1706613065,7642825,0.090980,-0.014365,-9.469068,-0.010925,0.015721,-0.020784
1706613065,7642868,0.081403,0.031125,-9.562442,-0.013323,0.020518,-0.022116
1706613065,7642909,0.107739,-0.050278,-9.490616,-0.013590,0.015188,-0.022383
1706613065,7642950,0.131681,-0.004788,-9.550470,-0.015988,0.016521,-0.022383
1706613065,7642991,0.105345,-0.016759,-9.502586,-0.012790,0.015455,-0.021317
1706613066,7643032,0.098162,0.011971,-9.481039,-0.014123,0.017587,-0.023449
1706613066,7643073,0.136469,-0.026336,-9.430760,-0.014123,0.020518,-0.020251
1706613066,7643116,0.052672,-0.047884,-9.435549,-0.011724,0.017320,-0.020784
1706613066,7643157,0.083797,0.007183,-9.409213,-0.013057,0.018652,-0.021583
1706613066,7643198,0.098162,-0.026336,-9.457097,-0.012524,0.017054,-0.022383
1706613066,7643239,0.129287,-0.055067,-9.433155,-0.013590,0.018119,-0.023982
1706613066,7643280,0.055067,-0.038307,-9.466674,-0.013323,0.016787,-0.020518
1706613066,7643321,0.095768,-0.023942,-9.473856,-0.015188,0.017587,-0.020251
1706613066,7643362,0.057461,-0.038307,-9.464279,-0.013590,0.015721,-0.018652
1706613066,7643406,0.088585,-0.043096,-9.509769,-0.014922,0.014389,-0.022116
1706613066,7643446,0.086191,-0.028730,-9.548077,-0.013057,0.016787,-0.021850
1706613066,7643487,0.143652,0.011971,-9.531317,-0.010126,0.018919,-0.021583
1706613066,7643528,0.129287,-0.067038,-9.500193,-0.011458,0.018652,-0.019985
1706613066,7643569,0.052672,0.033519,-9.433155,-0.013057,0.018119,-0.023715
1706613066,7643610,0.122104,0.021548,-9.414001,-0.013590,0.021583,-0.022383
1706613066,7643651,0.114922,-0.074220,-9.402030,-0.015721,0.016254,-0.020784
1706613066,7643695,0.107739,-0.016759,-9.598354,-0.015188,0.018119,-0.026380
1706613066,7643736,0.093374,0.021548,-9.495404,-0.013323,0.019452,-0.023449
1706613066,7643777,0.100556,-0.026336,-9.421184,-0.013057,0.015988,-0.018652
1706613066,7643819,0.146046,-0.009577,-9.509769,-0.016254,0.017853,-0.021051
1706613066,7643860,0.067038,-0.088585,-9.500193,-0.014389,0.016254,-0.020251
1706613066,7643901,0.086191,0.016759,-9.567230,-0.012790,0.013856,-0.020784
1706613066,7643945,0.122104,0.047884,-9.627085,-0.014389,0.017320,-0.021850
1706613066,7643986,0.110133,-0.011971,-9.385271,-0.014655,0.015721,-0.021583
1706613067,7644027,0.110133,-0.004788,-9.528923,-0.013590,0.020518,-0.020251
1706613067,7644068,0.124498,-0.028730,-9.528923,-0.015721,0.014922,-0.022916
1706613067,7644110,0.141258,-0.023942,-9.447520,-0.012524,0.018652,-0.022916
1706613067,7644151,0.095768,-0.047884,-9.562442,-0.013590,0.014922,-0.017320
1706613067,7644192,0.102951,-0.007183,-9.502586,-0.011458,0.021051,-0.020784
1706613067,7644236,0.124498,-0.055067,-9.562442,-0.013856,0.016521,-0.023982
1706613067,7644277,0.095768,-0.040701,-9.500193,-0.014389,0.015188,-0.020784
1706613067,7644319,0.050278,-0.023942,-9.512163,-0.013057,0.020518,-0.020518
1706613067,7644360,0.143652,0.026336,-9.555259,-0.011991,0.016787,-0.019985
1706613067,7644401,0.050278,0.019154,-9.493010,-0.014655,0.018386,-0.020784
1706613067,7644442,0.098162,-0.023942,-9.545682,-0.013590,0.016254,-0.022116
1706613067,7644484,0.071826,-0.004788,-9.507375,-0.015721,0.017054,-0.020784
1706613067,7644528,0.090980,0.050278,-9.562442,-0.011991,0.014922,-0.021583
1706613067,7644569,0.052672,0.031125,-9.490616,-0.014389,0.019185,-0.025580
1706613067,7644610,0.071826,-0.028730,-9.579201,-0.012524,0.017853,-0.021583
1706613067,7644651,0.090980,-0.009577,-9.435549,-0.013590,0.018119,-0.021583
1706613067,7644693,0.126893,0.019154,-9.507375,-0.014389,0.016521,-0.024248
1706613067,7644734,0.093374,-0.009577,-9.464279,-0.014655,0.015455,-0.021317
1706613067,7644778,0.050278,-0.019154,-9.579201,-0.010658,0.017054,-0.021850
1706613067,7644819,0.069432,0.035913,-9.478644,-0.011191,0.019452,-0.019985
1706613067,7644860,0.043096,0.038307,-9.567230,-0.011991,0.014389,-0.017853
1706613067,7644901,0.129287,0.038307,-9.545682,-0.010658,0.017054,-0.022116
1706613067,7644943,0.150835,0.035913,-9.435549,-0.015455,0.018652,-0.021317
1706613067,7644984,0.069432,-0.021548,-9.516952,-0.016521,0.015455,-0.020518
1706613068,7645025,0.112527,-0.026336,-9.574412,-0.015721,0.018386,-0.022383
1706613068,7645069,0.129287,-0.004788,-9.497798,-0.010925,0.021051,-0.022383
1706613068,7645110,0.050278,-0.007183,-9.493010,-0.010925,0.020518,-0.023982
1706613068,7645152,0.112527,0.023942,-9.548077,-0.015188,0.017320,-0.021317
1706613068,7645193,0.129287,0.000000,-9.469068,-0.010658,0.016254,-0.022649
1706613068,7645234,0.141258,0.016759,-9.579201,-0.015188,0.016254,-0.021051
1706613068,7645275,0.076614,-0.083797,-9.490616,-0.014389,0.017320,-0.024248
1706613068,7645317,0.090980,-0.033519,-9.435549,-0.011991,0.018919,-0.022383
1706613068,7645360,0.081403,0.023942,-9.469068,-0.014389,0.015455,-0.020251
1706613068,7645402,0.165200,-0.004788,-9.449914,-0.017054,0.019985,-0.020784
1706613068,7645443,0.138864,0.000000,-9.500193,-0.014922,0.017587,-0.020518
1706613068,7645484,0.062249,0.047884,-9.490616,-0.014389,0.016254,-0.022116
1706613068,7645526,0.100556,-0.028730,-9.514558,-0.012790,0.018919,-0.022116
1706613068,7645567,0.126893,-0.007183,-9.564836,-0.014389,0.018386,-0.021317
1706613068,7645611,0.069432,-0.033519,-9.469068,-0.012790,0.018652,-0.021051
1706613068,7645652,0.174777,-0.031125,-9.548077,-0.013856,0.016787,-0.020518
1706613068,7645693,0.122104,0.035913,-9.610326,-0.012790,0.021850,-0.020251
1706613068,7645734,0.102951,0.011971,-9.631873,-0.015455,0.015455,-0.020518
1706613068,7645775,0.052672,-0.055067,-9.521740,-0.013590,0.017853,-0.026913
1706613068,7645817,0.093374,-0.009577,-9.418790,-0.015188,0.016254,-0.023982
1706613068,7645858,0.043096,0.011971,-9.457097,-0.014389,0.017054,-0.021317
1706613068,7645909,0.102951,-0.050278,-9.651027,-0.011991,0.015188,-0.018919
1706613068,7645951,0.107739,0.004788,-9.610326,-0.013856,0.014655,-0.022916
1706613068,7645992,0.112527,-0.002394,-9.550470,-0.014922,0.017587,-0.022383
1706613069,7646033,0.122104,0.004788,-9.528923,-0.013590,0.015455,-0.024248
1706613069,7646074,0.153229,0.016759,-9.514558,-0.013323,0.017587,-0.021317
1706613069,7646115,0.093374,-0.040701,-9.543288,-0.010925,0.017320,-0.024248
1706613069,7646156,0.090980,-0.038307,-9.502586,-0.013590,0.019718,-0.020518
1706613069,7646199,0.117316,0.002394,-9.469068,-0.014655,0.015721,-0.022116
1706613069,7646240,0.093374,0.031125,-9.567230,-0.013590,0.018652,-0.021583
1706613069,7646281,0.107739,0.028730,-9.516952,-0.013590,0.013057,-0.019452
1706613069,7646322,0.110133,0.011971,-9.521740,-0.011191,0.018652,-0.021317
1706613069,7646363,0.124498,-0.069432,-9.524135,-0.013057,0.015721,-0.019718
1706613069,7646404,0.112527,-0.064643,-9.481039,-0.011191,0.015988,-0.021583
1706613069,7646448,0.129287,-0.011971,-9.466674,-0.012524,0.019985,-0.019985
1706613069,7646489,0.112527,0.016759,-9.495404,-0.012524,0.016787,-0.019185
1706613069,7646530,0.093374,0.057461,-9.524135,-0.011991,0.017320,-0.020251
1706613069,7646571,0.126893,-0.033519,-9.497798,-0.015455,0.015721,-0.021850
1706613069,7646612,0.122104,-0.028730,-9.516952,-0.014922,0.016521,-0.021850
1706613069,7646653,0.102951,0.007183,-9.464279,-0.015988,0.015988,-0.021583
1706613069,7646694,0.055067,-0.011971,-9.442732,-0.012524,0.014922,-0.022116
1706613069,7646737,0.100556,0.033519,-9.528923,-0.014655,0.020251,-0.020784
1706613069,7646778,0.081403,0.009577,-9.476251,-0.011991,0.016521,-0.018119
1706613069,7646819,0.069432,0.009577,-9.507375,-0.014655,0.016254,-0.019718
1706613069,7646860,0.069432,-0.023942,-9.445126,-0.012790,0.019718,-0.022649
1706613069,7646901,0.090980,-0.033519,-9.473856,-0.013323,0.016787,-0.018652
1706613069,7646942,0.093374,-0.057461,-9.562442,-0.014655,0.017054,-0.021850
1706613069,7646983,0.114922,-0.040701,-9.493010,-0.014123,0.020518,-0.021317
1706613070,7647026,0.088585,-0.043096,-9.437943,-0.013323,0.017054,-0.020784
1706613070,7647067,0.095768,-0.050278,-9.380483,-0.013323,0.015455,-0.020784
1706613070,7647108,0.095768,-0.026336,-9.617508,-0.013590,0.015188,-0.022383
1706613070,7647149,0.107739,-0.019154,-9.572019,-0.012524,0.014922,-0.020784
1706613070,7647190,0.150835,0.002394,-9.543288,-0.010925,0.016521,-0.020518
1706613070,7647231,0.146046,0.031125,-9.459491,-0.015188,0.017587,-0.020784
1706613070,7647272,0.169988,-0.059855,-9.583989,-0.015455,0.019452,-0.022116
1706613070,7647316,0.081403,-0.059855,-9.583989,-0.014389,0.018119,-0.021583
1706613070,7647356,0.093374,-0.023942,-9.569624,-0.014922,0.022383,-0.022916
1706613070,7647397,0.150835,0.023942,-9.502586,-0.012257,0.014655,-0.022116
1706613070,7647439,0.069432,-0.069432,-9.524135,-0.013590,0.018119,-0.020251
1706613070,7647480,0.102951,-0.105345,-9.485827,-0.014389,0.019185,-0.019718
1706613070,7647521,0.136469,-0.028730,-9.440337,-0.013057,0.017054,-0.017587
1706613070,7647564,0.169988,0.050278,-9.466674,-0.013323,0.015455,-0.021850
1706613070,7647605,0.100556,-0.014365,-9.548077,-0.014389,0.018652,-0.020251
1706613070,7647646,0.122104,0.002394,-9.548077,-0.012790,0.020251,-0.020784
1706613070,7647687,0.069432,-0.028730,-9.560047,-0.011191,0.013856,-0.019718
1706613070,7647728,0.059855,-0.031125,-9.576807,-0.015721,0.021051,-0.021317
1706613070,7647769,0.105345,-0.023942,-9.521740,-0.013590,0.015188,-0.019718
1706613070,7647810,0.134075,-0.052672,-9.452309,-0.014922,0.015455,-0.020251
1706613070,7647853,0.043096,-0.031125,-9.533711,-0.011458,0.018652,-0.021317
1706613070,7647894,0.110133,-0.014365,-9.583989,-0.012257,0.019718,-0.019452
1706613070,7647935,0.086191,-0.040701,-9.399636,-0.013856,0.019185,-0.021583
1706613070,7647976,0.083797,-0.004788,-9.557653,-0.016787,0.017320,-0.022383
1706613071,7648017,0.112527,-0.043096,-9.538500,-0.009859,0.017320,-0.022383
1706613071,7648058,0.035913,0.021548,-9.514558,-0.013590,0.014922,-0.021051
1706613071,7648099,0.014365,0.021548,-9.500193,-0.012790,0.017054,-0.021850
1706613071,7648142,0.105345,-0.038307,-9.488221,-0.013057,0.017320,-0.020518
1706613071,7648184,0.114922,-0.028730,-9.471462,-0.016254,0.018919,-0.021051
1706613071,7648225,0.040701,-0.007183,-9.469068,-0.013856,0.017853,-0.021850
1706613071,7648266,0.198719,-0.009577,-9.445126,-0.012257,0.019985,-0.022116
1706613071,7648307,0.102951,-0.045490,-9.500193,-0.012524,0.015988,-0.020784
1706613071,7648349,0.138864,0.002394,-9.449914,-0.015721,0.023982,-0.023182
1706613071,7648392,0.055067,-0.002394,-9.524135,-0.015188,0.018119,-0.018119
1706613071,7648434,0.100556,-0.028730,-9.572019,-0.013590,0.014922,-0.022383
1706613071,7648475,0.047884,-0.031125,-9.466674,-0.013323,0.021317,-0.021583
1706613071,7648517,0.148441,0.021548,-9.557653,-0.014922,0.012790,-0.021850
1706613071,7648558,0.143652,-0.045490,-9.521740,-0.011191,0.013323,-0.023449
1706613071,7648599,0.100556,-0.009577,-9.574412,-0.011724,0.016254,-0.022649
1706613071,7648640,0.129287,-0.028730,-9.538500,-0.012524,0.017320,-0.021317
1706613071,7648684,0.112527,-0.062249,-9.519346,-0.010658,0.018652,-0.019452
1706613071,7648726,0.088585,-0.045490,-9.555259,-0.013590,0.020518,-0.022649
1706613071,7648767,0.150835,0.067038,-9.435549,-0.015188,0.019452,-0.020518
1706613071,7648808,0.102951,-0.007183,-9.543288,-0.015988,0.017587,-0.019718
1706613071,7648849,0.100556,-0.016759,-9.598354,-0.011991,0.018119,-0.023449
1706613071,7648891,0.129287,-0.043096,-9.516952,-0.014655,0.015188,-0.019452
1706613071,7648932,0.141258,-0.088585,-9.610326,-0.012524,0.017853,-0.022383
1706613071,7648976,0.158017,0.026336,-9.531317,-0.011724,0.017853,-0.023715
1706613072,7649017,0.148441,-0.019154,-9.560047,-0.017054,0.019185,-0.020784
1706613072,7649058,0.110133,-0.059855,-9.557653,-0.011991,0.016254,-0.020251
1706613072,7649100,0.050278,0.074220,-9.409213,-0.015455,0.014389,-0.020784
1706613072,7649141,0.117316,0.021548,-9.631873,-0.015188,0.021850,-0.019185
1706613072,7649182,0.122104,-0.021548,-9.521740,-0.011991,0.017054,-0.021317
1706613072,7649226,0.158017,0.009577,-9.478644,-0.014922,0.018652,-0.019985
1706613072,7649267,0.138864,0.011971,-9.471462,-0.011458,0.016521,-0.023449
1706613072,7649309,0.136469,0.014365,-9.428367,-0.014922,0.021583,-0.019185
1706613072,7649350,0.083797,-0.004788,-9.437943,-0.011458,0.019185,-0.018919
1706613072,7649391,0.093374,-0.026336,-9.464279,-0.014922,0.020518,-0.022116
1706613072,7649433,0.076614,0.007183,-9.378088,-0.011458,0.019718,-0.020784
1706613072,7649474,0.064643,-0.028730,-9.449914,-0.014389,0.020251,-0.019452
1706613072,7649518,0.090980,-0.007183,-9.478644,-0.012257,0.016254,-0.022383
1706613072,7649559,0.090980,-0.016759,-9.574412,-0.015188,0.013856,-0.019985
1706613072,7649601,0.141258,-0.028730,-9.481039,-0.011991,0.015455,-0.021051
1706613072,7649642,0.134075,-0.023942,-9.469068,-0.011724,0.019718,-0.022116
1706613072,7649683,0.102951,0.014365,-9.526528,-0.013323,0.016787,-0.020784
1706613072,7649724,0.119710,-0.016759,-9.528923,-0.013057,0.017853,-0.021317
1706613072,7649766,0.076614,-0.050278,-9.514558,-0.013856,0.016521,-0.022383
1706613072,7649809,0.114922,-0.019154,-9.548077,-0.013856,0.015988,-0.024248
1706613072,7649851,0.162806,0.002394,-9.447520,-0.012790,0.015455,-0.021850
1706613072,7649892,0.083797,-0.038307,-9.512163,-0.014655,0.012524,-0.022649
1706613072,7649933,0.146046,-0.035913,-9.493010,-0.011724,0.018119,-0.018919
1706613072,7649974,0.112527,-0.035913,-9.488221,-0.014922,0.017320,-0.023449
1706613073,7650016,0.150835,0.026336,-9.421184,-0.011991,0.015188,-0.021317
1706613073,7650059,0.143652,0.059855,-9.504981,-0.012790,0.017054,-0.020784
1706613073,7650101,0.076614,-0.023942,-9.524135,-0.016521,0.014123,-0.021317
1706613073,7650142,0.150835,-0.062249,-9.512163,-0.014123,0.017853,-0.022116
1706613073,7650183,0.088585,0.014365,-9.526528,-0.013057,0.016254,-0.019985
1706613073,7650224,0.102951,0.023942,-9.507375,-0.014922,0.020518,-0.019985
1706613073,7650265,0.110133,0.043096,-9.583989,-0.011458,0.018386,-0.021583
1706613073,7650307,0.083797,-0.055067,-9.459491,-0.011991,0.022916,-0.018652
1706613073,7650358,0.119710,-0.059855,-9.452309,-0.014389,0.019985,-0.019718
1706613073,7650400,0.110133,-0.021548,-9.473856,-0.013590,0.017853,-0.022116
1706613073,7650441,0.112527,0.043096,-9.639056,-0.013856,0.017853,-0.021583
1706613073,7650482,0.119710,-0.057461,-9.471462,-0.013323,0.018386,-0.021317
1706613073,7650523,0.146046,-0.016759,-9.567230,-0.013856,0.016254,-0.021583
1706613073,7650564,0.122104,0.002394,-9.516952,-0.015188,0.017054,-0.020518
1706613073,7650605,0.098162,-0.009577,-9.531317,-0.013856,0.020518,-0.022916
1706613073,7650648,0.079009,-0.011971,-9.421184,-0.013057,0.015455,-0.021850
1706613073,7650689,0.100556,-0.043096,-9.461885,-0.009859,0.018652,-0.023182
1706613073,7650730,0.102951,0.016759,-9.504981,-0.014389,0.018119,-0.022916
1706613073,7650771,0.102951,0.023942,-9.481039,-0.013323,0.017587,-0.020784
1706613073,7650812,0.059855,0.011971,-9.567230,-0.012524,0.020251,-0.020518
1706613073,7650853,0.064643,0.000000,-9.466674,-0.014123,0.015188,-0.023982
1706613073,7650896,0.081403,-0.035913,-9.636662,-0.015721,0.017587,-0.022916
1706613073,7650937,0.038307,-0.021548,-9.533711,-0.011991,0.016787,-0.021583
1706613073,7650978,0.131681,-0.011971,-9.452309,-0.011191,0.019452,-0.022116
1706613074,7651019,0.088585,0.021548,-9.469068,-0.013323,0.021583,-0.019185
1706613074,7651060,0.095768,0.038307,-9.461885,-0.013590,0.017587,-0.021583
1706613074,7651101,0.102951,0.009577,-9.533711,-0.013323,0.019452,-0.023182
1706613074,7651142,0.158017,-0.110133,-9.423578,-0.012524,0.017587,-0.020784
1706613074,7651186,0.086191,0.014365,-9.552865,-0.014123,0.019452,-0.021850
1706613074,7651226,0.086191,-0.023942,-9.639056,-0.013590,0.017587,-0.020251
1706613074,7651267,0.141258,0.000000,-9.531317,-0.008527,0.015455,-0.019985
1706613074,7651308,0.110133,-0.016759,-9.459491,-0.011724,0.019452,-0.021583
1706613074,7651349,0.155623,-0.043096,-9.641450,-0.012790,0.016254,-0.022116
1706613074,7651390,0.083797,0.038307,-9.512163,-0.013323,0.016787,-0.021583
1706613074,7651432,0.081403,0.040701,-9.512163,-0.015455,0.019718,-0.023715
1706613074,7651475,0.153229,-0.019154,-9.521740,-0.012790,0.019452,-0.023449
1706613074,7651516,0.169988,0.011971,-9.488221,-0.012524,0.019185,-0.023449
1706613074,7651557,0.083797,0.043096,-9.442732,-0.014655,0.018386,-0.019185
1706613074,7651598,0.110133,-0.016759,-9.509769,-0.013590,0.018119,-0.020784
1706613074,7651639,0.083797,-0.035913,-9.579201,-0.015188,0.018119,-0.023982
1706613074,7651680,0.122104,-0.033519,-9.526528,-0.011724,0.018119,-0.021583
1706613074,7651723,0.117316,-0.026336,-9.531317,-0.015455,0.021051,-0.019985
1706613074,7651764,0.124498,-0.026336,-9.512163,-0.012257,0.017587,-0.017853
1706613074,7651805,0.174777,0.035913,-9.581595,-0.014123,0.014655,-0.021850
1706613074,7651846,0.093374,-0.040701,-9.560047,-0.014922,0.017320,-0.021850
1706613074,7651887,0.105345,-0.038307,-9.557653,-0.014123,0.018919,-0.022383
1706613074,7651928,0.093374,0.028730,-9.466674,-0.014922,0.017587,-0.018919
1706613074,7651969,0.043096,0.031125,-9.483433,-0.013323,0.017587,-0.020251
1706613075,7652013,0.124498,0.019154,-9.519346,-0.014922,0.013856,-0.022649
1706613075,7652054,0.169988,-0.038307,-9.512163,-0.015455,0.018386,-0.021583
1706613075,7652095,0.141258,-0.016759,-9.536105,-0.013057,0.017320,-0.022116
1706613075,7652136,0.141258,-0.011971,-9.504981,-0.011724,0.019718,-0.023182
1706613075,7652177,0.095768,-0.011971,-9.560047,-0.012790,0.018386,-0.019718
1706613075,7652218,0.093374,0.004788,-9.500193,-0.015455,0.015455,-0.022649
1706613075,7652259,0.105345,0.000000,-9.425972,-0.013323,0.014123,-0.020784
1706613075,7652302,0.102951,0.011971,-9.402030,-0.011191,0.019985,-0.022649
1706613075,7652343,0.155623,-0.064643,-9.502586,-0.012524,0.019185,-0.022916
1706613075,7652384,0.129287,0.019154,-9.485827,-0.013057,0.018919,-0.021051
1706613075,7652425,0.067038,-0.002394,-9.531317,-0.016254,0.016787,-0.022116
1706613075,7652466,0.090980,-0.019154,-9.512163,-0.012790,0.022116,-0.023182
1706613075,7652507,0.038307,-0.057461,-9.521740,-0.010126,0.018119,-0.018386
1706613075,7652550,0.088585,0.028730,-9.615114,-0.012790,0.018119,-0.022383
1706613075,7652591,0.110133,0.016759,-9.454702,-0.013856,0.016254,-0.018919
1706613075,7652633,0.189142,0.074220,-9.560047,-0.014389,0.015455,-0.023182
1706613075,7652674,0.148441,0.000000,-9.540894,-0.012790,0.016254,-0.021051
1706613075,7652715,0.090980,0.002394,-9.550470,-0.011191,0.018652,-0.019185
1706613075,7652756,0.131681,-0.076614,-9.502586,-0.012257,0.020784,-0.022649
1706613075,7652797,0.129287,-0.021548,-9.442732,-0.012790,0.016787,-0.021583
1706613075,7652841,0.112527,-0.014365,-9.493010,-0.013590,0.018119,-0.019452
1706613075,7652882,0.079009,-0.033519,-9.473856,-0.013590,0.018386,-0.020784
1706613075,7652924,0.138864,-0.076614,-9.500193,-0.014389,0.017054,-0.019718
1706613075,7652965,0.107739,-0.026336,-9.504981,-0.015988,0.019985,-0.019718
1706613076,7653006,0.057461,-0.033519,-9.564836,-0.012257,0.018652,-0.018652
1706613076,7653048,0.105345,-0.007183,-9.519346,-0.015188,0.020251,-0.020518
1706613076,7653089,0.134075,0.011971,-9.495404,-0.014389,0.019985,-0.020518
1706613076,7653133,0.055067,0.031125,-9.531317,-0.012257,0.016521,-0.017853
1706613076,7653174,0.081403,-0.045490,-9.464279,-0.013856,0.019452,-0.021583
1706613076,7653215,0.067038,-0.026336,-9.502586,-0.012790,0.016787,-0.019718
1706613076,7653256,0.114922,-0.083797,-9.481039,-0.012524,0.016787,-0.021850
1706613076,7653298,0.119710,-0.007183,-9.469068,-0.011724,0.017853,-0.022649
1706613076,7653339,0.117316,0.007183,-9.495404,-0.011991,0.017853,-0.020518
1706613076,7653380,0.102951,-0.002394,-9.514558,-0.013590,0.018386,-0.020518
1706613076,7653420,0.126893,0.052672,-9.519346,-0.017320,0.014655,-0.022649
1706613076,7653462,0.126893,-0.081403,-9.526528,-0.010925,0.020251,-0.022383
1706613076,7653503,0.090980,-0.004788,-9.545682,-0.013590,0.017054,-0.021317
1706613076,7653544,0.105345,0.000000,-9.461885,-0.013057,0.014922,-0.023449
1706613076,7653585,0.057461,-0.004788,-9.464279,-0.015188,0.017853,-0.018919
1706613076,7653627,0.143652,-0.016759,-9.500193,-0.013323,0.017320,-0.020251
1706613076,7653671,0.136469,0.004788,-9.531317,-0.011724,0.020518,-0.018386
1706613076,7653712,0.069432,0.031125,-9.447520,-0.015455,0.016787,-0.022649
1706613076,7653753,0.090980,0.000000,-9.464279,-0.014389,0.019185,-0.020251
1706613076,7653794,0.076614,-0.038307,-9.516952,-0.012257,0.017853,-0.020251
1706613076,7653836,0.086191,0.014365,-9.504981,-0.013590,0.019452,-0.021051
1706613076,7653877,0.165200,-0.059855,-9.516952,-0.012524,0.019452,-0.022916
1706613076,7653918,0.117316,0.007183,-9.495404,-0.014389,0.020251,-0.019985
1706613076,7653962,0.074220,0.019154,-9.483433,-0.010658,0.018119,-0.022383
1706613077,7654003,0.138864,-0.009577,-9.521740,-0.013057,0.017320,-0.022916
1706613077,7654045,0.124498,0.014365,-9.504981,-0.014389,0.020251,-0.021583
1706613077,7654086,0.112527,-0.021548,-9.555259,-0.013323,0.018119,-0.019185
1706613077,7654127,0.076614,0.047884,-9.572019,-0.017320,0.019452,-0.022916
1706613077,7654168,0.057461,-0.047884,-9.538500,-0.013323,0.019185,-0.023182
1706613077,7654210,0.119710,-0.079009,-9.500193,-0.015188,0.019452,-0.024515
1706613077,7654253,0.110133,-0.014365,-9.457097,-0.013323,0.017853,-0.019718
1706613077,7654295,0.102951,-0.009577,-9.557653,-0.013590,0.017587,-0.018652
1706613077,7654336,0.028730,-0.016759,-9.445126,-0.016254,0.015988,-0.022383
1706613077,7654377,0.126893,0.026336,-9.548077,-0.013590,0.015988,-0.022116
1706613077,7654419,0.088585,-0.071826,-9.548077,-0.012524,0.016254,-0.022383
1706613077,7654460,0.088585,-0.014365,-9.617508,-0.013590,0.018386,-0.020518
1706613077,7654504,0.090980,-0.038307,-9.445126,-0.017054,0.018652,-0.020251
1706613077,7654545,0.136469,-0.009577,-9.670180,-0.015188,0.015721,-0.021317
1706613077,7654586,0.100556,0.002394,-9.552865,-0.013856,0.015721,-0.020518
1706613077,7654627,0.086191,-0.011971,-9.627085,-0.010126,0.015455,-0.020518
1706613077,7654669,0.141258,-0.002394,-9.627085,-0.012790,0.020518,-0.019718
1706613077,7654710,0.181959,-0.011971,-9.490616,-0.014655,0.015455,-0.021850
1706613077,7654751,0.047884,-0.045490,-9.449914,-0.013323,0.016254,-0.021317
1706613077,7654802,0.093374,-0.011971,-9.598354,-0.014123,0.017853,-0.022916
1706613077,7654844,0.059855,-0.007183,-9.490616,-0.012524,0.018119,-0.021317
1706613077,7654885,0.114922,-0.028730,-9.449914,-0.015721,0.020518,-0.020518
1706613077,7654926,0.119710,-0.038307,-9.471462,-0.014123,0.017054,-0.020251
1706613077,7654967,0.047884,0.026336,-9.593566,-0.014922,0.017853,-0.019985
1706613078,7655008,0.124498,0.043096,-9.519346,-0.014655,0.015455,-0.020784
1706613078,7655049,0.098162,-0.043096,-9.567230,-0.017320,0.020251,-0.017320
1706613078,7655092,0.124498,0.023942,-9.507375,-0.014389,0.016521,-0.021850
1706613078,7655133,0.124498,-0.059855,-9.481039,-0.014655,0.019452,-0.022916
1706613078,7655174,0.110133,-0.023942,-9.507375,-0.013057,0.017853,-0.019985
1706613078,7655215,0.062249,-0.052672,-9.425972,-0.012257,0.018652,-0.021317
1706613078,7655256,0.079009,0.007183,-9.485827,-0.012524,0.015988,-0.019718
1706613078,7655297,0.031125,-0.028730,-9.536105,-0.013590,0.015188,-0.023715
1706613078,7655341,0.079009,0.004788,-9.540894,-0.012790,0.017054,-0.021051
1706613078,7655382,0.081403,0.019154,-9.449914,-0.015188,0.021317,-0.020518
1706613078,7655423,0.131681,0.035913,-9.648633,-0.014922,0.020518,-0.022383
1706613078,7655464,0.045490,-0.004788,-9.524135,-0.012257,0.014123,-0.019452
1706613078,7655505,0.141258,-0.021548,-9.464279,-0.014389,0.016254,-0.022916
1706613078,7655546,0.076614,-0.035913,-9.469068,-0.013590,0.016521,-0.020518
1706613078,7655587,0.076614,-0.043096,-9.502586,-0.013590,0.016787,-0.021051
1706613078,7655630,0.102951,-0.004788,-9.478644,-0.012790,0.017320,-0.020784
1706613078,7655671,0.136469,-0.040701,-9.562442,-0.014655,0.016254,-0.022383
1706613078,7655712,0.126893,0.009577,-9.586384,-0.014655,0.015188,-0.022649
1706613078,7655753,0.114922,0.047884,-9.564836,-0.013856,0.018119,-0.021850
1706613078,7655795,0.095768,0.000000,-9.550470,-0.016521,0.021051,-0.019985
1706613078,7655836,0.090980,-0.007183,-9.519346,-0.014123,0.019985,-0.018919
1706613078,7655877,0.110133,-0.031125,-9.603143,-0.011458,0.015721,-0.019452
1706613078,7655920,0.110133,-0.067038,-9.550470,-0.014655,0.019185,-0.022916
1706613078,7655961,0.074220,0.002394,-9.567230,-0.016254,0.015721,-0.018919
1706613079,7656002,0.086191,0.023942,-9.442732,-0.013856,0.017320,-0.023449
1706613079,7656043,0.038307,0.019154,-9.483433,-0.011191,0.017587,-0.023982
1706613079,7656084,0.090980,-0.026336,-9.490616,-0.011724,0.015188,-0.020784
1706613079,7656125,0.100556,0.000000,-9.493010,-0.013057,0.018119,-0.022116
1706613079,7656169,0.114922,-0.033519,-9.433155,-0.015721,0.015455,-0.021850
1706613079,7656210,0.093374,-0.004788,-9.610326,-0.013323,0.018386,-0.021850
1706613079,7656251,0.052672,-0.093374,-9.442732,-0.015988,0.017587,-0.021850
1706613079,7656292,0.055067,-0.076614,-9.567230,-0.014389,0.017054,-0.019985
1706613079,7656333,0.126893,-0.014365,-9.538500,-0.016254,0.017320,-0.022649
1706613079,7656374,0.134075,0.035913,-9.425972,-0.014389,0.018919,-0.020784
1706613079,7656415,0.102951,-0.002394,-9.483433,-0.012524,0.020784,-0.019185
1706613079,7656458,0.045490,0.033519,-9.454702,-0.014389,0.016787,-0.022916
1706613079,7656510,0.167594,0.038307,-9.574412,-0.012790,0.015988,-0.020251
1706613079,7656551,0.062249,-0.047884,-9.519346,-0.013590,0.014922,-0.021583
1706613079,7656592,0.117316,-0.028730,-9.476251,-0.012524,0.015455,-0.023449
1706613079,7656633,0.112527,0.023942,-9.629479,-0.014655,0.018919,-0.022116
1706613079,7656674,0.153229,0.002394,-9.442732,-0.011458,0.013323,-0.020251
1706613079,7656715,0.031125,-0.007183,-9.526528,-0.014389,0.017320,-0.023715
1706613079,7656758,0.088585,-0.026336,-9.528923,-0.016521,0.016787,-0.021051
1706613079,7656799,0.088585,-0.033519,-9.490616,-0.017587,0.017853,-0.021583
1706613079,7656840,0.088585,-0.040701,-9.457097,-0.013856,0.013856,-0.022116
1706613079,7656880,0.100556,-0.007183,-9.588778,-0.012524,0.019185,-0.020251
1706613079,7656921,0.074220,0.002394,-9.382876,-0.014123,0.017054,-0.023449
1706613079,7656962,0.150835,-0.043096,-9.521740,-0.013856,0.015721,-0.019985
1706613080,7657006,0.129287,-0.009577,-9.507375,-0.013590,0.014655,-0.020518
1706613080,7657047,0.100556,-0.007183,-9.521740,-0.014389,0.015188,-0.019185
1706613080,7657088,0.122104,0.050278,-9.514558,-0.013856,0.016787,-0.017853
1706613080,7657130,0.122104,-0.007183,-9.603143,-0.014922,0.018119,-0.025314
1706613080,7657171,0.076614,0.007183,-9.528923,-0.015455,0.018386,-0.022649
1706613080,7657212,0.035913,0.016759,-9.572019,-0.015988,0.017054,-0.021317
1706613080,7657253,0.064643,0.052672,-9.552865,-0.013323,0.017320,-0.021317
1706613080,7657297,0.172383,-0.083797,-9.655815,-0.012790,0.016787,-0.024515
1706613080,7657338,0.122104,-0.047884,-9.677363,-0.012790,0.017587,-0.021583
1706613080,7657379,0.021548,-0.033519,-9.497798,-0.014655,0.018652,-0.018386
1706613080,7657421,0.071826,-0.033519,-9.435549,-0.017054,0.016254,-0.018119
1706613080,7657462,0.076614,-0.040701,-9.493010,-0.013856,0.018386,-0.020518
1706613080,7657503,0.141258,0.026336,-9.507375,-0.016521,0.017320,-0.021850
1706613080,7657545,0.067038,-0.062249,-9.562442,-0.011991,0.017054,-0.022649
1706613080,7657588,0.146046,-0.040701,-9.533711,-0.013323,0.017853,-0.019718
1706613080,7657630,0.112527,0.009577,-9.485827,-0.013323,0.015455,-0.021317
1706613080,7657671,0.122104,-0.009577,-9.536105,-0.013590,0.015988,-0.021051
1706613080,7657712,0.071826,-0.021548,-9.464279,-0.013323,0.017054,-0.021051
1706613080,7657754,0.102951,0.021548,-9.624691,-0.013057,0.015721,-0.021051
1706613080,7657795,0.074220,-0.047884,-9.569624,-0.014922,0.016787,-0.021317
1706613080,7657839,0.052672,0.000000,-9.414001,-0.013856,0.014655,-0.020518
1706613080,7657880,0.083797,0.014365,-9.526528,-0.013856,0.018386,-0.023449
1706613080,7657921,0.117316,-0.040701,-9.548077,-0.015188,0.016521,-0.019985
1706613080,7657963,0.119710,-0.014365,-9.512163,-0.014655,0.019718,-0.019718
1706613081,7658004,0.124498,0.045490,-9.461885,-0.011724,0.018919,-0.018919
1706613081,7658045,0.100556,-0.016759,-9.459491,-0.012524,0.018119,-0.021850
1706613081,7658086,0.114922,-0.014365,-9.557653,-0.012790,0.018386,-0.021850
1706613081,7658130,0.122104,-0.016759,-9.507375,-0.014655,0.014123,-0.022116
1706613081,7658172,0.074220,-0.023942,-9.440337,-0.014655,0.017587,-0.018119
1706613081,7658213,0.105345,-0.040701,-9.521740,-0.014123,0.015988,-0.023715
1706613081,7658254,0.088585,0.007183,-9.476251,-0.014655,0.018386,-0.018919
1706613081,7658295,0.045490,-0.040701,-9.469068,-0.012790,0.019985,-0.020784
1706613081,7658337,0.129287,-0.019154,-9.478644,-0.013057,0.018386,-0.023182
1706613081,7658378,0.160412,-0.035913,-9.624691,-0.013323,0.019718,-0.023182
1706613081,7658422,0.112527,0.007183,-9.485827,-0.013856,0.015721,-0.020518
1706613081,7658463,0.062249,-0.062249,-9.502586,-0.013323,0.018119,-0.022383
1706613081,7658504,0.047884,-0.011971,-9.488221,-0.013590,0.017587,-0.019718
1706613081,7658546,0.067038,0.021548,-9.607931,-0.015988,0.016787,-0.022916
1706613081,7658587,0.062249,-0.028730,-9.581595,-0.012790,0.017587,-0.022116
1706613081,7658628,0.033519,-0.035913,-9.519346,-0.013590,0.017853,-0.019985
1706613081,7658672,0.117316,-0.052672,-9.533711,-0.013057,0.014655,-0.020784
1706613081,7658713,0.069432,-0.040701,-9.485827,-0.014123,0.015721,-0.022916
1706613081,7658755,0.143652,-0.062249,-9.591172,-0.013856,0.018919,-0.019718
1706613081,7658796,0.083797,-0.016759,-9.507375,-0.013856,0.018652,-0.022116
1706613081,7658837,0.169988,0.031125,-9.227253,-0.014655,0.020251,-0.018119
1706613081,7658878,0.148441,-0.031125,-9.437943,-0.013856,0.014922,-0.021051
1706613081,7658920,0.021548,-0.019154,-9.514558,-0.012257,0.019185,-0.018386
1706613081,7658963,0.150835,-0.019154,-9.447520,-0.014922,0.017587,-0.020518
1706613082,7659005,0.110133,0.059855,-9.282320,-0.013590,0.018119,-0.022383
1706613082,7659046,0.100556,0.090980,-9.414001,-0.012257,0.016254,-0.020251
1706613082,7659087,0.114922,-0.004788,-9.308656,-0.017320,0.015455,-0.020518
1706613082,7659128,0.112527,0.026336,-9.519346,-0.014389,0.018119,-0.020251
1706613082,7659169,0.165200,-0.016759,-9.533711,-0.014389,0.020518,-0.019985
1706613082,7659211,0.057461,-0.021548,-9.545682,-0.011991,0.015721,-0.021051
1706613082,7659262,0.098162,0.007183,-9.507375,-0.016254,0.016254,-0.022383
1706613082,7659304,0.134075,-0.002394,-9.610326,-0.014655,0.018919,-0.022916
1706613082,7659345,0.083797,0.004788,-9.540894,-0.013323,0.011991,-0.021583
1706613082,7659386,0.102951,0.031125,-9.423578,-0.013590,0.020518,-0.021583
1706613082,7659427,0.098162,-0.026336,-9.449914,-0.015455,0.014922,-0.023182
1706613082,7659468,0.083797,0.007183,-9.435549,-0.012257,0.015188,-0.020251
1706613082,7659511,0.067038,0.055067,-9.459491,-0.014655,0.017054,-0.020251
1706613082,7659552,0.043096,-0.028730,-9.562442,-0.010658,0.017054,-0.024781
1706613082,7659593,0.040701,-0.009577,-9.564836,-0.014922,0.015988,-0.021317
1706613082,7659634,0.107739,-0.033519,-9.488221,-0.013856,0.018119,-0.022916
1706613082,7659675,0.102951,0.002394,-9.469068,-0.011458,0.014655,-0.017587
1706613082,7659716,0.143652,-0.021548,-9.521740,-0.015455,0.015988,-0.022916
1706613082,7659757,0.169988,0.002394,-9.478644,-0.016254,0.015455,-0.022383
1706613082,7659800,0.059855,-0.043096,-9.485827,-0.011724,0.019185,-0.021317
1706613082,7659841,0.136469,-0.038307,-9.514558,-0.014389,0.019185,-0.019985
1706613082,7659882,0.117316,0.016759,-9.524135,-0.012790,0.021051,-0.022916
1706613082,7659923,0.069432,0.007183,-9.600749,-0.014655,0.018386,-0.023715
1706613082,7659965,0.055067,-0.026336,-9.521740,-0.013590,0.017853,-0.017587
1706613083,7660006,0.102951,-0.043096,-9.533711,-0.013590,0.019985,-0.020251
1706613083,7660047,0.086191,-0.019154,-9.533711,-0.014655,0.019985,-0.020784
1706613083,7660090,0.064643,0.009577,-9.478644,-0.011991,0.018919,-0.018652
1706613083,7660131,0.081403,-0.004788,-9.574412,-0.017054,0.015988,-0.019985
1706613083,7660172,0.129287,-0.002394,-9.493010,-0.011724,0.019718,-0.021317
1706613083,7660213,0.146046,-0.047884,-9.493010,-0.014123,0.016787,-0.022383
1706613083,7660254,0.079009,-0.004788,-9.574412,-0.013590,0.017587,-0.019452
1706613083,7660295,0.069432,-0.011971,-9.538500,-0.011191,0.018652,-0.018386
1706613083,7660336,0.050278,-0.043096,-9.610326,-0.015188,0.017853,-0.022116
1706613083,7660376,0.076614,0.014365,-9.536105,-0.013057,0.020784,-0.023715
1706613083,7660417,0.062249,-0.026336,-9.380483,-0.011991,0.013590,-0.018919
1706613083,7660458,0.124498,0.023942,-9.428367,-0.016254,0.020784,-0.019985
1706613083,7660499,0.090980,0.045490,-9.639056,-0.014655,0.018386,-0.019985
1706613083,7660540,0.102951,-0.016759,-9.543288,-0.014655,0.017054,-0.020784
1706613083,7660581,0.117316,-0.019154,-9.390059,-0.011724,0.016787,-0.020784
1706613083,7660624,0.090980,-0.026336,-9.574412,-0.017853,0.014123,-0.024781
1706613083,7660665,0.146046,0.033519,-9.641450,-0.012257,0.019185,-0.021317
1706613083,7660706,0.083797,0.023942,-9.459491,-0.013323,0.016521,-0.021317
1706613083,7660747,0.131681,-0.007183,-9.464279,-0.011458,0.014389,-0.021317
1706613083,7660788,0.117316,-0.045490,-9.471462,-0.015188,0.021583,-0.020251
1706613083,7660829,0.057461,-0.016759,-9.418790,-0.014123,0.018386,-0.021850
1706613083,7660870,0.153229,0.026336,-9.526528,-0.013590,0.020251,-0.023182
1706613083,7660913,0.098162,0.019154,-9.512163,-0.015721,0.017853,-0.023715
1706613083,7660954,0.102951,-0.004788,-9.538500,-0.012790,0.020784,-0.022383
1706613084,7660995,0.040701,0.002394,-9.543288,-0.013856,0.018919,-0.021850
1706613084,7661036,0.081403,-0.009577,-9.583989,-0.015455,0.020251,-0.019452
1706613084,7661077,0.112527,-0.023942,-9.557653,-0.011991,0.018919,-0.023715
1706613084,7661118,0.081403,0.000000,-9.548077,-0.016254,0.018652,-0.019452
1706613084,7661159,0.035913,-0.031125,-9.452309,-0.011724,0.014389,-0.021583
1706613084,7661202,0.069432,-0.035913,-9.473856,-0.013057,0.015988,-0.021583
1706613084,7661243,0.105345,-0.031125,-9.509769,-0.013057,0.016787,-0.021051
1706613084,7661284,0.174777,-0.050278,-9.531317,-0.014655,0.016787,-0.023982
1706613084,7661325,0.105345,0.002394,-9.490616,-0.013323,0.017054,-0.020784
1706613084,7661366,0.172383,0.009577,-9.528923,-0.010126,0.020518,-0.022916
1706613084,7661407,0.112527,-0.009577,-9.433155,-0.014389,0.018119,-0.022116
1706613084,7661450,0.090980,0.028730,-9.540894,-0.013323,0.017054,-0.021583
1706613084,7661492,0.098162,-0.014365,-9.478644,-0.015188,0.017853,-0.017587
1706613084,7661533,0.148441,0.021548,-9.516952,-0.014123,0.017054,-0.021051
1706613084,7661574,0.043096,-0.011971,-9.507375,-0.010658,0.015721,-0.020518
1706613084,7661615,0.083797,-0.009577,-9.538500,-0.014389,0.024515,-0.025047
1706613084,7661657,0.069432,0.000000,-9.409213,-0.013323,0.017587,-0.021051
1706613084,7661698,0.102951,0.009577,-9.634268,-0.012524,0.018919,-0.018919
1706613084,7661741,0.129287,-0.023942,-9.545682,-0.012790,0.021850,-0.019452
1706613084,7661783,0.102951,-0.002394,-9.524135,-0.015721,0.017587,-0.020518
1706613084,7661824,0.050278,-0.033519,-9.526528,-0.015188,0.019452,-0.025314
1706613084,7661865,0.138864,-0.026336,-9.363723,-0.013323,0.014389,-0.022116
1706613084,7661907,0.028730,-0.062249,-9.366117,-0.015721,0.017587,-0.027179
1706613084,7661948,0.086191,-0.002394,-9.445126,-0.010126,0.019718,-0.022116
1706613084,7661989,0.122104,-0.004788,-9.514558,-0.012790,0.017587,-0.022116
