timestamp,millis,AccX,AccY,AccZ,GyroX,GyroY,GyroZ
1704882739,5000574,0.102951,0.043096,-9.409213,-0.014123,0.020518,-0.021051
1704882739,5000611,0.083797,0.009577,-9.473856,-0.011724,0.016521,-0.021583
1704882739,5000645,0.050278,0.057461,-9.416395,-0.013057,0.019452,-0.022916
1704882739,5000679,0.050278,0.043096,-9.411607,-0.014922,0.017320,-0.022116
1704882739,5000714,0.023942,0.009577,-9.514558,-0.013057,0.015721,-0.021051
1704882739,5000748,0.055067,0.052672,-9.481039,-0.015188,0.014655,-0.017320
1704882739,5000782,0.031125,0.019154,-9.437943,-0.014655,0.017853,-0.022649
1704882739,5000816,0.009577,0.028730,-9.459491,-0.011724,0.015721,-0.020784
1704882739,5000860,-0.026336,-0.016759,-9.473856,-0.014655,0.017587,-0.022383
1704882739,5000895,0.014365,0.083797,-9.425972,-0.016787,0.016254,-0.022916
1704882739,5000929,0.011971,0.002394,-9.430760,-0.016787,0.017054,-0.021317
1704882739,5000963,0.000000,-0.004788,-9.366117,-0.015188,0.019452,-0.021583
1704882739,5000997,0.021548,0.069432,-9.428367,-0.012790,0.012790,-0.024515
1704882739,5001031,0.019154,0.110133,-9.433155,-0.015455,0.020518,-0.024248
1704882739,5001067,0.040701,-0.019154,-9.469068,-0.014655,0.016521,-0.023982
1704882739,5001101,0.007183,0.002394,-9.452309,-0.011724,0.018919,-0.023449
1704882739,5001135,-0.004788,0.038307,-9.392453,-0.012790,0.020518,-0.023449
1704882739,5001169,0.110133,0.067038,-9.521740,-0.015721,0.017587,-0.023715
1704882739,5001203,-0.031125,-0.050278,-9.540894,-0.013856,0.018652,-0.023182
1704882739,5001237,0.004788,0.086191,-9.339781,-0.014655,0.016787,-0.023182
1704882739,5001271,0.052672,0.035913,-9.418790,-0.014123,0.017587,-0.020784
1704882739,5001307,0.052672,-0.033519,-9.425972,-0.015988,0.014655,-0.022916
1704882739,5001341,0.110133,0.043096,-9.454702,-0.013057,0.014922,-0.021317
1704882739,5001375,0.098162,-0.016759,-9.373300,-0.015455,0.017054,-0.022116
1704882739,5001409,0.059855,-0.007183,-9.414001,-0.010925,0.018652,-0.022383
1704882739,5001443,0.040701,-0.004788,-9.569624,-0.015721,0.019452,-0.017853
1704882739,5001477,0.031125,0.047884,-9.516952,-0.014389,0.021317,-0.023982
1704882740,5001511,0.043096,0.031125,-9.454702,-0.015988,0.017320,-0.025847
1704882740,5001548,0.031125,0.062249,-9.500193,-0.013856,0.014655,-0.022116
1704882740,5001581,0.014365,0.040701,-9.543288,-0.014123,0.018119,-0.019452
1704882740,5001615,0.076614,0.016759,-9.459491,-0.014655,0.016787,-0.019452
1704882740,5001649,0.081403,0.055067,-9.538500,-0.012790,0.019718,-0.021850
1704882740,5001683,0.011971,0.016759,-9.404425,-0.010658,0.016254,-0.024515
1704882740,5001717,0.007183,0.007183,-9.411607,-0.014389,0.013323,-0.020518
1704882740,5001751,-0.102951,0.035913,-9.421184,-0.011724,0.018652,-0.022649
1704882740,5001788,0.110133,-0.014365,-9.423578,-0.013590,0.016521,-0.023182
1704882740,5001822,0.047884,-0.023942,-9.466674,-0.013590,0.018119,-0.022116
1704882740,5001856,0.050278,0.009577,-9.442732,-0.014123,0.016521,-0.020518
1704882740,5001889,0.107739,0.031125,-9.519346,-0.014389,0.020518,-0.020784
1704882740,5001923,-0.004788,0.021548,-9.409213,-0.016521,0.019985,-0.019718
1704882740,5001957,0.033519,-0.004788,-9.440337,-0.015188,0.020518,-0.023449
1704882740,5001994,-0.002394,-0.016759,-9.562442,-0.013856,0.021850,-0.022916
1704882740,5002028,0.011971,-0.004788,-9.540894,-0.011724,0.014123,-0.019185
1704882740,5002062,0.035913,0.043096,-9.454702,-0.013057,0.019185,-0.024248
1704882740,5002096,0.038307,0.052672,-9.521740,-0.014123,0.017853,-0.018119
1704882740,5002130,0.055067,0.009577,-9.454702,-0.011991,0.018919,-0.021317
1704882740,5002164,-0.004788,0.047884,-9.459491,-0.014123,0.015455,-0.021317
1704882740,5002197,0.021548,0.050278,-9.469068,-0.015721,0.017320,-0.021051
1704882740,5002234,0.023942,0.038307,-9.574412,-0.010126,0.018386,-0.023715
1704882740,5002268,0.102951,0.067038,-9.521740,-0.013856,0.018652,-0.020518
1704882740,5002302,0.040701,0.057461,-9.516952,-0.014123,0.019452,-0.021317
1704882740,5002336,0.067038,-0.011971,-9.430760,-0.009593,0.019985,-0.022916
1704882740,5002370,0.052672,0.035913,-9.536105,-0.015721,0.011191,-0.023982
1704882740,5002404,0.033519,0.047884,-9.485827,-0.013856,0.018386,-0.022383
1704882740,5002438,0.009577,0.047884,-9.442732,-0.012524,0.015455,-0.019985
1704882740,5002474,0.119710,0.028730,-9.447520,-0.010392,0.015988,-0.024248
1704882740,5002508,0.064643,0.052672,-9.469068,-0.014922,0.015988,-0.025047
1704882741,5002542,0.064643,0.028730,-9.464279,-0.010658,0.021583,-0.022916
1704882741,5002576,0.023942,0.019154,-9.409213,-0.014389,0.016521,-0.021850
1704882741,5002610,0.038307,-0.007183,-9.481039,-0.013590,0.016254,-0.023715
1704882741,5002643,-0.021548,0.028730,-9.440337,-0.014123,0.018919,-0.025314
1704882741,5002680,0.038307,-0.045490,-9.476251,-0.013323,0.020251,-0.021583
1704882741,5002714,-0.031125,-0.057461,-9.507375,-0.013856,0.016254,-0.022116
1704882741,5002748,0.035913,0.052672,-9.540894,-0.012790,0.018652,-0.023449
1704882741,5002782,0.081403,0.023942,-9.540894,-0.012257,0.014922,-0.019452
1704882741,5002817,0.014365,0.038307,-9.430760,-0.013590,0.017054,-0.023715
1704882741,5002851,0.031125,0.016759,-9.550470,-0.013057,0.017587,-0.023449
1704882741,5002885,0.076614,0.064643,-9.615114,-0.011724,0.017054,-0.021051
1704882741,5002922,0.057461,0.019154,-9.440337,-0.011191,0.013590,-0.023449
1704882741,5002956,0.071826,-0.009577,-9.392453,-0.010658,0.017320,-0.019985
1704882741,5002990,0.016759,-0.019154,-9.397242,-0.016254,0.012524,-0.024248
1704882741,5003024,0.076614,0.090980,-9.358934,-0.014389,0.017320,-0.020518
1704882741,5003059,0.057461,0.002394,-9.504981,-0.011191,0.018652,-0.020518
1704882741,5003093,0.055067,0.064643,-9.435549,-0.014389,0.018652,-0.023449
1704882741,5003127,0.040701,-0.026336,-9.531317,-0.012257,0.015188,-0.024515
1704882741,5003164,0.016759,0.014365,-9.437943,-0.015188,0.021317,-0.019718
1704882741,5003198,0.021548,0.038307,-9.435549,-0.014655,0.014389,-0.021317
1704882741,5003232,0.011971,0.045490,-9.478644,-0.013323,0.015988,-0.021583
1704882741,5003267,0.016759,-0.007183,-9.428367,-0.013057,0.014922,-0.022916
1704882741,5003301,-0.031125,0.038307,-9.459491,-0.009060,0.015455,-0.022116
1704882741,5003335,0.019154,0.055067,-9.452309,-0.015455,0.015455,-0.022649
1704882741,5003372,0.069432,-0.009577,-9.430760,-0.015721,0.017320,-0.021850
1704882741,5003406,0.045490,0.016759,-9.500193,-0.014123,0.019452,-0.021850
1704882741,5003440,0.105345,0.023942,-9.495404,-0.014389,0.019452,-0.022649
1704882741,5003475,0.035913,0.047884,-9.528923,-0.013057,0.017853,-0.025047
1704882742,5003509,0.043096,0.004788,-9.485827,-0.013323,0.018119,-0.021583
1704882742,5003543,0.035913,0.014365,-9.416395,-0.014389,0.014655,-0.021317
1704882742,5003578,0.050278,0.052672,-9.457097,-0.013057,0.013323,-0.022116
1704882742,5003614,0.047884,0.057461,-9.452309,-0.011724,0.019718,-0.023182
1704882742,5003649,0.098162,0.000000,-9.442732,-0.011991,0.015188,-0.023449
1704882742,5003683,0.086191,0.000000,-9.461885,-0.012524,0.020518,-0.024248
1704882742,5003717,0.031125,0.047884,-9.481039,-0.013590,0.019452,-0.022383
1704882742,5003752,0.009577,0.021548,-9.464279,-0.011191,0.016254,-0.024515
1704882742,5003786,0.057461,-0.035913,-9.500193,-0.013590,0.023449,-0.025047
1704882742,5003820,0.057461,0.009577,-9.493010,-0.013590,0.021850,-0.022383
1704882742,5003857,0.050278,0.035913,-9.418790,-0.013856,0.014123,-0.021317
1704882742,5003891,0.043096,-0.014365,-9.416395,-0.013856,0.021850,-0.022649
1704882742,5003925,0.004788,0.047884,-9.478644,-0.010925,0.015455,-0.025047
1704882742,5003960,0.016759,0.023942,-9.550470,-0.013057,0.020518,-0.023182
1704882742,5003994,0.038307,0.002394,-9.500193,-0.013590,0.018119,-0.020251
1704882742,5004028,0.043096,0.047884,-9.493010,-0.012790,0.018919,-0.023715
1704882742,5004062,0.038307,-0.023942,-9.387665,-0.013856,0.018652,-0.020251
1704882742,5004099,-0.023942,0.009577,-9.354146,-0.013856,0.013856,-0.019985
1704882742,5004133,0.038307,0.004788,-9.428367,-0.015721,0.015188,-0.023715
1704882742,5004168,0.067038,0.055067,-9.330204,-0.015455,0.017054,-0.025047
1704882742,5004202,0.059855,0.007183,-9.464279,-0.013590,0.017587,-0.020784
1704882742,5004236,0.028730,0.011971,-9.512163,-0.009859,0.018652,-0.024515
1704882742,5004271,-0.011971,0.043096,-9.433155,-0.012257,0.017853,-0.022649
1704882742,5004307,0.050278,0.014365,-9.440337,-0.012257,0.013323,-0.023982
1704882742,5004341,0.028730,-0.004788,-9.495404,-0.013856,0.020518,-0.017587
1704882742,5004376,-0.028730,0.057461,-9.435549,-0.013856,0.015988,-0.021850
1704882742,5004410,0.057461,0.050278,-9.476251,-0.011991,0.017054,-0.022383
1704882742,5004444,0.007183,0.028730,-9.562442,-0.014389,0.017320,-0.021317
1704882742,5004479,0.009577,0.038307,-9.442732,-0.012257,0.017320,-0.026380
1704882743,5004513,0.047884,-0.045490,-9.504981,-0.013057,0.017320,-0.022649
1704882743,5004557,0.028730,0.076614,-9.437943,-0.013590,0.020784,-0.022649
1704882743,5004592,0.112527,0.007183,-9.536105,-0.013856,0.016254,-0.022383
1704882743,5004626,0.014365,0.040701,-9.483433,-0.012524,0.020518,-0.020251
1704882743,5004660,0.057461,0.047884,-9.418790,-0.011991,0.016521,-0.022916
1704882743,5004694,0.114922,-0.004788,-9.390059,-0.012257,0.018652,-0.020251
1704882743,5004728,0.093374,0.000000,-9.423578,-0.013590,0.015988,-0.021583
1704882743,5004761,0.095768,0.074220,-9.385271,-0.014922,0.018386,-0.020784
1704882743,5004798,0.038307,0.129287,-9.483433,-0.012524,0.015721,-0.022383
1704882743,5004832,0.047884,-0.035913,-9.406818,-0.012524,0.016521,-0.025314
1704882743,5004866,0.043096,0.038307,-9.416395,-0.013323,0.016787,-0.020251
1704882743,5004900,0.043096,0.038307,-9.363723,-0.013856,0.014922,-0.021850
1704882743,5004933,0.019154,0.019154,-9.504981,-0.009859,0.018119,-0.022116
1704882743,5004967,0.079009,-0.016759,-9.440337,-0.012790,0.016787,-0.022116
1704882743,5005004,0.062249,0.016759,-9.473856,-0.014655,0.019718,-0.020784
1704882743,5005038,0.095768,0.002394,-9.493010,-0.014123,0.021583,-0.020251
1704882743,5005072,0.057461,0.035913,-9.442732,-0.012790,0.017320,-0.026646
1704882743,5005106,0.059855,0.002394,-9.488221,-0.013590,0.018386,-0.020784
1704882743,5005140,0.021548,0.062249,-9.421184,-0.014655,0.017054,-0.023449
1704882743,5005174,0.067038,0.009577,-9.433155,-0.013323,0.016521,-0.023182
1704882743,5005208,0.064643,0.038307,-9.406818,-0.015988,0.017853,-0.021051
1704882743,5005244,0.102951,0.064643,-9.442732,-0.013590,0.017853,-0.020251
1704882743,5005278,-0.035913,0.038307,-9.404425,-0.014123,0.022116,-0.024248
1704882743,5005312,0.031125,0.035913,-9.473856,-0.011991,0.020784,-0.023182
1704882743,5005346,0.021548,0.023942,-9.483433,-0.010658,0.016254,-0.022116
1704882743,5005380,0.014365,0.040701,-9.504981,-0.014922,0.014922,-0.024248
1704882743,5005414,0.023942,0.064643,-9.437943,-0.012790,0.020251,-0.022116
1704882743,5005448,-0.028730,0.023942,-9.493010,-0.014655,0.016521,-0.025314
1704882743,5005484,0.107739,0.083797,-9.433155,-0.013590,0.015188,-0.020784
1704882744,5005518,0.040701,0.033519,-9.471462,-0.014389,0.018919,-0.021317
1704882744,5005552,0.074220,-0.014365,-9.493010,-0.014123,0.014389,-0.023449
1704882744,5005586,0.074220,0.023942,-9.507375,-0.013590,0.016787,-0.025047
1704882744,5005620,0.057461,0.014365,-9.493010,-0.013323,0.019985,-0.021583
1704882744,5005654,0.031125,0.045490,-9.555259,-0.011991,0.015455,-0.022116
1704882744,5005688,0.114922,-0.033519,-9.452309,-0.014655,0.014123,-0.022116
1704882744,5005724,0.014365,0.021548,-9.500193,-0.013590,0.016521,-0.021051
1704882744,5005758,0.011971,0.004788,-9.488221,-0.014655,0.017853,-0.024781
1704882744,5005792,0.045490,0.033519,-9.471462,-0.013856,0.015721,-0.026113
1704882744,5005826,0.045490,0.057461,-9.442732,-0.013323,0.015721,-0.022649
1704882744,5005860,0.076614,0.045490,-9.447520,-0.016787,0.020518,-0.024248
1704882744,5005894,0.083797,0.014365,-9.538500,-0.013323,0.018919,-0.020518
1704882744,5005930,0.023942,0.007183,-9.433155,-0.015188,0.014389,-0.022116
1704882744,5005964,0.110133,0.047884,-9.469068,-0.013856,0.017587,-0.022649
1704882744,5005998,0.019154,0.059855,-9.528923,-0.011991,0.020518,-0.023982
1704882744,5006032,0.026336,-0.055067,-9.397242,-0.013590,0.018386,-0.019718
1704882744,5006066,0.059855,0.004788,-9.528923,-0.014922,0.017054,-0.019718
1704882744,5006100,0.026336,0.019154,-9.478644,-0.011458,0.017320,-0.022916
1704882744,5006134,0.023942,0.004788,-9.454702,-0.015455,0.016521,-0.023715
1704882744,5006170,0.050278,-0.040701,-9.404425,-0.012790,0.021583,-0.022383
1704882744,5006204,0.045490,0.069432,-9.425972,-0.012257,0.018119,-0.021317
1704882744,5006238,0.047884,0.028730,-9.519346,-0.015455,0.019452,-0.023715
1704882744,5006272,0.057461,0.016759,-9.399636,-0.015188,0.019452,-0.021850
1704882744,5006306,0.083797,0.023942,-9.461885,-0.014922,0.013590,-0.021850
1704882744,5006340,-0.014365,0.002394,-9.461885,-0.013856,0.017054,-0.021051
1704882744,5006374,-0.011971,0.002394,-9.548077,-0.014123,0.022916,-0.023182
1704882744,5006410,0.031125,-0.007183,-9.447520,-0.011458,0.018919,-0.021317
1704882744,5006444,0.059855,0.016759,-9.442732,-0.014655,0.018386,-0.022649
1704882744,5006479,0.026336,0.014365,-9.521740,-0.013590,0.015721,-0.020784
1704882745,5006513,0.043096,0.028730,-9.447520,-0.015721,0.018386,-0.023982
1704882745,5006547,0.014365,-0.028730,-9.385271,-0.014922,0.021583,-0.022383
1704882745,5006581,0.110133,-0.007183,-9.516952,-0.011458,0.017320,-0.021317
1704882745,5006618,0.047884,0.023942,-9.433155,-0.014123,0.017320,-0.021051
1704882745,5006652,0.055067,0.059855,-9.514558,-0.016787,0.019452,-0.024781
1704882745,5006686,0.035913,0.016759,-9.488221,-0.012524,0.019185,-0.025580
1704882745,5006721,0.045490,0.069432,-9.425972,-0.015188,0.016787,-0.023715
1704882745,5006755,-0.011971,0.028730,-9.414001,-0.011991,0.014655,-0.022383
1704882745,5006789,0.033519,0.028730,-9.471462,-0.015455,0.019718,-0.021051
1704882745,5006823,-0.004788,0.002394,-9.473856,-0.017054,0.018652,-0.022383
1704882745,5006860,-0.007183,-0.031125,-9.464279,-0.012257,0.019185,-0.023449
1704882745,5006894,0.057461,0.023942,-9.442732,-0.013590,0.015988,-0.023182
1704882745,5006929,0.064643,0.014365,-9.428367,-0.011724,0.014922,-0.025847
1704882745,5006963,0.059855,0.055067,-9.471462,-0.014389,0.019718,-0.019718
1704882745,5006997,0.062249,0.014365,-9.478644,-0.013323,0.017853,-0.023182
1704882745,5007031,0.007183,-0.023942,-9.526528,-0.010658,0.016521,-0.022116
1704882745,5007066,0.047884,-0.019154,-9.411607,-0.013590,0.017054,-0.024781
1704882745,5007102,0.050278,0.004788,-9.425972,-0.013323,0.015188,-0.022916
1704882745,5007137,0.064643,0.026336,-9.416395,-0.015721,0.014655,-0.023982
1704882745,5007171,0.062249,0.038307,-9.502586,-0.015988,0.017320,-0.019985
1704882745,5007205,0.067038,0.045490,-9.464279,-0.014655,0.020251,-0.024248
1704882745,5007239,0.069432,0.028730,-9.454702,-0.014123,0.017587,-0.020784
1704882745,5007274,0.059855,-0.016759,-9.512163,-0.015988,0.017320,-0.023449
1704882745,5007308,0.059855,0.055067,-9.493010,-0.010658,0.012524,-0.022916
1704882745,5007345,0.028730,0.014365,-9.449914,-0.013057,0.013323,-0.022649
1704882745,5007379,0.026336,0.028730,-9.445126,-0.014389,0.015188,-0.021583
1704882745,5007413,0.064643,0.055067,-9.504981,-0.011458,0.018119,-0.024781
1704882745,5007448,-0.004788,0.033519,-9.433155,-0.014389,0.016254,-0.022116
1704882745,5007482,0.007183,0.088585,-9.574412,-0.013057,0.018919,-0.024515
1704882746,5007516,0.088585,0.069432,-9.572019,-0.014389,0.019718,-0.022916
1704882746,5007553,0.007183,0.019154,-9.445126,-0.012524,0.017587,-0.020784
1704882746,5007587,0.105345,0.071826,-9.437943,-0.013323,0.018919,-0.022116
1704882746,5007621,0.083797,0.011971,-9.457097,-0.013057,0.016787,-0.021850
1704882746,5007656,0.040701,0.023942,-9.564836,-0.015188,0.019185,-0.019185
1704882746,5007690,0.064643,-0.016759,-9.454702,-0.012790,0.022116,-0.023715
1704882746,5007724,0.021548,0.026336,-9.390059,-0.014922,0.016521,-0.021051
1704882746,5007758,0.074220,0.028730,-9.536105,-0.012790,0.013323,-0.021850
1704882746,5007795,0.076614,0.079009,-9.516952,-0.014922,0.017054,-0.021317
1704882746,5007829,0.088585,-0.028730,-9.500193,-0.014123,0.018386,-0.023982
1704882746,5007864,0.074220,-0.009577,-9.514558,-0.011191,0.018386,-0.021317
1704882746,5007898,0.000000,0.000000,-9.433155,-0.011991,0.017320,-0.023182
1704882746,5007932,0.040701,0.035913,-9.516952,-0.014655,0.019185,-0.023982
1704882746,5007966,0.045490,0.038307,-9.464279,-0.011991,0.020784,-0.020251
1704882746,5008001,0.019154,-0.004788,-9.495404,-0.012524,0.022649,-0.022116
1704882746,5008037,0.002394,-0.014365,-9.440337,-0.015455,0.017587,-0.019185
1704882746,5008071,0.064643,0.028730,-9.481039,-0.014389,0.017587,-0.021317
1704882746,5008106,0.028730,0.040701,-9.373300,-0.012524,0.022649,-0.022649
1704882746,5008140,0.074220,0.016759,-9.466674,-0.013057,0.014655,-0.021317
1704882746,5008174,0.026336,0.007183,-9.423578,-0.012257,0.015455,-0.021317
1704882746,5008208,0.076614,0.038307,-9.440337,-0.014389,0.017320,-0.022916
1704882746,5008252,0.095768,0.016759,-9.423578,-0.013057,0.018919,-0.022116
1704882746,5008287,0.023942,0.055067,-9.428367,-0.011724,0.017853,-0.020784
1704882746,5008321,0.011971,0.028730,-9.437943,-0.014123,0.018919,-0.020518
1704882746,5008355,0.028730,0.064643,-9.435549,-0.014655,0.018919,-0.023982
1704882746,5008389,0.057461,0.009577,-9.397242,-0.015721,0.018386,-0.020518
1704882746,5008423,0.052672,0.050278,-9.493010,-0.012524,0.015721,-0.021850
1704882746,5008457,0.043096,-0.033519,-9.435549,-0.015188,0.018119,-0.019718
1704882746,5008493,0.043096,0.000000,-9.363723,-0.016254,0.022916,-0.021051
1704882747,5008527,0.071826,-0.055067,-9.464279,-0.014655,0.020518,-0.023715
1704882747,5008561,0.057461,-0.011971,-9.452309,-0.014123,0.017054,-0.024248
1704882747,5008595,0.026336,0.050278,-9.464279,-0.013057,0.021051,-0.023182
1704882747,5008629,0.011971,-0.035913,-9.447520,-0.014123,0.018652,-0.023715
1704882747,5008663,0.033519,0.059855,-9.469068,-0.014655,0.016254,-0.022116
1704882747,5008697,0.076614,0.038307,-9.493010,-0.014389,0.017587,-0.020784
1704882747,5008733,0.064643,0.014365,-9.430760,-0.012524,0.015455,-0.022649
1704882747,5008767,-0.019154,-0.011971,-9.421184,-0.013590,0.017587,-0.022649
1704882747,5008801,0.071826,0.009577,-9.469068,-0.013856,0.016521,-0.022649
1704882747,5008835,0.023942,0.035913,-9.488221,-0.013590,0.016254,-0.023449
1704882747,5008869,0.095768,0.002394,-9.464279,-0.013590,0.018119,-0.020251
1704882747,5008903,0.031125,0.035913,-9.442732,-0.012257,0.015988,-0.020784
1704882747,5008937,0.062249,0.002394,-9.485827,-0.011991,0.020251,-0.021317
1704882747,5008973,0.076614,0.026336,-9.449914,-0.013323,0.014389,-0.022383
1704882747,5009007,0.014365,-0.009577,-9.459491,-0.011991,0.017320,-0.021051
1704882747,5009041,0.000000,0.026336,-9.521740,-0.014389,0.017320,-0.021850
1704882747,5009075,0.074220,-0.011971,-9.471462,-0.012524,0.017054,-0.023182
1704882747,5009109,0.009577,0.038307,-9.416395,-0.012790,0.020518,-0.023182
1704882747,5009143,0.043096,-0.004788,-9.478644,-0.013057,0.018386,-0.021850
1704882747,5009180,0.064643,0.007183,-9.562442,-0.014123,0.017320,-0.022383
1704882747,5009214,-0.019154,0.074220,-9.428367,-0.011991,0.017320,-0.020784
1704882747,5009248,0.045490,0.086191,-9.368511,-0.014123,0.017054,-0.022649
1704882747,5009282,0.071826,0.021548,-9.562442,-0.014655,0.016787,-0.022916
1704882747,5009316,0.102951,0.059855,-9.428367,-0.013057,0.016787,-0.021583
1704882747,5009350,0.035913,0.009577,-9.524135,-0.013856,0.019185,-0.021850
1704882747,5009384,0.081403,-0.043096,-9.466674,-0.013323,0.018119,-0.024248
1704882747,5009420,0.071826,0.043096,-9.421184,-0.013856,0.016521,-0.021583
1704882747,5009454,0.052672,-0.016759,-9.447520,-0.012257,0.014922,-0.022916
1704882747,5009488,0.045490,0.021548,-9.516952,-0.010925,0.018119,-0.021850
1704882748,5009522,0.023942,0.002394,-9.509769,-0.012790,0.014655,-0.023182
1704882748,5009556,0.055067,0.000000,-9.473856,-0.014655,0.019718,-0.024248
1704882748,5009590,0.057461,-0.035913,-9.416395,-0.015721,0.017587,-0.023449
1704882748,5009624,0.059855,-0.016759,-9.454702,-0.013590,0.018386,-0.021850
1704882748,5009660,0.002394,0.079009,-9.416395,-0.013856,0.013057,-0.023715
1704882748,5009694,0.007183,0.050278,-9.423578,-0.011458,0.017853,-0.019452
1704882748,5009728,0.052672,0.033519,-9.433155,-0.012257,0.017320,-0.024515
1704882748,5009762,0.011971,0.062249,-9.423578,-0.014655,0.019185,-0.021583
1704882748,5009796,0.026336,0.033519,-9.485827,-0.012524,0.015988,-0.024515
1704882748,5009830,0.071826,0.050278,-9.497798,-0.014123,0.018919,-0.021850
1704882748,5009867,0.011971,0.057461,-9.447520,-0.011991,0.018652,-0.020518
1704882748,5009901,0.033519,0.055067,-9.406818,-0.011991,0.017054,-0.020784
1704882748,5009935,-0.016759,0.035913,-9.414001,-0.013057,0.016521,-0.021317
1704882748,5009968,0.062249,0.000000,-9.406818,-0.014655,0.019452,-0.021317
1704882748,5010002,0.055067,-0.033519,-9.406818,-0.014123,0.015721,-0.023182
1704882748,5010036,0.038307,0.004788,-9.406818,-0.016521,0.015188,-0.021051
1704882748,5010070,0.052672,-0.011971,-9.406818,-0.013323,0.019185,-0.023715
1704882748,5010107,0.095768,0.038307,-9.397242,-0.015455,0.012790,-0.023449
1704882748,5010141,-0.002394,0.033519,-9.399636,-0.011991,0.021583,-0.024781
1704882748,5010175,0.079009,0.045490,-9.473856,-0.011991,0.019718,-0.021583
1704882748,5010209,-0.038307,-0.014365,-9.473856,-0.012524,0.018652,-0.023982
1704882748,5010244,0.057461,-0.045490,-9.454702,-0.012790,0.018386,-0.020251
1704882748,5010278,0.023942,0.059855,-9.526528,-0.014655,0.017853,-0.022383
1704882748,5010312,-0.007183,0.028730,-9.476251,-0.013323,0.020518,-0.025580
1704882748,5010349,0.052672,-0.038307,-9.435549,-0.013590,0.014655,-0.020251
1704882748,5010383,0.047884,-0.038307,-9.409213,-0.012524,0.017320,-0.021051
1704882748,5010417,0.083797,-0.004788,-9.402030,-0.013856,0.019452,-0.023182
1704882748,5010452,0.086191,0.035913,-9.569624,-0.011458,0.018919,-0.022649
1704882748,5010486,0.076614,0.011971,-9.562442,-0.015721,0.016254,-0.021051
1704882749,5010520,0.047884,-0.014365,-9.416395,-0.010658,0.021317,-0.022383
1704882749,5010554,0.079009,0.002394,-9.452309,-0.012257,0.019452,-0.023182
1704882749,5010587,0.064643,0.050278,-9.471462,-0.014123,0.020784,-0.023449
1704882749,5010622,0.000000,0.014365,-9.478644,-0.013057,0.021317,-0.025314
1704882749,5010656,0.057461,0.059855,-9.428367,-0.014389,0.017320,-0.019452
1704882749,5010690,0.093374,0.055067,-9.464279,-0.010126,0.017054,-0.022916
1704882749,5010724,0.026336,0.026336,-9.449914,-0.010126,0.019452,-0.019452
1704882749,5010759,-0.021548,0.011971,-9.476251,-0.014655,0.018119,-0.018652
1704882749,5010795,0.004788,-0.047884,-9.548077,-0.014655,0.018919,-0.024515
1704882749,5010830,0.031125,0.011971,-9.457097,-0.014389,0.016787,-0.023182
1704882749,5010864,0.026336,0.064643,-9.521740,-0.012790,0.021051,-0.020251
1704882749,5010898,0.076614,0.002394,-9.387665,-0.014389,0.016254,-0.021317
1704882749,5010932,0.016759,-0.016759,-9.411607,-0.015188,0.020518,-0.025047
1704882749,5010967,0.035913,0.016759,-9.502586,-0.015988,0.015721,-0.021850
1704882749,5011001,0.086191,0.100556,-9.433155,-0.015455,0.019452,-0.020518
1704882749,5011038,-0.004788,0.038307,-9.509769,-0.013323,0.018652,-0.023715
1704882749,5011072,0.028730,0.016759,-9.375694,-0.013590,0.015455,-0.022116
1704882749,5011106,0.081403,-0.009577,-9.502586,-0.014655,0.015988,-0.020784
1704882749,5011140,0.033519,-0.023942,-9.478644,-0.014123,0.017054,-0.022916
1704882749,5011175,0.102951,-0.002394,-9.495404,-0.014123,0.017853,-0.019718
1704882749,5011209,0.040701,0.033519,-9.397242,-0.013856,0.021583,-0.021051
1704882749,5011243,0.079009,-0.009577,-9.454702,-0.012790,0.017054,-0.022383
1704882749,5011280,-0.007183,0.098162,-9.402030,-0.012790,0.016787,-0.020518
1704882749,5011314,0.071826,0.004788,-9.512163,-0.012257,0.014389,-0.021850
1704882749,5011348,0.052672,-0.004788,-9.560047,-0.011458,0.015455,-0.023182
1704882749,5011383,0.079009,-0.007183,-9.531317,-0.013323,0.016254,-0.019985
1704882749,5011417,0.019154,0.011971,-9.473856,-0.015455,0.013590,-0.024248
1704882749,5011451,0.043096,0.052672,-9.461885,-0.013323,0.015988,-0.023449
1704882749,5011488,0.040701,0.007183,-9.516952,-0.013856,0.015988,-0.020518
1704882750,5011522,0.057461,-0.019154,-9.349358,-0.013856,0.019985,-0.023982
1704882750,5011557,0.081403,0.016759,-9.318233,-0.014123,0.015455,-0.021317
1704882750,5011591,0.076614,0.023942,-9.437943,-0.014655,0.015188,-0.021850
1704882750,5011625,0.090980,0.038307,-9.509769,-0.013590,0.015988,-0.022383
1704882750,5011659,0.021548,0.050278,-9.430760,-0.014389,0.020251,-0.019185
1704882750,5011694,0.007183,-0.019154,-9.454702,-0.013057,0.014389,-0.021051
1704882750,5011730,0.057461,0.026336,-9.447520,-0.012257,0.020784,-0.020251
1704882750,5011765,0.064643,-0.019154,-9.476251,-0.014389,0.015721,-0.019985
1704882750,5011799,0.086191,-0.009577,-9.490616,-0.011458,0.019985,-0.021850
1704882750,5011833,0.028730,0.026336,-9.437943,-0.015721,0.016787,-0.025580
1704882750,5011867,0.050278,0.071826,-9.459491,-0.013856,0.014123,-0.022116
1704882750,5011901,0.136469,0.007183,-9.471462,-0.014655,0.017853,-0.022116
1704882750,5011936,0.021548,0.004788,-9.500193,-0.012790,0.019452,-0.021317
1704882750,5011980,0.007183,0.033519,-9.440337,-0.014655,0.018119,-0.020518
1704882750,5012015,-0.004788,0.016759,-9.459491,-0.014922,0.018386,-0.022916
1704882750,5012049,0.055067,0.019154,-9.490616,-0.013590,0.021317,-0.020518
1704882750,5012083,0.050278,-0.021548,-9.437943,-0.014922,0.018652,-0.022383
1704882750,5012117,0.062249,0.031125,-9.476251,-0.015188,0.021051,-0.024515
1704882750,5012150,0.059855,-0.009577,-9.497798,-0.014389,0.012790,-0.019985
1704882750,5012187,0.083797,0.019154,-9.411607,-0.015188,0.016521,-0.021850
1704882750,5012221,-0.014365,0.067038,-9.473856,-0.014655,0.018386,-0.021051
1704882750,5012255,0.071826,0.002394,-9.399636,-0.011458,0.016254,-0.020518
1704882750,5012289,0.016759,0.000000,-9.447520,-0.013057,0.017320,-0.023715
1704882750,5012323,0.023942,-0.035913,-9.476251,-0.015721,0.019985,-0.023982
1704882750,5012357,0.146046,-0.002394,-9.504981,-0.012524,0.018119,-0.022649
1704882750,5012390,0.045490,0.050278,-9.502586,-0.013590,0.016521,-0.023715
1704882750,5012427,0.009577,-0.021548,-9.421184,-0.017054,0.017320,-0.024781
1704882750,5012461,0.040701,0.040701,-9.495404,-0.013590,0.019185,-0.021850
1704882750,5012495,0.076614,0.014365,-9.521740,-0.012790,0.017320,-0.022916
1704882751,5012529,-0.021548,0.016759,-9.464279,-0.013590,0.019985,-0.020784
1704882751,5012563,0.043096,0.021548,-9.442732,-0.014123,0.017853,-0.024248
1704882751,5012597,0.105345,-0.016759,-9.497798,-0.014922,0.018919,-0.022649
1704882751,5012631,0.019154,0.000000,-9.454702,-0.014123,0.015455,-0.021317
1704882751,5012667,0.035913,0.021548,-9.497798,-0.015188,0.016254,-0.022916
1704882751,5012701,0.035913,0.040701,-9.404425,-0.010658,0.013856,-0.022916
1704882751,5012735,-0.002394,0.009577,-9.540894,-0.013856,0.019185,-0.023182
1704882751,5012769,0.014365,0.026336,-9.373300,-0.014123,0.018386,-0.021850
1704882751,5012803,0.105345,-0.011971,-9.402030,-0.013057,0.018652,-0.021850
1704882751,5012837,0.098162,0.057461,-9.478644,-0.014389,0.015188,-0.021051
1704882751,5012871,0.019154,0.043096,-9.536105,-0.014389,0.016787,-0.021317
1704882751,5012907,0.004788,0.098162,-9.514558,-0.013323,0.012257,-0.022116
1704882751,5012941,0.000000,0.004788,-9.440337,-0.014123,0.017587,-0.023182
1704882751,5012975,0.038307,0.038307,-9.409213,-0.013590,0.017320,-0.021317
1704882751,5013009,0.074220,0.007183,-9.394848,-0.012257,0.021850,-0.020518
1704882751,5013043,0.033519,0.043096,-9.540894,-0.015455,0.017853,-0.023982
1704882751,5013077,-0.002394,0.028730,-9.490616,-0.017054,0.018652,-0.021051
1704882751,5013113,0.086191,0.079009,-9.442732,-0.013057,0.014123,-0.022649
1704882751,5013147,0.028730,-0.009577,-9.490616,-0.014123,0.021317,-0.020251
1704882751,5013181,0.026336,0.014365,-9.433155,-0.012257,0.019185,-0.022116
1704882751,5013215,0.033519,0.043096,-9.528923,-0.014123,0.017587,-0.024515
1704882751,5013249,0.026336,0.007183,-9.425972,-0.011458,0.017587,-0.019985
1704882751,5013283,0.067038,0.059855,-9.447520,-0.013590,0.016254,-0.022116
1704882751,5013317,0.136469,0.023942,-9.526528,-0.014123,0.021317,-0.020518
1704882751,5013353,0.021548,0.043096,-9.414001,-0.009859,0.014922,-0.022916
1704882751,5013387,0.004788,0.011971,-9.495404,-0.014655,0.022916,-0.020518
1704882751,5013422,0.100556,0.009577,-9.490616,-0.014655,0.021850,-0.022649
1704882751,5013456,0.031125,-0.011971,-9.442732,-0.013323,0.022649,-0.022916
1704882751,5013489,0.031125,0.043096,-9.502586,-0.014123,0.021051,-0.023182
1704882752,5013523,-0.043096,0.023942,-9.528923,-0.011191,0.018386,-0.019718
1704882752,5013557,0.098162,0.064643,-9.521740,-0.017853,0.015455,-0.021850
1704882752,5013594,0.004788,0.040701,-9.490616,-0.013323,0.016787,-0.025047
1704882752,5013628,0.014365,-0.023942,-9.595961,-0.015988,0.017853,-0.021051
1704882752,5013661,0.093374,-0.050278,-9.519346,-0.014389,0.018652,-0.021317
1704882752,5013695,0.035913,0.043096,-9.452309,-0.015455,0.018119,-0.021317
1704882752,5013729,0.019154,-0.004788,-9.507375,-0.012790,0.015188,-0.025047
1704882752,5013763,-0.016759,-0.002394,-9.490616,-0.011191,0.017853,-0.022116
1704882752,5013799,0.090980,0.067038,-9.428367,-0.011724,0.019185,-0.026646
1704882752,5013834,-0.023942,-0.059855,-9.459491,-0.013590,0.018919,-0.022649
1704882752,5013868,0.059855,-0.002394,-9.524135,-0.013057,0.018652,-0.022383
1704882752,5013902,0.045490,0.043096,-9.435549,-0.012257,0.018919,-0.023715
1704882752,5013936,0.074220,0.023942,-9.445126,-0.014655,0.016787,-0.022116
1704882752,5013970,0.059855,0.028730,-9.430760,-0.012790,0.018652,-0.023715
1704882752,5014005,-0.040701,0.038307,-9.502586,-0.015721,0.017054,-0.021051
1704882752,5014041,0.040701,0.016759,-9.425972,-0.013856,0.013856,-0.019185
1704882752,5014076,0.083797,0.035913,-9.411607,-0.011724,0.018386,-0.021317
1704882752,5014110,0.086191,0.057461,-9.483433,-0.012524,0.018386,-0.020251
1704882752,5014144,0.007183,0.033519,-9.469068,-0.015988,0.016254,-0.023715
1704882752,5014178,0.067038,0.038307,-9.471462,-0.011991,0.018652,-0.022649
1704882752,5014213,0.074220,-0.028730,-9.459491,-0.014655,0.016787,-0.023449
1704882752,5014247,-0.023942,0.026336,-9.442732,-0.014655,0.016521,-0.022383
1704882752,5014284,0.052672,0.088585,-9.447520,-0.014655,0.017587,-0.024781
1704882752,5014318,0.019154,-0.014365,-9.469068,-0.015188,0.012524,-0.021850
1704882752,5014352,0.083797,-0.011971,-9.385271,-0.015721,0.015988,-0.023982
1704882752,5014386,0.035913,0.019154,-9.409213,-0.013323,0.011724,-0.022916
1704882752,5014421,0.043096,0.050278,-9.394848,-0.012524,0.015188,-0.022116
1704882752,5014455,0.055067,0.040701,-9.478644,-0.014922,0.015455,-0.019718
1704882752,5014492,0.031125,0.045490,-9.488221,-0.012257,0.016521,-0.020251
1704882753,5014526,0.079009,0.009577,-9.526528,-0.012790,0.019185,-0.020784
1704882753,5014560,0.083797,0.045490,-9.464279,-0.013590,0.019452,-0.021317
1704882753,5014595,0.067038,-0.026336,-9.483433,-0.015455,0.017853,-0.021051
1704882753,5014629,0.031125,0.016759,-9.406818,-0.012524,0.017320,-0.023182
1704882753,5014663,0.057461,0.004788,-9.476251,-0.011458,0.018652,-0.026913
1704882753,5014697,0.038307,-0.026336,-9.495404,-0.012790,0.018119,-0.022916
1704882753,5014734,0.007183,0.043096,-9.548077,-0.012790,0.019718,-0.022649
1704882753,5014768,0.023942,0.050278,-9.488221,-0.015188,0.015188,-0.023715
1704882753,5014803,0.062249,0.026336,-9.485827,-0.013323,0.013590,-0.026113
1704882753,5014837,0.040701,0.023942,-9.404425,-0.014123,0.011724,-0.023449
1704882753,5014871,0.079009,-0.019154,-9.459491,-0.015188,0.017320,-0.021850
1704882753,5014905,0.043096,0.014365,-9.473856,-0.012524,0.019185,-0.025314
1704882753,5014940,-0.002394,0.002394,-9.423578,-0.012257,0.015188,-0.021051
1704882753,5014976,0.064643,0.016759,-9.416395,-0.013590,0.021583,-0.020784
1704882753,5015011,0.004788,-0.004788,-9.488221,-0.016254,0.017853,-0.022383
1704882753,5015045,0.011971,0.035913,-9.402030,-0.013856,0.015988,-0.023182
1704882753,5015079,0.052672,0.014365,-9.569624,-0.012257,0.015721,-0.021583
1704882753,5015113,0.057461,0.021548,-9.428367,-0.013323,0.014922,-0.023449
1704882753,5015148,0.043096,-0.016759,-9.519346,-0.014123,0.019985,-0.022383
1704882753,5015182,0.026336,0.004788,-9.469068,-0.013590,0.018919,-0.021850
1704882753,5015219,0.079009,0.021548,-9.481039,-0.012524,0.016521,-0.023182
1704882753,5015253,0.088585,0.023942,-9.469068,-0.011458,0.019985,-0.023982
1704882753,5015287,0.031125,0.009577,-9.313444,-0.014123,0.020518,-0.020518
1704882753,5015322,0.088585,-0.014365,-9.346964,-0.014655,0.020784,-0.023449
1704882753,5015356,0.047884,0.014365,-9.497798,-0.014389,0.015455,-0.023715
1704882753,5015390,0.090980,-0.019154,-9.449914,-0.012257,0.014655,-0.023182
1704882753,5015427,0.031125,0.059855,-9.469068,-0.014655,0.017054,-0.021850
1704882753,5015461,0.045490,0.031125,-9.493010,-0.016254,0.022116,-0.022916
1704882753,5015496,0.057461,0.031125,-9.421184,-0.015188,0.014123,-0.023449
1704882754,5015530,0.023942,0.007183,-9.466674,-0.014389,0.019985,-0.024248
1704882754,5015564,0.062249,0.021548,-9.560047,-0.012790,0.021317,-0.023449
1704882754,5015598,0.069432,0.079009,-9.440337,-0.016521,0.014655,-0.023449
1704882754,5015632,0.055067,0.000000,-9.504981,-0.014123,0.017853,-0.024515
1704882754,5015677,0.052672,0.000000,-9.423578,-0.014655,0.019718,-0.021317
1704882754,5015712,0.000000,0.011971,-9.495404,-0.010925,0.013856,-0.020251
1704882754,5015746,0.009577,0.033519,-9.493010,-0.016254,0.016254,-0.022383
1704882754,5015780,0.110133,0.043096,-9.476251,-0.012790,0.017320,-0.023715
1704882754,5015814,0.019154,0.035913,-9.493010,-0.011191,0.019985,-0.023182
1704882754,5015847,-0.009577,-0.059855,-9.339781,-0.011191,0.016521,-0.023182
1704882754,5015881,0.067038,0.023942,-9.447520,-0.014389,0.018652,-0.025047
1704882754,5015918,0.004788,-0.019154,-9.430760,-0.011458,0.013590,-0.022916
1704882754,5015952,0.033519,0.000000,-9.497798,-0.010658,0.017320,-0.024248
1704882754,5015986,0.045490,0.059855,-9.512163,-0.013856,0.021051,-0.021051
1704882754,5016020,0.057461,0.028730,-9.402030,-0.013323,0.017320,-0.020784
1704882754,5016054,0.045490,-0.045490,-9.493010,-0.013323,0.019985,-0.018652
1704882754,5016088,-0.019154,-0.004788,-9.538500,-0.014922,0.014389,-0.021051
1704882754,5016135,0.031125,0.040701,-9.531317,-0.015455,0.020784,-0.021317
1704882754,5016169,0.043096,0.035913,-9.540894,-0.014389,0.018119,-0.022916
1704882754,5016203,0.021548,0.016759,-9.481039,-0.014123,0.017320,-0.025047
1704882754,5016236,0.004788,0.035913,-9.540894,-0.016254,0.019718,-0.023982
1704882754,5016270,0.038307,0.026336,-9.461885,-0.015988,0.022116,-0.023982
1704882754,5016304,0.009577,0.038307,-9.476251,-0.007994,0.014655,-0.020518
1704882754,5016338,0.057461,0.002394,-9.449914,-0.013057,0.016254,-0.023982
1704882754,5016374,0.079009,0.004788,-9.423578,-0.014123,0.016254,-0.021850
1704882754,5016409,0.093374,0.059855,-9.414001,-0.014389,0.016521,-0.021317
1704882754,5016443,0.009577,-0.002394,-9.548077,-0.013323,0.017587,-0.024781
1704882754,5016477,0.009577,0.064643,-9.294291,-0.013856,0.016254,-0.022116
1704882755,5016511,0.059855,0.050278,-9.469068,-0.014123,0.020518,-0.021850
1704882755,5016544,0.050278,0.057461,-9.440337,-0.012790,0.016521,-0.023715
1704882755,5016578,0.064643,0.074220,-9.423578,-0.016254,0.013856,-0.018386
1704882755,5016615,0.028730,0.110133,-9.423578,-0.011724,0.017587,-0.021051
1704882755,5016649,0.043096,0.023942,-9.404425,-0.013323,0.013323,-0.021850
1704882755,5016683,0.002394,0.019154,-9.478644,-0.015721,0.015988,-0.021051
1704882755,5016717,0.011971,0.076614,-9.402030,-0.013323,0.019718,-0.021850
1704882755,5016751,-0.019154,-0.016759,-9.423578,-0.016254,0.018386,-0.020518
1704882755,5016785,0.045490,0.014365,-9.437943,-0.013590,0.019985,-0.023449
1704882755,5016819,0.062249,0.016759,-9.402030,-0.012790,0.014922,-0.020784
1704882755,5016855,0.055067,0.021548,-9.445126,-0.014389,0.018919,-0.021051
1704882755,5016889,0.026336,0.016759,-9.459491,-0.014655,0.017587,-0.019985
1704882755,5016923,0.007183,0.004788,-9.464279,-0.014389,0.018119,-0.021583
1704882755,5016957,0.038307,0.014365,-9.478644,-0.015455,0.020518,-0.022383
1704882755,5016991,0.009577,0.014365,-9.378088,-0.011991,0.016521,-0.020784
1704882755,5017025,0.052672,0.026336,-9.469068,-0.016787,0.019452,-0.021051
1704882755,5017061,0.026336,0.014365,-9.457097,-0.010925,0.018119,-0.023182
1704882755,5017095,0.040701,0.016759,-9.406818,-0.014123,0.016254,-0.022383
1704882755,5017129,0.019154,0.009577,-9.485827,-0.014389,0.018386,-0.022383
1704882755,5017163,0.059855,0.007183,-9.548077,-0.015455,0.018119,-0.021583
1704882755,5017197,0.011971,0.045490,-9.435549,-0.011724,0.019718,-0.022649
1704882755,5017231,0.004788,0.059855,-9.344569,-0.013856,0.015721,-0.026646
1704882755,5017265,0.052672,0.021548,-9.514558,-0.014655,0.018652,-0.021850
1704882755,5017301,0.023942,0.038307,-9.447520,-0.013323,0.016254,-0.021051
1704882755,5017335,0.031125,0.009577,-9.445126,-0.013323,0.015721,-0.022916
1704882755,5017369,0.055067,0.045490,-9.433155,-0.014389,0.016521,-0.020518
1704882755,5017403,0.076614,0.026336,-9.490616,-0.011724,0.017320,-0.019718
1704882755,5017437,0.023942,-0.026336,-9.428367,-0.015188,0.021051,-0.021583
1704882755,5017471,0.002394,-0.004788,-9.476251,-0.014655,0.017054,-0.022916
1704882755,5017505,0.100556,0.043096,-9.461885,-0.014389,0.019985,-0.022383
1704882756,5017541,0.009577,0.059855,-9.512163,-0.014389,0.025047,-0.022383
1704882756,5017575,0.076614,-0.007183,-9.516952,-0.016254,0.019452,-0.021317
1704882756,5017609,0.035913,0.062249,-9.430760,-0.011991,0.020251,-0.023449
1704882756,5017644,0.040701,0.007183,-9.385271,-0.014389,0.016521,-0.021850
1704882756,5017678,0.033519,-0.019154,-9.536105,-0.011991,0.018652,-0.020518
1704882756,5017712,0.031125,0.031125,-9.449914,-0.009593,0.016787,-0.020518
1704882756,5017746,-0.021548,-0.031125,-9.464279,-0.014389,0.015721,-0.023182
1704882756,5017779,0.016759,0.074220,-9.414001,-0.012257,0.019985,-0.022383
1704882756,5017813,0.031125,-0.040701,-9.469068,-0.013856,0.015455,-0.021583
1704882756,5017848,0.059855,0.047884,-9.543288,-0.013057,0.021051,-0.020251
1704882756,5017882,0.009577,0.086191,-9.509769,-0.012524,0.021051,-0.022116
1704882756,5017916,0.038307,0.004788,-9.478644,-0.011724,0.017587,-0.023715
1704882756,5017950,0.002394,0.059855,-9.442732,-0.010658,0.013590,-0.021583
1704882756,5017987,0.112527,0.016759,-9.428367,-0.013323,0.015721,-0.023715
1704882756,5018021,0.031125,-0.011971,-9.526528,-0.013057,0.021051,-0.022916
1704882756,5018056,-0.026336,0.014365,-9.502586,-0.011724,0.017853,-0.020784
1704882756,5018090,0.031125,0.040701,-9.447520,-0.017587,0.018919,-0.020784
1704882756,5018124,0.019154,-0.014365,-9.442732,-0.015455,0.019452,-0.024248
1704882756,5018158,0.028730,-0.035913,-9.447520,-0.014655,0.015455,-0.022916
1704882756,5018193,0.019154,0.000000,-9.555259,-0.014389,0.018919,-0.022649
1704882756,5018229,0.045490,0.000000,-9.435549,-0.015721,0.022916,-0.023182
1704882756,5018264,0.086191,0.026336,-9.497798,-0.014389,0.017320,-0.024781
1704882756,5018298,0.026336,0.026336,-9.394848,-0.013323,0.017320,-0.024515
1704882756,5018332,0.031125,0.004788,-9.449914,-0.015188,0.020784,-0.022116
1704882756,5018366,-0.033519,0.028730,-9.478644,-0.011991,0.015988,-0.022916
1704882756,5018401,0.086191,-0.038307,-9.382876,-0.013323,0.014655,-0.019718
1704882756,5018435,0.081403,0.016759,-9.430760,-0.013590,0.017853,-0.020251
1704882756,5018472,0.026336,0.040701,-9.447520,-0.014389,0.014389,-0.022916
1704882756,5018506,0.088585,-0.045490,-9.500193,-0.012790,0.017587,-0.024248
1704882757,5018540,0.009577,0.002394,-9.495404,-0.013590,0.016521,-0.020784
1704882757,5018575,0.031125,-0.021548,-9.461885,-0.013856,0.017853,-0.021051
1704882757,5018609,0.064643,0.086191,-9.509769,-0.015721,0.016787,-0.019985
1704882757,5018643,0.050278,-0.002394,-9.445126,-0.014655,0.018119,-0.023715
1704882757,5018680,0.102951,0.021548,-9.469068,-0.012524,0.018919,-0.023449
1704882757,5018714,0.021548,-0.031125,-9.478644,-0.014123,0.015988,-0.020518
1704882757,5018748,0.064643,0.031125,-9.454702,-0.013057,0.017054,-0.021317
1704882757,5018783,0.043096,0.007183,-9.459491,-0.012790,0.013323,-0.022116
1704882757,5018817,0.067038,0.052672,-9.509769,-0.014922,0.021051,-0.025047
1704882757,5018851,0.026336,0.038307,-9.435549,-0.015988,0.017054,-0.019718
1704882757,5018885,0.028730,0.026336,-9.433155,-0.011991,0.019985,-0.022116
1704882757,5018922,0.045490,0.021548,-9.423578,-0.013057,0.015455,-0.020251
1704882757,5018956,0.095768,0.026336,-9.490616,-0.014922,0.015188,-0.021583
1704882757,5018991,0.079009,-0.004788,-9.459491,-0.012524,0.016787,-0.023182
1704882757,5019025,0.110133,0.047884,-9.493010,-0.012790,0.018652,-0.022383
1704882757,5019059,0.064643,0.007183,-9.495404,-0.013057,0.014655,-0.022916
1704882757,5019093,0.040701,0.016759,-9.555259,-0.014655,0.016521,-0.021850
1704882757,5019128,0.038307,0.035913,-9.402030,-0.013856,0.018652,-0.022916
1704882757,5019164,0.033519,0.007183,-9.485827,-0.014922,0.021051,-0.023715
1704882757,5019199,0.033519,0.035913,-9.516952,-0.015988,0.020784,-0.025047
1704882757,5019233,0.129287,0.023942,-9.440337,-0.011191,0.016254,-0.024515
1704882757,5019267,0.045490,0.038307,-9.469068,-0.012524,0.016254,-0.022383
1704882757,5019301,0.019154,0.019154,-9.433155,-0.014123,0.017320,-0.023715
1704882757,5019335,0.019154,-0.033519,-9.449914,-0.014123,0.016521,-0.022916
1704882757,5019380,0.069432,0.035913,-9.473856,-0.013323,0.015455,-0.023982
1704882757,5019415,0.069432,0.043096,-9.406818,-0.016254,0.018919,-0.021317
1704882757,5019449,0.081403,0.023942,-9.397242,-0.012790,0.018119,-0.023449
1704882757,5019483,0.079009,0.064643,-9.478644,-0.014655,0.016521,-0.021850
1704882758,5019517,-0.011971,0.043096,-9.509769,-0.012790,0.019452,-0.025314
1704882758,5019550,0.038307,0.071826,-9.416395,-0.011991,0.019985,-0.022116
1704882758,5019584,0.026336,0.019154,-9.382876,-0.014389,0.016787,-0.022116
1704882758,5019621,0.021548,0.098162,-9.454702,-0.014922,0.021583,-0.019452
1704882758,5019655,0.057461,0.002394,-9.430760,-0.011191,0.017853,-0.022916
1704882758,5019688,0.050278,0.040701,-9.452309,-0.012257,0.015988,-0.020518
1704882758,5019722,0.021548,-0.047884,-9.423578,-0.014655,0.015721,-0.021583
1704882758,5019756,0.076614,0.043096,-9.497798,-0.013057,0.021583,-0.023715
1704882758,5019790,0.043096,0.047884,-9.464279,-0.010392,0.018652,-0.022916
1704882758,5019824,0.011971,0.016759,-9.423578,-0.015188,0.015455,-0.022116
1704882758,5019861,0.064643,0.002394,-9.449914,-0.015188,0.017320,-0.021051
1704882758,5019895,0.052672,-0.019154,-9.433155,-0.013856,0.021583,-0.020784
1704882758,5019929,0.081403,0.064643,-9.569624,-0.012790,0.019452,-0.021317
1704882758,5019963,0.040701,0.014365,-9.385271,-0.014655,0.011458,-0.023449
1704882758,5019997,-0.031125,0.052672,-9.437943,-0.012790,0.017054,-0.022383
1704882758,5020031,0.011971,0.028730,-9.588778,-0.010658,0.016254,-0.021317
1704882758,5020064,0.059855,0.007183,-9.447520,-0.014922,0.014655,-0.023982
1704882758,5020101,0.009577,0.059855,-9.473856,-0.013323,0.017587,-0.023182
1704882758,5020135,0.019154,0.050278,-9.469068,-0.015188,0.014389,-0.023449
1704882758,5020169,0.119710,0.028730,-9.387665,-0.014123,0.019985,-0.022383
1704882758,5020203,0.057461,-0.014365,-9.524135,-0.014123,0.022116,-0.021850
1704882758,5020237,0.083797,-0.002394,-9.502586,-0.013590,0.023715,-0.025580
1704882758,5020271,0.069432,0.031125,-9.461885,-0.012257,0.015188,-0.022649
1704882758,5020307,0.083797,0.016759,-9.421184,-0.012524,0.018652,-0.018119
1704882758,5020341,-0.009577,0.069432,-9.433155,-0.014922,0.017320,-0.024781
1704882758,5020375,-0.031125,0.004788,-9.509769,-0.017587,0.017054,-0.025047
1704882758,5020409,0.090980,0.021548,-9.497798,-0.013856,0.016254,-0.022116
1704882758,5020443,0.067038,-0.007183,-9.478644,-0.014389,0.017320,-0.022383
1704882758,5020477,0.083797,0.016759,-9.428367,-0.014123,0.020518,-0.019718
1704882759,5020511,0.090980,0.007183,-9.519346,-0.016254,0.021583,-0.020784
1704882759,5020547,0.033519,0.079009,-9.524135,-0.012524,0.018119,-0.022916
1704882759,5020581,0.023942,0.000000,-9.473856,-0.010925,0.020251,-0.020251
1704882759,5020615,0.026336,0.019154,-9.469068,-0.015188,0.019185,-0.020251
1704882759,5020649,0.105345,0.014365,-9.481039,-0.012790,0.019185,-0.023715
1704882759,5020683,0.052672,0.050278,-9.459491,-0.014123,0.015188,-0.020784
1704882759,5020717,0.062249,0.016759,-9.390059,-0.010126,0.018119,-0.019718
1704882759,5020751,0.009577,0.031125,-9.485827,-0.017320,0.014922,-0.022916
1704882759,5020787,0.031125,-0.057461,-9.430760,-0.014922,0.018919,-0.021850
1704882759,5020821,-0.004788,0.023942,-9.509769,-0.014655,0.015721,-0.021850
1704882759,5020855,0.055067,0.023942,-9.495404,-0.012524,0.014922,-0.022649
1704882759,5020889,0.114922,0.040701,-9.473856,-0.016254,0.017054,-0.022916
1704882759,5020923,0.019154,0.007183,-9.504981,-0.012257,0.018119,-0.020784
1704882759,5020957,-0.011971,-0.016759,-9.385271,-0.007994,0.015455,-0.020251
1704882759,5020993,0.076614,0.074220,-9.469068,-0.011991,0.016521,-0.020784
1704882759,5021027,0.023942,0.002394,-9.473856,-0.013590,0.014922,-0.024515
1704882759,5021061,-0.043096,-0.026336,-9.428367,-0.015721,0.015188,-0.023715
1704882759,5021095,0.040701,0.014365,-9.418790,-0.012524,0.017853,-0.023449
1704882759,5021129,0.071826,-0.007183,-9.466674,-0.011991,0.019985,-0.022116
1704882759,5021163,0.050278,0.050278,-9.500193,-0.013323,0.020518,-0.024781
1704882759,5021197,0.057461,-0.057461,-9.466674,-0.011724,0.015455,-0.022916
1704882759,5021233,0.117316,0.004788,-9.397242,-0.013057,0.015188,-0.021317
1704882759,5021268,0.079009,0.100556,-9.483433,-0.012790,0.013590,-0.019718
1704882759,5021302,0.021548,-0.021548,-9.368511,-0.011191,0.018119,-0.020251
1704882759,5021336,0.062249,0.033519,-9.528923,-0.010658,0.015721,-0.022649
1704882759,5021370,0.014365,-0.016759,-9.548077,-0.012790,0.020518,-0.023182
1704882759,5021405,0.019154,0.011971,-9.433155,-0.011991,0.019985,-0.022116
1704882759,5021439,0.016759,0.045490,-9.442732,-0.013057,0.016254,-0.019718
1704882759,5021475,0.021548,0.007183,-9.538500,-0.014123,0.018119,-0.020784
1704882760,5021510,0.069432,-0.004788,-9.457097,-0.012524,0.017320,-0.022916
1704882760,5021544,-0.004788,-0.071826,-9.416395,-0.013590,0.019185,-0.024781
1704882760,5021578,0.045490,0.057461,-9.516952,-0.013856,0.015988,-0.020518
1704882760,5021613,0.011971,0.035913,-9.411607,-0.015988,0.016787,-0.022916
1704882760,5021647,0.074220,0.002394,-9.421184,-0.012790,0.020784,-0.024515
1704882760,5021681,0.011971,-0.035913,-9.466674,-0.012790,0.015188,-0.024515
1704882760,5021718,0.007183,0.019154,-9.490616,-0.014123,0.018119,-0.022383
1704882760,5021752,0.009577,0.021548,-9.464279,-0.011458,0.019985,-0.024515
1704882760,5021787,0.071826,0.050278,-9.399636,-0.014922,0.016254,-0.022649
1704882760,5021821,0.007183,-0.023942,-9.557653,-0.013057,0.018919,-0.023449
1704882760,5021855,0.045490,0.110133,-9.500193,-0.015455,0.018119,-0.020518
1704882760,5021889,0.026336,0.031125,-9.435549,-0.011191,0.017853,-0.017320
1704882760,5021926,0.093374,0.000000,-9.428367,-0.014655,0.018652,-0.019985
1704882760,5021960,0.031125,0.040701,-9.461885,-0.013057,0.014389,-0.025314
1704882760,5021995,0.045490,0.035913,-9.406818,-0.013057,0.016254,-0.021583
1704882760,5022029,0.033519,0.064643,-9.459491,-0.012790,0.017054,-0.022916
1704882760,5022063,0.038307,0.019154,-9.540894,-0.011724,0.018919,-0.020251
1704882760,5022098,0.067038,-0.004788,-9.437943,-0.011191,0.016254,-0.022116
1704882760,5022132,0.045490,0.021548,-9.378088,-0.013856,0.021317,-0.022383
1704882760,5022169,0.088585,-0.031125,-9.459491,-0.013590,0.015721,-0.020251
1704882760,5022203,-0.028730,-0.023942,-9.358934,-0.013323,0.018119,-0.021317
1704882760,5022237,0.014365,-0.007183,-9.521740,-0.013057,0.017587,-0.021317
1704882760,5022271,0.069432,0.045490,-9.430760,-0.013057,0.014655,-0.024515
1704882760,5022306,0.009577,0.016759,-9.433155,-0.013323,0.021317,-0.023449
1704882760,5022340,0.047884,0.011971,-9.469068,-0.013856,0.017054,-0.019718
1704882760,5022374,0.045490,0.011971,-9.512163,-0.014922,0.014655,-0.021317
1704882760,5022411,0.047884,0.011971,-9.548077,-0.014123,0.015988,-0.021583
1704882760,5022445,0.038307,-0.040701,-9.471462,-0.013057,0.017853,-0.019718
1704882760,5022479,0.035913,-0.009577,-9.485827,-0.012524,0.017054,-0.024248
1704882761,5022514,0.076614,0.019154,-9.526528,-0.013057,0.016254,-0.021317
1704882761,5022548,0.031125,0.035913,-9.509769,-0.014922,0.015188,-0.021317
1704882761,5022582,0.038307,-0.023942,-9.481039,-0.015721,0.014922,-0.022649
1704882761,5022619,0.000000,0.004788,-9.478644,-0.013057,0.012524,-0.022916
1704882761,5022653,0.059855,0.043096,-9.483433,-0.012524,0.018919,-0.023715
1704882761,5022687,0.007183,0.023942,-9.409213,-0.014123,0.018652,-0.022383
1704882761,5022722,0.052672,-0.031125,-9.490616,-0.012790,0.017054,-0.020784
1704882761,5022756,0.052672,0.040701,-9.562442,-0.013856,0.016787,-0.020784
1704882761,5022790,-0.004788,-0.033519,-9.481039,-0.012524,0.017587,-0.021850
1704882761,5022824,0.055067,-0.009577,-9.483433,-0.014655,0.017320,-0.022916
1704882761,5022861,0.059855,0.004788,-9.397242,-0.013323,0.014922,-0.022916
1704882761,5022895,-0.014365,0.069432,-9.497798,-0.015455,0.017587,-0.021850
1704882761,5022929,0.062249,-0.023942,-9.421184,-0.013590,0.015988,-0.023982
1704882761,5022964,0.055067,-0.019154,-9.339781,-0.013856,0.017853,-0.021583
1704882761,5022998,0.062249,0.038307,-9.473856,-0.011991,0.018652,-0.020518
1704882761,5023032,0.028730,0.007183,-9.555259,-0.015721,0.021583,-0.023982
1704882761,5023066,0.028730,0.052672,-9.495404,-0.014655,0.018652,-0.022649
1704882761,5023110,0.050278,0.033519,-9.404425,-0.014922,0.016254,-0.026113
1704882761,5023145,0.050278,0.057461,-9.409213,-0.009859,0.016254,-0.020784
1704882761,5023179,0.074220,0.019154,-9.323022,-0.014655,0.016787,-0.022649
1704882761,5023213,0.064643,0.028730,-9.464279,-0.013323,0.014922,-0.020518
1704882761,5023247,0.069432,0.050278,-9.488221,-0.009859,0.011991,-0.022649
1704882761,5023281,0.038307,0.071826,-9.452309,-0.012257,0.016254,-0.021850
1704882761,5023317,0.028730,0.014365,-9.516952,-0.014389,0.015455,-0.022649
1704882761,5023351,0.016759,0.086191,-9.526528,-0.014389,0.015188,-0.021317
1704882761,5023385,0.047884,-0.033519,-9.504981,-0.015188,0.019185,-0.025847
1704882761,5023419,0.040701,0.009577,-9.430760,-0.014389,0.016787,-0.024248
1704882761,5023453,0.038307,0.095768,-9.478644,-0.013057,0.019185,-0.022383
1704882761,5023487,0.074220,0.043096,-9.406818,-0.014655,0.020518,-0.023715
1704882762,5023521,0.035913,0.007183,-9.476251,-0.013856,0.014922,-0.021317
1704882762,5023558,0.028730,0.026336,-9.464279,-0.010658,0.019185,-0.022116
1704882762,5023592,0.004788,0.026336,-9.433155,-0.012524,0.013856,-0.019718
1704882762,5023625,0.011971,0.038307,-9.437943,-0.014655,0.017853,-0.022649
1704882762,5023659,0.021548,0.035913,-9.485827,-0.015188,0.015988,-0.024781
1704882762,5023693,0.047884,-0.011971,-9.437943,-0.014123,0.016521,-0.021583
1704882762,5023727,0.050278,-0.011971,-9.425972,-0.011191,0.018386,-0.023449
1704882762,5023761,0.040701,0.062249,-9.459491,-0.011724,0.019718,-0.021317
1704882762,5023798,0.007183,-0.050278,-9.531317,-0.012790,0.020784,-0.022649
1704882762,5023832,0.040701,0.035913,-9.524135,-0.012790,0.014655,-0.022116
1704882762,5023866,-0.026336,0.045490,-9.485827,-0.013057,0.016787,-0.023449
1704882762,5023900,-0.019154,0.021548,-9.464279,-0.012790,0.016787,-0.022383
1704882762,5023933,0.031125,0.071826,-9.423578,-0.016521,0.021850,-0.022649
1704882762,5023967,0.076614,0.057461,-9.469068,-0.011991,0.017054,-0.021051
1704882762,5024001,0.071826,0.014365,-9.495404,-0.010126,0.018919,-0.026380
1704882762,5024038,0.062249,0.011971,-9.519346,-0.014123,0.016787,-0.023182
1704882762,5024072,-0.002394,0.021548,-9.454702,-0.013057,0.018919,-0.021850
1704882762,5024106,0.021548,0.038307,-9.483433,-0.013590,0.017054,-0.021051
1704882762,5024140,0.047884,0.043096,-9.387665,-0.012790,0.018652,-0.021850
1704882762,5024174,0.038307,0.047884,-9.545682,-0.013323,0.015721,-0.022383
1704882762,5024208,0.028730,0.023942,-9.504981,-0.015988,0.014389,-0.018386
1704882762,5024244,0.035913,0.016759,-9.440337,-0.012524,0.018919,-0.021317
1704882762,5024278,0.021548,0.002394,-9.445126,-0.011991,0.015988,-0.022916
1704882762,5024312,0.081403,0.021548,-9.428367,-0.012524,0.018919,-0.024248
1704882762,5024346,0.076614,0.031125,-9.485827,-0.012790,0.015988,-0.020784
1704882762,5024380,0.047884,0.007183,-9.421184,-0.012790,0.021051,-0.023182
1704882762,5024414,-0.009577,-0.047884,-9.500193,-0.016787,0.016254,-0.025847
1704882762,5024448,0.076614,0.007183,-9.361329,-0.011191,0.017587,-0.023715
1704882762,5024484,0.011971,0.021548,-9.425972,-0.011724,0.015188,-0.022116
1704882763,5024518,0.045490,0.083797,-9.538500,-0.013057,0.019718,-0.021583
1704882763,5024552,0.090980,-0.033519,-9.514558,-0.014655,0.013856,-0.022383
1704882763,5024586,0.047884,0.040701,-9.526528,-0.013856,0.017320,-0.021317
1704882763,5024620,0.023942,-0.016759,-9.550470,-0.012524,0.019452,-0.021850
1704882763,5024654,0.064643,0.040701,-9.425972,-0.013323,0.017853,-0.022116
1704882763,5024688,0.035913,0.009577,-9.454702,-0.014922,0.019185,-0.021051
1704882763,5024724,0.071826,0.050278,-9.447520,-0.015721,0.015988,-0.024515
1704882763,5024758,0.038307,0.026336,-9.490616,-0.015988,0.013057,-0.024248
1704882763,5024792,0.069432,0.035913,-9.354146,-0.014123,0.017320,-0.022916
1704882763,5024826,0.067038,0.079009,-9.392453,-0.014655,0.017853,-0.021583
1704882763,5024860,-0.021548,0.045490,-9.504981,-0.010925,0.017054,-0.023182
1704882763,5024894,0.088585,0.002394,-9.447520,-0.014123,0.013856,-0.022383
1704882763,5024930,0.050278,-0.004788,-9.526528,-0.015188,0.014123,-0.020784
1704882763,5024964,0.031125,0.023942,-9.433155,-0.012257,0.016521,-0.025047
1704882763,5024998,0.011971,0.043096,-9.469068,-0.016254,0.016254,-0.024515
1704882763,5025033,0.062249,0.007183,-9.476251,-0.014123,0.019452,-0.023449
1704882763,5025067,0.023942,0.014365,-9.433155,-0.015721,0.019185,-0.022649
1704882763,5025101,-0.002394,0.067038,-9.516952,-0.014655,0.017587,-0.022383
1704882763,5025135,0.110133,0.021548,-9.430760,-0.013590,0.017054,-0.023449
1704882763,5025172,0.074220,-0.033519,-9.466674,-0.011991,0.018119,-0.023449
1704882763,5025206,0.040701,0.040701,-9.277532,-0.012790,0.016521,-0.021051
1704882763,5025240,0.038307,0.067038,-9.466674,-0.012790,0.018652,-0.022383
1704882763,5025275,0.069432,-0.004788,-9.562442,-0.011991,0.016521,-0.025047
1704882763,5025309,0.045490,0.057461,-9.514558,-0.015188,0.020518,-0.022649
1704882763,5025343,0.052672,-0.021548,-9.548077,-0.013590,0.014922,-0.022383
1704882763,5025377,0.000000,0.043096,-9.500193,-0.015188,0.019185,-0.022916
1704882763,5025414,0.045490,0.019154,-9.469068,-0.014922,0.018119,-0.023182
1704882763,5025449,0.033519,0.040701,-9.519346,-0.015455,0.016521,-0.024781
1704882763,5025483,0.052672,0.021548,-9.452309,-0.014922,0.017853,-0.021850
1704882764,5025517,0.014365,0.031125,-9.411607,-0.013590,0.015721,-0.022383
1704882764,5025551,0.050278,0.035913,-9.466674,-0.015455,0.014922,-0.022649
1704882764,5025586,0.026336,0.040701,-9.478644,-0.013590,0.018386,-0.023182
1704882764,5025620,0.043096,0.028730,-9.557653,-0.013323,0.018652,-0.020251
1704882764,5025657,0.057461,-0.026336,-9.433155,-0.014389,0.017320,-0.022116
1704882764,5025691,0.062249,0.021548,-9.548077,-0.011191,0.021583,-0.022649
1704882764,5025725,0.016759,0.023942,-9.392453,-0.009593,0.017587,-0.024515
1704882764,5025759,0.031125,0.059855,-9.437943,-0.012257,0.017054,-0.023449
1704882764,5025794,0.055067,-0.007183,-9.435549,-0.013323,0.019985,-0.020518
1704882764,5025828,0.146046,0.016759,-9.519346,-0.009593,0.015721,-0.022383
1704882764,5025865,0.045490,0.011971,-9.466674,-0.012257,0.017587,-0.025047
1704882764,5025899,-0.047884,0.000000,-9.469068,-0.014123,0.014922,-0.021850
1704882764,5025933,0.069432,0.059855,-9.414001,-0.014389,0.022383,-0.018919
1704882764,5025967,0.050278,0.028730,-9.526528,-0.011458,0.015988,-0.023715
1704882764,5026002,-0.009577,-0.004788,-9.354146,-0.013057,0.018652,-0.020518
1704882764,5026036,0.019154,0.043096,-9.435549,-0.015188,0.019452,-0.022116
1704882764,5026070,0.064643,0.052672,-9.512163,-0.015455,0.016787,-0.022649
1704882764,5026107,0.019154,0.023942,-9.459491,-0.011991,0.016254,-0.023182
1704882764,5026141,0.045490,0.021548,-9.459491,-0.012790,0.017587,-0.024248
1704882764,5026175,0.014365,0.028730,-9.543288,-0.011724,0.020251,-0.025314
1704882764,5026210,0.076614,0.026336,-9.579201,-0.012257,0.018652,-0.023715
1704882764,5026244,0.000000,0.043096,-9.476251,-0.011458,0.016787,-0.021051
1704882764,5026278,0.023942,0.002394,-9.543288,-0.010658,0.014922,-0.025314
1704882764,5026312,0.002394,0.004788,-9.493010,-0.013590,0.016787,-0.022116
1704882764,5026349,0.050278,0.062249,-9.543288,-0.011458,0.019718,-0.020784
1704882764,5026383,0.038307,0.002394,-9.485827,-0.012790,0.017320,-0.024781
1704882764,5026418,0.035913,0.002394,-9.550470,-0.013856,0.018386,-0.020784
1704882764,5026452,0.064643,-0.011971,-9.452309,-0.014123,0.021051,-0.023982
1704882764,5026486,0.038307,0.009577,-9.469068,-0.014389,0.015721,-0.021583
1704882765,5026521,0.026336,-0.011971,-9.466674,-0.014655,0.014922,-0.023449
1704882765,5026557,0.047884,0.038307,-9.454702,-0.014389,0.018652,-0.024248
1704882765,5026591,0.064643,-0.047884,-9.504981,-0.014123,0.017587,-0.023182
1704882765,5026626,0.045490,0.014365,-9.366117,-0.012524,0.018919,-0.023449
1704882765,5026660,0.000000,0.004788,-9.476251,-0.012790,0.017054,-0.021583
1704882765,5026694,0.047884,0.076614,-9.449914,-0.012524,0.021583,-0.022116
1704882765,5026728,0.050278,-0.007183,-9.509769,-0.013590,0.017853,-0.024781
1704882765,5026762,0.079009,0.000000,-9.435549,-0.015455,0.018652,-0.022383
1704882765,5026807,0.052672,0.095768,-9.471462,-0.011991,0.015188,-0.018919
1704882765,5026842,0.055067,0.047884,-9.495404,-0.013590,0.021583,-0.020518
1704882765,5026876,0.095768,0.057461,-9.502586,-0.015455,0.020518,-0.021583
1704882765,5026910,0.007183,0.031125,-9.445126,-0.015721,0.014922,-0.022383
1704882765,5026944,0.023942,0.026336,-9.483433,-0.014123,0.021317,-0.025047
1704882765,5026977,-0.019154,0.035913,-9.380483,-0.013057,0.017587,-0.021583
1704882765,5027011,0.031125,0.021548,-9.493010,-0.015188,0.013057,-0.021583
1704882765,5027048,0.050278,0.014365,-9.414001,-0.013323,0.017054,-0.021317
1704882765,5027082,0.019154,-0.011971,-9.435549,-0.011458,0.016787,-0.023715
1704882765,5027116,0.040701,0.026336,-9.461885,-0.014389,0.015988,-0.024248
1704882765,5027150,0.100556,0.038307,-9.397242,-0.015188,0.021583,-0.023982
1704882765,5027184,0.016759,0.002394,-9.459491,-0.012524,0.016521,-0.022116
1704882765,5027218,0.076614,0.009577,-9.495404,-0.011191,0.017853,-0.022916
1704882765,5027252,-0.035913,0.011971,-9.445126,-0.013856,0.015721,-0.023715
1704882765,5027288,0.019154,-0.009577,-9.447520,-0.012524,0.012790,-0.021583
1704882765,5027322,-0.035913,0.052672,-9.536105,-0.012257,0.017853,-0.021850
1704882765,5027356,0.088585,0.052672,-9.495404,-0.014123,0.017853,-0.018919
1704882765,5027390,0.057461,0.088585,-9.457097,-0.015188,0.014389,-0.020251
1704882765,5027424,0.045490,0.059855,-9.562442,-0.013057,0.019185,-0.020784
1704882765,5027458,0.045490,0.100556,-9.531317,-0.013590,0.014922,-0.021850
1704882765,5027494,0.102951,0.021548,-9.435549,-0.013323,0.015188,-0.022383
1704882766,5027528,0.069432,0.023942,-9.524135,-0.014389,0.019185,-0.021317
1704882766,5027562,0.071826,0.007183,-9.485827,-0.012790,0.018652,-0.023449
1704882766,5027596,0.055067,0.057461,-9.528923,-0.013323,0.014922,-0.022116
1704882766,5027630,0.007183,0.031125,-9.469068,-0.013590,0.019185,-0.019985
1704882766,5027664,-0.028730,0.014365,-9.481039,-0.013856,0.016787,-0.021317
1704882766,5027698,0.033519,0.076614,-9.493010,-0.011724,0.019985,-0.020784
1704882766,5027735,0.026336,0.040701,-9.425972,-0.015721,0.022649,-0.024248
1704882766,5027769,0.067038,0.016759,-9.495404,-0.014922,0.017587,-0.020784
1704882766,5027803,0.045490,0.035913,-9.435549,-0.012257,0.020518,-0.019718
1704882766,5027837,0.050278,0.035913,-9.476251,-0.012257,0.015988,-0.022916
1704882766,5027871,0.086191,0.004788,-9.504981,-0.011991,0.015455,-0.023449
1704882766,5027905,0.009577,0.021548,-9.586384,-0.014655,0.014123,-0.022649
1704882766,5027939,0.038307,0.043096,-9.485827,-0.011191,0.018119,-0.021051
1704882766,5027975,0.059855,0.035913,-9.433155,-0.012524,0.018652,-0.024248
1704882766,5028009,0.055067,0.047884,-9.349358,-0.012524,0.018386,-0.022116
1704882766,5028043,0.011971,-0.014365,-9.478644,-0.012257,0.020251,-0.021583
1704882766,5028077,0.023942,0.002394,-9.430760,-0.014389,0.018386,-0.022116
1704882766,5028111,0.028730,0.002394,-9.433155,-0.013057,0.019452,-0.022383
1704882766,5028145,0.031125,-0.004788,-9.433155,-0.016254,0.017320,-0.022383
1704882766,5028179,-0.028730,0.050278,-9.461885,-0.014389,0.015721,-0.020518
1704882766,5028212,0.067038,0.014365,-9.452309,-0.012524,0.015455,-0.021051
1704882766,5028246,0.067038,0.002394,-9.471462,-0.011458,0.015988,-0.020518
1704882766,5028280,0.074220,-0.004788,-9.478644,-0.014389,0.016521,-0.020518
1704882766,5028314,0.040701,0.021548,-9.442732,-0.010925,0.020518,-0.024515
1704882766,5028348,0.069432,-0.011971,-9.507375,-0.013323,0.018919,-0.023449
1704882766,5028381,0.083797,0.000000,-9.466674,-0.013856,0.018919,-0.020251
1704882766,5028418,0.062249,0.011971,-9.423578,-0.013057,0.022116,-0.023182
1704882766,5028452,0.040701,-0.009577,-9.378088,-0.016254,0.019185,-0.023982
1704882766,5028486,0.069432,0.031125,-9.516952,-0.011991,0.013856,-0.022116
1704882767,5028520,0.047884,-0.011971,-9.469068,-0.012257,0.016254,-0.021583
1704882767,5028553,0.047884,-0.002394,-9.464279,-0.016787,0.013323,-0.024515
1704882767,5028587,0.093374,0.019154,-9.421184,-0.012790,0.016787,-0.021317
1704882767,5028621,0.043096,0.026336,-9.394848,-0.013057,0.017853,-0.023715
1704882767,5028658,0.004788,0.083797,-9.512163,-0.014123,0.018919,-0.021583
1704882767,5028692,0.050278,0.021548,-9.385271,-0.014655,0.016787,-0.022383
1704882767,5028726,0.040701,0.026336,-9.490616,-0.012524,0.017054,-0.019718
1704882767,5028760,-0.011971,-0.019154,-9.516952,-0.011458,0.015721,-0.021583
1704882767,5028794,0.064643,0.009577,-9.461885,-0.012790,0.016787,-0.020251
1704882767,5028829,0.019154,-0.009577,-9.464279,-0.012524,0.018919,-0.018919
1704882767,5028863,0.016759,0.014365,-9.449914,-0.014389,0.015188,-0.026380
1704882767,5028900,0.057461,-0.011971,-9.497798,-0.015988,0.021051,-0.021583
1704882767,5028934,-0.009577,0.038307,-9.507375,-0.014389,0.019718,-0.021850
1704882767,5028968,0.011971,0.021548,-9.459491,-0.009326,0.015988,-0.024248
1704882767,5029002,-0.016759,0.009577,-9.435549,-0.015188,0.017054,-0.022116
1704882767,5029037,0.021548,0.035913,-9.380483,-0.016521,0.017320,-0.023182
1704882767,5029071,0.007183,0.047884,-9.437943,-0.012790,0.017587,-0.021317
1704882767,5029108,0.040701,0.031125,-9.490616,-0.014389,0.018652,-0.022116
1704882767,5029142,0.016759,0.031125,-9.543288,-0.013590,0.016787,-0.023182
1704882767,5029176,0.047884,-0.038307,-9.452309,-0.012790,0.013057,-0.019985
1704882767,5029210,0.081403,0.014365,-9.504981,-0.015988,0.015455,-0.021317
1704882767,5029245,0.098162,0.028730,-9.485827,-0.010392,0.018652,-0.024781
1704882767,5029279,0.095768,-0.009577,-9.406818,-0.014922,0.019718,-0.020251
1704882767,5029313,0.009577,0.026336,-9.404425,-0.011991,0.014922,-0.023449
1704882767,5029350,0.047884,0.023942,-9.483433,-0.015455,0.019718,-0.021850
1704882767,5029384,0.026336,0.050278,-9.481039,-0.011191,0.017054,-0.020251
1704882767,5029419,0.023942,-0.021548,-9.521740,-0.011458,0.015988,-0.024248
1704882767,5029453,0.102951,0.002394,-9.478644,-0.013590,0.018652,-0.022116
1704882767,5029487,-0.023942,0.045490,-9.526528,-0.013057,0.015721,-0.022116
1704882768,5029521,0.019154,-0.009577,-9.406818,-0.011991,0.018919,-0.021583
1704882768,5029556,0.050278,0.014365,-9.394848,-0.011724,0.017054,-0.022116
1704882768,5029592,-0.002394,0.086191,-9.488221,-0.010392,0.018919,-0.023982
1704882768,5029627,-0.002394,0.021548,-9.459491,-0.011991,0.016254,-0.021317
1704882768,5029661,0.067038,0.009577,-9.394848,-0.010658,0.016787,-0.017853
1704882768,5029695,-0.004788,0.014365,-9.495404,-0.014123,0.015455,-0.020518
1704882768,5029729,-0.021548,-0.002394,-9.454702,-0.013323,0.019985,-0.023449
1704882768,5029764,0.014365,0.055067,-9.404425,-0.012257,0.017587,-0.022116
1704882768,5029800,-0.019154,0.021548,-9.375694,-0.014655,0.019452,-0.021051
1704882768,5029835,0.040701,0.002394,-9.464279,-0.014922,0.013590,-0.021317
1704882768,5029869,0.076614,0.031125,-9.445126,-0.012790,0.017054,-0.020784
1704882768,5029903,0.033519,0.038307,-9.457097,-0.009859,0.021051,-0.021850
1704882768,5029937,0.031125,-0.014365,-9.411607,-0.012524,0.017853,-0.019452
1704882768,5029972,0.045490,0.019154,-9.516952,-0.014123,0.017054,-0.021583
1704882768,5030006,0.064643,0.038307,-9.514558,-0.014123,0.017054,-0.020251
1704882768,5030043,0.062249,0.028730,-9.423578,-0.010925,0.019452,-0.022649
1704882768,5030077,0.071826,0.035913,-9.346964,-0.012790,0.018652,-0.022116
1704882768,5030111,0.064643,-0.026336,-9.478644,-0.012524,0.014123,-0.023982
1704882768,5030145,0.031125,0.014365,-9.490616,-0.017320,0.014389,-0.024781
1704882768,5030180,0.110133,0.019154,-9.538500,-0.013323,0.017587,-0.020784
1704882768,5030214,0.023942,-0.007183,-9.346964,-0.011724,0.017054,-0.024515
1704882768,5030248,0.033519,0.019154,-9.481039,-0.014389,0.015988,-0.023982
1704882768,5030285,0.100556,0.004788,-9.370906,-0.015455,0.019985,-0.022916
1704882768,5030319,0.047884,0.016759,-9.449914,-0.012524,0.018919,-0.019718
1704882768,5030353,0.064643,-0.031125,-9.502586,-0.015721,0.018652,-0.021850
1704882768,5030387,0.007183,0.031125,-9.406818,-0.015988,0.017320,-0.022116
1704882768,5030422,0.064643,0.059855,-9.493010,-0.012257,0.018652,-0.021850
1704882768,5030456,0.045490,0.021548,-9.445126,-0.012524,0.017320,-0.019452
1704882768,5030490,-0.021548,0.026336,-9.516952,-0.016254,0.016787,-0.023715
1704882769,5030534,-0.004788,-0.002394,-9.416395,-0.014123,0.016254,-0.024781
1704882769,5030569,0.016759,0.050278,-9.442732,-0.013057,0.018119,-0.022649
1704882769,5030603,0.064643,-0.028730,-9.562442,-0.013856,0.018652,-0.021051
1704882769,5030637,0.047884,0.031125,-9.490616,-0.013057,0.018386,-0.021850
1704882769,5030671,0.107739,0.019154,-9.469068,-0.013323,0.017320,-0.022916
1704882769,5030705,0.035913,-0.023942,-9.483433,-0.008793,0.015988,-0.021317
1704882769,5030741,0.079009,-0.007183,-9.548077,-0.013323,0.016254,-0.022116
1704882769,5030775,0.079009,-0.059855,-9.402030,-0.012524,0.016787,-0.018386
1704882769,5030809,0.093374,0.052672,-9.519346,-0.011724,0.017054,-0.019985
1704882769,5030843,0.016759,0.081403,-9.435549,-0.012790,0.017054,-0.022383
1704882769,5030877,0.050278,0.014365,-9.449914,-0.013057,0.016254,-0.023715
1704882769,5030911,0.150835,0.002394,-9.433155,-0.012790,0.019452,-0.025047
1704882769,5030945,0.033519,0.021548,-9.528923,-0.014123,0.015988,-0.023715
1704882769,5030981,0.050278,0.007183,-9.430760,-0.014389,0.018386,-0.020251
1704882769,5031015,0.076614,0.016759,-9.478644,-0.013856,0.020251,-0.022383
1704882769,5031049,0.028730,0.071826,-9.473856,-0.015188,0.020784,-0.023982
1704882769,5031083,0.045490,0.007183,-9.485827,-0.014123,0.018386,-0.023449
1704882769,5031117,0.055067,0.052672,-9.464279,-0.012257,0.014922,-0.017587
1704882769,5031151,0.105345,0.035913,-9.504981,-0.013057,0.022649,-0.023715
1704882769,5031185,0.076614,0.045490,-9.461885,-0.013323,0.019185,-0.020518
1704882769,5031222,0.031125,-0.011971,-9.421184,-0.015188,0.014655,-0.024248
1704882769,5031256,0.047884,0.035913,-9.471462,-0.013590,0.016521,-0.018919
1704882769,5031289,0.062249,0.007183,-9.531317,-0.014389,0.016787,-0.023715
1704882769,5031323,0.038307,0.028730,-9.567230,-0.010925,0.015721,-0.023182
1704882769,5031357,0.079009,0.031125,-9.461885,-0.012790,0.020518,-0.022116
1704882769,5031391,-0.009577,0.007183,-9.514558,-0.014922,0.017587,-0.019718
1704882769,5031428,0.023942,0.019154,-9.490616,-0.013057,0.017587,-0.022116
1704882769,5031462,0.071826,0.011971,-9.406818,-0.012524,0.019452,-0.022916
1704882769,5031496,0.000000,0.011971,-9.390059,-0.011991,0.016521,-0.020518
1704882770,5031530,0.009577,-0.033519,-9.437943,-0.012790,0.015188,-0.022916
1704882770,5031564,0.009577,0.035913,-9.516952,-0.016254,0.015455,-0.022383
1704882770,5031598,0.035913,0.007183,-9.524135,-0.015455,0.015188,-0.020784
1704882770,5031632,0.026336,0.014365,-9.478644,-0.015721,0.018119,-0.021583
1704882770,5031668,0.095768,0.045490,-9.512163,-0.012524,0.019452,-0.022116
1704882770,5031702,0.083797,-0.002394,-9.421184,-0.012790,0.016254,-0.021583
1704882770,5031736,0.021548,-0.026336,-9.478644,-0.013856,0.018386,-0.023449
1704882770,5031770,0.081403,0.095768,-9.375694,-0.012524,0.018919,-0.020784
1704882770,5031804,0.045490,0.021548,-9.454702,-0.015455,0.019985,-0.019985
1704882770,5031838,-0.031125,0.043096,-9.442732,-0.014389,0.020251,-0.019452
1704882770,5031872,0.052672,-0.019154,-9.504981,-0.015988,0.010658,-0.019985
1704882770,5031908,0.043096,0.038307,-9.483433,-0.013590,0.016254,-0.022649
1704882770,5031942,0.009577,0.021548,-9.445126,-0.013057,0.018919,-0.021317
1704882770,5031976,0.052672,0.074220,-9.411607,-0.013057,0.017853,-0.021583
1704882770,5032010,0.074220,0.019154,-9.399636,-0.012257,0.015455,-0.023982
1704882770,5032044,-0.007183,-0.016759,-9.497798,-0.015721,0.018386,-0.019985
1704882770,5032078,0.026336,0.023942,-9.435549,-0.013057,0.014389,-0.018386
1704882770,5032114,0.064643,0.040701,-9.457097,-0.013323,0.017853,-0.022116
1704882770,5032148,0.107739,0.014365,-9.502586,-0.010925,0.019985,-0.023715
1704882770,5032182,-0.009577,0.002394,-9.497798,-0.014922,0.015988,-0.022383
1704882770,5032216,0.031125,0.093374,-9.481039,-0.014389,0.020784,-0.024248
1704882770,5032250,0.031125,0.019154,-9.464279,-0.015721,0.013856,-0.023182
1704882770,5032284,0.071826,0.000000,-9.402030,-0.014655,0.020518,-0.021583
1704882770,5032318,0.081403,0.016759,-9.490616,-0.012790,0.018919,-0.023715
1704882770,5032354,0.040701,-0.026336,-9.409213,-0.013856,0.015721,-0.022383
1704882770,5032388,0.035913,0.016759,-9.483433,-0.013057,0.021051,-0.020784
1704882770,5032423,0.031125,0.045490,-9.512163,-0.013856,0.015188,-0.020251
1704882770,5032457,0.045490,0.079009,-9.473856,-0.012257,0.017054,-0.023715
1704882770,5032491,0.076614,0.055067,-9.488221,-0.015988,0.014922,-0.023449
1704882771,5032525,0.076614,-0.035913,-9.435549,-0.010126,0.017054,-0.025314
1704882771,5032559,0.009577,0.014365,-9.459491,-0.012524,0.019185,-0.023449
1704882771,5032596,0.033519,0.071826,-9.440337,-0.015455,0.017853,-0.023715
1704882771,5032630,0.074220,0.023942,-9.354146,-0.014655,0.018119,-0.023715
1704882771,5032665,0.050278,0.028730,-9.524135,-0.014922,0.023982,-0.022383
1704882771,5032699,0.064643,0.021548,-9.493010,-0.014389,0.013057,-0.023982
1704882771,5032733,0.052672,0.028730,-9.416395,-0.013323,0.017320,-0.021583
1704882771,5032768,-0.014365,0.062249,-9.500193,-0.012790,0.021317,-0.022916
1704882771,5032802,0.076614,0.038307,-9.421184,-0.014123,0.017320,-0.021317
1704882771,5032839,0.026336,0.047884,-9.473856,-0.015721,0.018386,-0.021850
1704882771,5032873,0.083797,0.059855,-9.459491,-0.013057,0.021051,-0.022649
1704882771,5032907,0.074220,0.014365,-9.457097,-0.013590,0.019718,-0.021850
1704882771,5032941,0.023942,0.055067,-9.390059,-0.011724,0.015455,-0.019452
1704882771,5032976,0.067038,0.016759,-9.437943,-0.014389,0.019185,-0.021317
1704882771,5033010,0.079009,0.033519,-9.442732,-0.013856,0.014389,-0.021583
1704882771,5033047,-0.014365,0.031125,-9.478644,-0.013323,0.014389,-0.021051
1704882771,5033081,0.064643,0.011971,-9.466674,-0.011724,0.021051,-0.020518
1704882771,5033115,0.023942,0.047884,-9.500193,-0.009593,0.021317,-0.021850
1704882771,5033150,0.055067,0.033519,-9.430760,-0.014123,0.018386,-0.022383
1704882771,5033184,0.004788,0.112527,-9.447520,-0.016254,0.018119,-0.022116
1704882771,5033218,0.047884,0.047884,-9.411607,-0.015721,0.016787,-0.022916
1704882771,5033253,0.038307,-0.059855,-9.375694,-0.014389,0.018119,-0.024515
1704882771,5033289,-0.026336,-0.016759,-9.514558,-0.012790,0.020251,-0.018919
1704882771,5033324,0.004788,0.023942,-9.330204,-0.013590,0.021583,-0.021583
1704882771,5033358,0.038307,0.033519,-9.330204,-0.014655,0.015455,-0.021317
1704882771,5033392,0.050278,-0.011971,-9.464279,-0.014123,0.017054,-0.024781
1704882771,5033427,0.064643,-0.040701,-9.543288,-0.011991,0.018386,-0.022916
1704882771,5033461,0.014365,-0.007183,-9.500193,-0.012524,0.017054,-0.022649
1704882771,5033495,0.064643,0.059855,-9.390059,-0.010925,0.019185,-0.026113
1704882772,5033532,0.076614,-0.009577,-9.521740,-0.011191,0.018386,-0.022649
1704882772,5033566,0.004788,0.043096,-9.504981,-0.012790,0.019718,-0.022116
1704882772,5033601,0.067038,0.038307,-9.399636,-0.012524,0.018119,-0.021051
1704882772,5033635,0.074220,-0.002394,-9.476251,-0.016254,0.017320,-0.019452
1704882772,5033669,0.035913,0.031125,-9.447520,-0.012790,0.017054,-0.023449
1704882772,5033703,0.050278,0.038307,-9.579201,-0.014123,0.017054,-0.023982
1704882772,5033740,-0.019154,0.011971,-9.469068,-0.013323,0.017054,-0.020784
1704882772,5033785,0.055067,0.026336,-9.409213,-0.015188,0.019452,-0.021850
1704882772,5033819,0.050278,0.035913,-9.313444,-0.013323,0.020251,-0.025314
1704882772,5033854,0.035913,0.057461,-9.483433,-0.010126,0.018386,-0.019718
1704882772,5033888,0.038307,0.004788,-9.457097,-0.013057,0.018386,-0.022383
1704882772,5033922,-0.007183,0.016759,-9.440337,-0.013590,0.015988,-0.021051
1704882772,5033956,0.009577,0.079009,-9.428367,-0.011991,0.016254,-0.019718
1704882772,5033993,0.124498,0.035913,-9.526528,-0.014922,0.016254,-0.024248
1704882772,5034027,0.081403,0.038307,-9.471462,-0.014389,0.017054,-0.023715
1704882772,5034061,0.074220,0.014365,-9.418790,-0.014922,0.017853,-0.022649
1704882772,5034095,-0.002394,-0.011971,-9.442732,-0.011458,0.017320,-0.024781
1704882772,5034130,0.045490,0.028730,-9.538500,-0.012524,0.016787,-0.022116
1704882772,5034164,0.079009,0.016759,-9.409213,-0.012790,0.018386,-0.020518
1704882772,5034198,0.064643,0.014365,-9.548077,-0.012524,0.018386,-0.019185
1704882772,5034242,0.016759,-0.019154,-9.490616,-0.012524,0.017587,-0.022383
1704882772,5034277,0.043096,0.050278,-9.397242,-0.013057,0.021317,-0.021317
1704882772,5034311,-0.007183,0.019154,-9.437943,-0.014389,0.018652,-0.023182
1704882772,5034345,0.076614,-0.002394,-9.454702,-0.010126,0.017320,-0.020518
1704882772,5034379,0.076614,0.038307,-9.516952,-0.016254,0.017054,-0.022383
1704882772,5034413,0.064643,0.000000,-9.430760,-0.013323,0.021850,-0.022649
1704882772,5034447,0.047884,0.000000,-9.457097,-0.013323,0.021317,-0.024781
1704882772,5034483,0.059855,0.047884,-9.459491,-0.012790,0.014655,-0.019452
1704882773,5034517,0.057461,-0.021548,-9.521740,-0.012257,0.015455,-0.026380
1704882773,5034551,0.055067,0.055067,-9.423578,-0.013323,0.019452,-0.022649
1704882773,5034585,-0.007183,0.011971,-9.430760,-0.012790,0.018119,-0.022116
1704882773,5034619,0.055067,0.014365,-9.416395,-0.014389,0.014922,-0.021051
1704882773,5034653,0.052672,0.028730,-9.564836,-0.013590,0.019985,-0.020784
1704882773,5034689,0.047884,-0.004788,-9.428367,-0.013057,0.015988,-0.023982
1704882773,5034723,0.035913,-0.028730,-9.433155,-0.011991,0.019185,-0.022116
1704882773,5034757,0.023942,-0.011971,-9.504981,-0.014655,0.018386,-0.021317
1704882773,5034791,0.100556,0.009577,-9.435549,-0.014389,0.017853,-0.024515
1704882773,5034825,-0.038307,0.016759,-9.416395,-0.013856,0.020518,-0.019718
1704882773,5034859,0.031125,0.035913,-9.538500,-0.013057,0.020518,-0.024515
1704882773,5034893,0.057461,-0.004788,-9.562442,-0.014389,0.015721,-0.023982
1704882773,5034929,0.136469,0.047884,-9.457097,-0.011991,0.019452,-0.022916
1704882773,5034963,0.014365,0.014365,-9.469068,-0.014389,0.019452,-0.019985
1704882773,5034997,-0.050278,-0.016759,-9.447520,-0.014389,0.016254,-0.021850
1704882773,5035031,0.059855,0.038307,-9.504981,-0.013057,0.014922,-0.022649
1704882773,5035065,0.050278,0.000000,-9.418790,-0.010126,0.020518,-0.021583
1704882773,5035099,0.007183,0.057461,-9.526528,-0.012790,0.018386,-0.022916
1704882773,5035133,-0.004788,0.040701,-9.442732,-0.014123,0.011191,-0.022383
1704882773,5035169,0.019154,0.016759,-9.397242,-0.014655,0.016521,-0.022383
1704882773,5035203,0.064643,0.000000,-9.447520,-0.013856,0.019985,-0.021317
1704882773,5035237,0.023942,0.021548,-9.495404,-0.010658,0.017054,-0.022916
1704882773,5035271,0.095768,0.026336,-9.473856,-0.013856,0.018386,-0.022649
1704882773,5035305,0.009577,-0.016759,-9.488221,-0.013856,0.016521,-0.021583
1704882773,5035339,-0.031125,0.043096,-9.504981,-0.011458,0.017853,-0.024781
1704882773,5035376,0.057461,0.000000,-9.459491,-0.014655,0.019185,-0.021850
1704882773,5035410,-0.026336,0.011971,-9.493010,-0.012524,0.022116,-0.022383
1704882773,5035444,0.040701,0.004788,-9.469068,-0.011724,0.016787,-0.023182
1704882773,5035478,0.059855,-0.007183,-9.454702,-0.012790,0.022649,-0.024781
1704882774,5035512,0.064643,-0.035913,-9.454702,-0.017054,0.016521,-0.024781
1704882774,5035546,0.079009,0.062249,-9.402030,-0.013323,0.018119,-0.020518
1704882774,5035580,0.069432,0.031125,-9.464279,-0.011991,0.021051,-0.021051
1704882774,5035616,-0.016759,0.045490,-9.447520,-0.013057,0.015721,-0.021051
1704882774,5035650,0.076614,0.009577,-9.440337,-0.015721,0.018919,-0.021317
1704882774,5035684,0.040701,0.021548,-9.375694,-0.014922,0.018919,-0.020784
1704882774,5035718,0.045490,0.038307,-9.425972,-0.011991,0.019185,-0.024515
1704882774,5035752,0.067038,0.047884,-9.387665,-0.013856,0.018652,-0.024248
1704882774,5035786,0.021548,-0.019154,-9.483433,-0.012524,0.011724,-0.023982
1704882774,5035820,0.033519,0.011971,-9.469068,-0.013856,0.017320,-0.022116
1704882774,5035856,0.045490,-0.023942,-9.423578,-0.013057,0.018119,-0.026380
1704882774,5035890,0.009577,0.067038,-9.411607,-0.012257,0.021317,-0.024515
1704882774,5035924,0.052672,0.057461,-9.483433,-0.011458,0.018919,-0.022383
1704882774,5035958,0.055067,0.028730,-9.375694,-0.014655,0.015721,-0.021850
1704882774,5035992,0.014365,0.028730,-9.557653,-0.013323,0.014655,-0.024515
1704882774,5036026,0.040701,0.023942,-9.497798,-0.013856,0.017853,-0.020251
1704882774,5036062,0.014365,0.031125,-9.481039,-0.011724,0.019452,-0.021583
1704882774,5036096,0.023942,-0.026336,-9.466674,-0.014123,0.019718,-0.019985
1704882774,5036130,-0.014365,0.009577,-9.516952,-0.017320,0.019452,-0.022116
1704882774,5036165,-0.016759,0.045490,-9.495404,-0.012257,0.017587,-0.022649
1704882774,5036199,0.062249,0.045490,-9.512163,-0.013856,0.016787,-0.022116
1704882774,5036233,0.059855,0.016759,-9.509769,-0.014123,0.014655,-0.019452
1704882774,5036267,0.023942,-0.007183,-9.430760,-0.013856,0.017320,-0.021317
1704882774,5036304,0.059855,0.050278,-9.548077,-0.013057,0.019718,-0.022383
1704882774,5036338,0.023942,-0.035913,-9.550470,-0.014922,0.018386,-0.021317
1704882774,5036372,0.009577,0.019154,-9.459491,-0.011724,0.014389,-0.022916
1704882774,5036407,0.081403,0.040701,-9.485827,-0.014123,0.011724,-0.022916
1704882774,5036441,0.019154,0.081403,-9.397242,-0.012257,0.018386,-0.023449
1704882774,5036475,0.011971,-0.014365,-9.349358,-0.013856,0.018386,-0.021850
1704882775,5036509,0.064643,-0.016759,-9.418790,-0.014655,0.014123,-0.022383
1704882775,5036546,0.033519,0.016759,-9.459491,-0.014389,0.018386,-0.022383
1704882775,5036580,0.076614,0.016759,-9.466674,-0.013057,0.020518,-0.020784
1704882775,5036615,0.071826,-0.007183,-9.481039,-0.016521,0.015988,-0.023449
1704882775,5036649,-0.011971,0.038307,-9.440337,-0.013323,0.017320,-0.025580
1704882775,5036683,-0.007183,0.043096,-9.445126,-0.012257,0.018386,-0.022649
1704882775,5036718,0.043096,0.035913,-9.514558,-0.013856,0.020784,-0.019985
1704882775,5036752,0.074220,0.009577,-9.476251,-0.013057,0.015721,-0.021583
1704882775,5036789,0.107739,-0.023942,-9.454702,-0.012790,0.018386,-0.022649
1704882775,5036823,0.014365,0.067038,-9.425972,-0.012257,0.017853,-0.022383
1704882775,5036857,0.035913,0.016759,-9.459491,-0.016787,0.015721,-0.024515
1704882775,5036891,0.011971,0.007183,-9.361329,-0.013590,0.015721,-0.021850
1704882775,5036926,0.064643,0.093374,-9.423578,-0.013057,0.018919,-0.021583
1704882775,5036960,0.074220,0.035913,-9.493010,-0.013057,0.017054,-0.019985
1704882775,5036997,0.076614,0.055067,-9.442732,-0.016254,0.018119,-0.021317
1704882775,5037031,0.045490,0.045490,-9.437943,-0.011991,0.015988,-0.022916
1704882775,5037065,0.016759,0.052672,-9.447520,-0.014123,0.015988,-0.021583
1704882775,5037099,0.023942,0.057461,-9.457097,-0.013856,0.021583,-0.023715
1704882775,5037134,0.059855,-0.002394,-9.464279,-0.011991,0.011458,-0.019185
1704882775,5037168,0.062249,0.057461,-9.493010,-0.014922,0.018919,-0.019452
1704882775,5037202,0.062249,0.004788,-9.440337,-0.014655,0.016787,-0.023715
1704882775,5037239,0.045490,-0.023942,-9.445126,-0.011191,0.020518,-0.023715
1704882775,5037273,0.067038,-0.033519,-9.524135,-0.013590,0.017054,-0.019185
1704882775,5037307,-0.050278,0.055067,-9.452309,-0.013856,0.021051,-0.022649
1704882775,5037342,0.052672,0.009577,-9.464279,-0.012790,0.017587,-0.024248
1704882775,5037376,0.043096,-0.028730,-9.536105,-0.016787,0.017853,-0.023715
1704882775,5037410,0.011971,0.047884,-9.361329,-0.012257,0.018119,-0.025314
1704882775,5037445,0.088585,0.076614,-9.440337,-0.012257,0.018386,-0.022116
1704882775,5037481,0.007183,0.033519,-9.411607,-0.013590,0.015988,-0.023182
1704882776,5037516,0.062249,0.019154,-9.514558,-0.013590,0.021051,-0.021051
1704882776,5037550,0.069432,-0.002394,-9.459491,-0.017320,0.016521,-0.019985
1704882776,5037584,0.057461,-0.002394,-9.466674,-0.013856,0.014655,-0.020784
1704882776,5037618,0.028730,0.052672,-9.473856,-0.014655,0.017853,-0.021051
1704882776,5037653,0.031125,0.052672,-9.512163,-0.013856,0.019452,-0.023182
1704882776,5037689,0.023942,-0.004788,-9.449914,-0.015455,0.016787,-0.023715
1704882776,5037723,0.009577,-0.040701,-9.387665,-0.013057,0.018386,-0.025047
1704882776,5037758,0.011971,0.019154,-9.457097,-0.014389,0.016521,-0.022649
1704882776,5037792,0.131681,0.059855,-9.423578,-0.013323,0.015455,-0.022116
1704882776,5037826,-0.033519,0.057461,-9.466674,-0.013590,0.019452,-0.021583
1704882776,5037860,0.045490,-0.026336,-9.490616,-0.013590,0.019985,-0.025047
1704882776,5037894,0.009577,0.045490,-9.562442,-0.013057,0.016787,-0.020784
1704882776,5037939,0.076614,0.050278,-9.464279,-0.014123,0.019985,-0.024781
1704882776,5037974,0.033519,0.002394,-9.469068,-0.013057,0.017320,-0.022649
1704882776,5038008,0.035913,0.009577,-9.524135,-0.014123,0.018386,-0.020784
1704882776,5038042,0.021548,0.021548,-9.478644,-0.011991,0.016521,-0.022116
1704882776,5038075,0.050278,-0.011971,-9.473856,-0.011191,0.017853,-0.023715
1704882776,5038109,0.038307,0.055067,-9.469068,-0.011991,0.013057,-0.017054
1704882776,5038143,0.064643,0.000000,-9.473856,-0.015988,0.017853,-0.021051
1704882776,5038179,0.004788,0.052672,-9.509769,-0.011991,0.014123,-0.025047
1704882776,5038213,-0.023942,-0.007183,-9.373300,-0.011991,0.015188,-0.025314
1704882776,5038247,-0.021548,0.043096,-9.490616,-0.012790,0.019185,-0.023449
1704882776,5038281,0.119710,-0.011971,-9.478644,-0.010925,0.018119,-0.019985
1704882776,5038315,0.040701,-0.007183,-9.485827,-0.013057,0.015988,-0.018652
1704882776,5038349,0.040701,0.004788,-9.406818,-0.012790,0.017054,-0.022383
1704882776,5038386,0.062249,0.007183,-9.406818,-0.015721,0.018652,-0.023715
1704882776,5038420,0.050278,0.023942,-9.445126,-0.013856,0.016521,-0.022649
1704882776,5038454,0.067038,0.043096,-9.512163,-0.014123,0.019452,-0.019985
1704882776,5038488,0.059855,0.038307,-9.399636,-0.014389,0.017587,-0.022649
