timestamp,millis,AccX,AccY,AccZ,GyroX,GyroY,GyroZ
1704887228,1583072,0.076614,-0.059855,-9.497798,-0.012257,0.019185,-0.022116
1704887228,1583095,-0.004788,0.052672,-9.378088,-0.015988,0.015188,-0.021583
1704887228,1583118,0.067038,0.090980,-9.370906,-0.013057,0.020251,-0.022649
1704887228,1583141,0.031125,0.019154,-9.425972,-0.012524,0.015455,-0.020518
1704887228,1583167,0.033519,-0.038307,-9.394848,-0.014922,0.016521,-0.025314
1704887228,1583189,-0.093374,-1.058237,-13.055582,-0.019452,-0.017587,-0.018919
1704887228,1583212,0.067038,-0.069432,-10.244789,-0.046098,-0.061819,-0.022116
1704887228,1583235,0.531513,0.577003,-11.676521,-0.032775,0.042368,-0.023182
1704887228,1583258,0.284910,-0.088585,-9.370906,-0.006395,0.074343,-0.024515
1704887228,1583281,-0.007183,0.004788,-8.583213,-0.015721,0.020518,-0.020518
1704887228,1583304,-0.045490,-0.007183,-9.167398,-0.023982,-0.011991,-0.022649
1704887228,1583329,0.028730,0.064643,-9.521740,-0.024515,-0.007727,-0.017853
1704887228,1583353,0.011971,-0.011971,-9.605537,-0.025847,-0.007727,-0.021850
1704887228,1583376,0.004788,0.057461,-9.569624,-0.021850,-0.005329,-0.020251
1704887228,1583399,-0.086191,0.138864,-9.356541,-0.028245,-0.012790,-0.022116
1704887228,1583422,0.009577,0.057461,-9.466674,-0.024781,-0.015721,-0.017853
1704887228,1583445,0.031125,0.040701,-9.804255,-0.023982,-0.005596,-0.021583
1704887228,1583471,-0.019154,0.016759,-9.514558,-0.021583,-0.001332,-0.021583
1704887228,1583494,-0.009577,-0.016759,-9.686940,-0.019985,0.002398,-0.025047
1704887228,1583518,0.023942,0.043096,-9.682152,-0.016254,0.008527,-0.021317
1704887228,1583541,0.040701,0.047884,-9.701305,-0.015455,0.016254,-0.023715
1704887228,1583564,-0.031125,0.011971,-9.543288,-0.014123,0.021317,-0.019985
1704887228,1583587,-0.093374,0.007183,-9.583989,-0.014922,0.028511,-0.021850
1704887228,1583611,-0.045490,-0.002394,-9.493010,-0.009326,0.032508,-0.022383
1704887228,1583636,-0.038307,-0.019154,-9.375694,-0.014123,0.029311,-0.021317
1704887228,1583660,0.021548,0.035913,-9.351752,-0.013057,0.027179,-0.025314
1704887228,1583683,-0.009577,0.088585,-9.490616,-0.011458,0.026646,-0.021583
1704887228,1583706,0.009577,0.038307,-9.423578,-0.010392,0.026913,-0.022916
1704887228,1583730,0.023942,0.081403,-9.433155,-0.011991,0.023982,-0.024248
1704887228,1583753,0.002394,0.031125,-9.507375,-0.014655,0.026113,-0.023182
1704887228,1583779,-0.028730,0.083797,-9.464279,-0.013856,0.021051,-0.023715
1704887228,1583802,0.023942,0.014365,-9.301474,-0.012790,0.021051,-0.022916
1704887228,1583825,0.019154,0.002394,-9.521740,-0.018119,0.018119,-0.024515
1704887228,1583848,0.031125,0.052672,-9.409213,-0.017320,0.017587,-0.023715
1704887228,1583872,0.021548,-0.002394,-9.490616,-0.018119,0.022383,-0.023982
1704887228,1583895,0.019154,0.038307,-9.526528,-0.016787,0.024248,-0.023182
1704887228,1583918,0.019154,0.047884,-7.764396,-0.007994,0.039703,-0.022383
1704887228,1583944,-0.294487,-0.074220,-8.429984,-0.012257,0.058622,-0.022383
1704887228,1583967,-1.108515,0.505177,-10.386047,-0.005329,0.139360,-0.016787
1704887228,1583990,0.143652,0.105345,-11.305421,-0.006129,0.127369,-0.021051
1704887228,1584014,0.067038,-0.076614,-10.371682,-0.005063,0.074609,-0.024248
1704887229,1584037,0.079009,0.021548,-9.327810,0.003198,0.078340,-0.024248
1704887229,1584060,0.071826,0.031125,-9.514558,0.002132,0.063951,-0.023982
1704887229,1584083,0.071826,0.069432,-9.639056,0.002665,0.061286,-0.023715
1704887229,1584109,0.105345,-0.026336,-9.380483,0.001599,0.060221,-0.024781
1704887229,1584132,0.155623,0.035913,-9.296685,0.003198,0.058622,-0.023449
1704887229,1584156,0.138864,0.000000,-9.325416,0.003464,0.066616,-0.023449
1704887229,1584179,0.146046,-0.081403,-9.311050,0.002132,0.065550,-0.020251
1704887229,1584202,0.186748,-0.026336,-9.253590,-0.001066,0.068214,-0.026380
1704887229,1584225,0.189142,0.035913,-9.279925,-0.007727,0.065816,-0.022916
1704887229,1584249,0.146046,-0.043096,-9.464279,-0.011991,0.058355,-0.023715
1704887229,1584274,0.148441,0.004788,-9.634268,-0.013057,0.047430,-0.025314
1704887229,1584298,0.126893,0.045490,-10.220847,-0.020518,0.103654,-0.020251
1704887229,1584321,0.320823,-0.095768,-9.414001,-0.017320,0.086600,-0.021051
1704887229,1584344,0.220267,-0.045490,-9.560047,-0.015721,0.050894,-0.021850
1704887229,1584368,0.148441,0.000000,-9.660604,-0.014389,0.078606,-0.018919
1704887229,1584391,0.186748,0.021548,-9.765948,-0.012257,0.138827,-0.017320
1704887229,1584417,0.174777,0.011971,-10.139444,0.002132,0.223296,-0.023982
1704887229,1584440,0.311246,-0.007183,-10.048465,0.014123,0.320021,-0.021583
1704887229,1584463,0.289698,0.004788,-9.916783,0.018919,0.404757,-0.021317
1704887229,1584486,0.428562,0.191536,-10.053253,0.033841,0.478300,-0.021583
1704887229,1584510,-0.675165,-2.559402,-3.442862,0.118842,0.324285,-0.051427
1704887229,1584533,0.344765,-1.539472,-1.843535,-0.044499,-0.123905,-0.019718
1704887229,1584556,0.023942,-0.890643,-8.499416,-0.053825,-0.116444,-0.014123
1704887229,1584589,0.725443,0.366313,-10.158598,0.051960,0.157746,-0.040502
1704887229,1584613,1.139640,0.268151,-7.132327,-0.044766,-0.105519,-0.017320
1704887229,1584636,0.648829,0.000000,-11.944673,-0.043700,-0.084202,-0.018652
1704887229,1584659,0.301669,-0.107739,-11.200075,0.026646,0.133764,-0.033041
1704887229,1584682,0.758962,0.167594,-8.456321,0.005862,0.060753,-0.025314
1704887229,1584705,0.691924,-0.067038,-9.811439,-0.024515,-0.035972,-0.021583
1704887229,1584728,0.581791,-0.026336,-11.252748,0.014655,0.083403,-0.029044
1704887229,1584753,0.864307,0.090980,-9.311050,0.018919,0.082870,-0.029577
1704887229,1584776,0.809240,-0.033519,-8.710106,-0.017320,-0.090064,-0.024515
1704887229,1584799,1.364695,-0.263362,-10.680533,-0.023182,-0.182260,-0.026913
1704887229,1584822,1.089362,0.043096,-10.431537,0.002665,-0.113247,-0.030910
1704887229,1584845,0.926556,-0.600945,-8.499416,0.012524,-0.095926,-0.061020
1704887229,1584868,0.284910,0.383072,-5.456386,-0.014655,-0.347734,-0.050894
1704887229,1584894,0.557849,0.308852,-4.228160,-0.104453,-0.847351,0.004796
1704887229,1584917,0.907402,-0.076614,-5.358223,-0.152417,-1.458349,0.004263
1704887229,1584940,-0.447716,-2.896984,-27.066450,0.446858,-0.751957,-0.073011
1704887229,1584963,-2.652776,2.504335,28.677748,-0.102055,-0.271525,-0.066349
1704887229,1584986,-4.836287,4.611232,-46.540886,-0.225960,-0.063685,-0.050361
1704887229,1585009,0.632069,-2.523489,-78.453201,0.428205,-0.386104,0.001332
1704887229,1585032,-0.359130,2.140416,9.466674,-0.159345,-0.172401,-0.029577
1704887230,1585057,0.746991,-0.375890,-17.511190,0.192652,-0.046364,-0.015721
1704887230,1585080,-0.792481,-4.716578,26.834213,0.040502,-0.271259,-0.046897
1704887230,1585103,-0.272939,0.301669,3.744531,0.083136,0.359991,-0.012524
1704887230,1585126,0.632069,1.079785,-9.282320,-0.059421,0.079139,-0.029311
1704887230,1585149,1.900996,-0.758962,-17.798496,-0.003997,0.123905,-0.017054
1704887230,1585172,-0.062249,0.608127,-6.569689,-0.013590,0.016787,-0.023715
1704887230,1585195,0.636858,-0.251391,-12.531252,-0.019985,0.008527,-0.026380
1704887230,1585220,-0.083797,-0.663194,-12.665327,-0.033308,-0.013323,-0.023449
1704887230,1585243,-0.189142,0.289698,-6.536170,-0.020518,0.031443,-0.023715
1704887230,1585266,-0.287304,0.493206,-9.059659,-0.003997,0.015721,-0.023982
1704887230,1585289,-0.371101,-0.735020,-12.114660,-0.014123,0.006395,-0.020251
1704887230,1585312,-0.090980,0.287304,-8.432379,-0.010658,0.013057,-0.019718
1704887230,1585335,0.052672,0.100556,-8.259995,-0.010925,0.012257,-0.022916
1704887230,1585360,0.141258,-0.162806,-10.850522,-0.014389,0.028511,-0.023982
1704887230,1585383,0.134075,0.086191,-10.256760,-0.018386,0.009060,-0.022649
1704887230,1585406,0.059855,-0.119710,-8.267179,-0.012790,0.023449,-0.021317
1704887230,1585429,0.057461,0.143652,-9.696517,-0.010126,0.019452,-0.021051
1704887230,1585452,0.043096,-0.184354,-10.479421,-0.015455,0.015188,-0.021850
1704887230,1585475,0.076614,0.110133,-8.959103,-0.014389,0.015988,-0.021850
1704887230,1585498,0.098162,0.119710,-8.707711,-0.011191,0.020784,-0.024781
1704887230,1585524,0.129287,0.014365,-10.067618,-0.012257,0.016787,-0.023449
1704887230,1585547,0.055067,-0.014365,-9.756371,-0.014922,0.013856,-0.021051
1704887230,1585570,0.045490,0.009577,-8.848969,-0.010392,0.012790,-0.020518
1704887230,1585592,0.064643,-0.014365,-9.289502,-0.011724,0.017853,-0.022649
1704887230,1585615,0.064643,-0.031125,-9.952697,-0.012257,0.014922,-0.019718
1704887230,1585638,0.114922,-0.011971,-9.562442,-0.013590,0.014922,-0.021850
1704887230,1585664,0.014365,-0.004788,-9.069236,-0.013323,0.016521,-0.020784
1704887230,1585687,0.071826,-0.011971,-9.356541,-0.013856,0.017054,-0.023182
1704887230,1585709,0.047884,-0.055067,-9.835381,-0.016254,0.018652,-0.023449
1704887230,1585732,0.057461,0.026336,-9.414001,-0.016254,0.014389,-0.023982
1704887230,1585755,0.043096,-0.040701,-9.064447,-0.012257,0.018119,-0.022649
1704887230,1585778,0.064643,0.014365,-9.603143,-0.014922,0.019185,-0.023982
1704887230,1585801,0.064643,0.002394,-9.658210,-0.013856,0.018919,-0.019718
1704887230,1585826,0.019154,-0.050278,-9.368511,-0.015188,0.018119,-0.022116
1704887230,1585850,0.055067,0.028730,-9.296685,-0.013590,0.020518,-0.021051
1704887230,1585873,0.021548,0.031125,-9.428367,-0.012790,0.016787,-0.022649
1704887230,1585896,0.064643,-0.016759,-9.572019,-0.015455,0.018652,-0.021051
1704887230,1585919,0.057461,0.043096,-9.378088,-0.014123,0.019452,-0.023715
1704887230,1585942,0.057461,0.002394,-9.402030,-0.012790,0.016254,-0.021583
1704887230,1585966,0.086191,-0.009577,-9.524135,-0.014123,0.012257,-0.022916
1704887230,1585991,0.090980,0.035913,-9.588778,-0.013323,0.017320,-0.023182
1704887230,1586015,0.007183,0.052672,-9.442732,-0.011458,0.017320,-0.019452
1704887231,1586038,0.000000,0.035913,-9.344569,-0.015455,0.018919,-0.019452
1704887231,1586061,-0.031125,-0.028730,-9.624691,-0.010658,0.018652,-0.022116
1704887231,1586084,0.031125,0.019154,-9.550470,-0.014123,0.019185,-0.019985
1704887231,1586108,0.081403,-0.021548,-9.418790,-0.012524,0.017320,-0.021051
1704887231,1586131,0.038307,0.004788,-9.397242,-0.013323,0.021583,-0.022649
1704887231,1586153,0.057461,0.016759,-9.576807,-0.014123,0.017853,-0.021583
1704887231,1586176,0.035913,0.009577,-9.485827,-0.015721,0.018386,-0.022916
1704887231,1586199,0.076614,0.052672,-9.334992,-0.013590,0.015988,-0.022383
1704887231,1586223,0.047884,-0.009577,-9.502586,-0.013057,0.018652,-0.023449
1704887231,1586246,0.055067,0.002394,-9.457097,-0.012257,0.019452,-0.019452
1704887231,1586269,0.069432,0.011971,-9.423578,-0.012257,0.018119,-0.023182
1704887231,1586295,0.031125,-0.016759,-9.375694,-0.011191,0.013323,-0.021051
1704887231,1586318,0.040701,-0.011971,-9.502586,-0.013590,0.019718,-0.021051
1704887231,1586342,0.067038,0.023942,-9.442732,-0.014655,0.017054,-0.021850
1704887231,1586365,0.007183,0.007183,-9.471462,-0.014922,0.020518,-0.022649
1704887231,1586388,0.074220,0.074220,-9.344569,-0.013057,0.017054,-0.020784
1704887231,1586412,0.050278,0.000000,-9.397242,-0.013057,0.017320,-0.020784
1704887231,1586435,0.035913,-0.019154,-9.394848,-0.013323,0.018386,-0.019985
1704887231,1586461,0.047884,-0.016759,-9.464279,-0.012524,0.017320,-0.021583
1704887231,1586484,0.014365,0.031125,-9.397242,-0.010925,0.016254,-0.024515
1704887231,1586507,0.014365,0.031125,-9.430760,-0.014123,0.016787,-0.022649
1704887231,1586530,0.057461,0.047884,-9.471462,-0.010126,0.018919,-0.023982
1704887231,1586554,0.079009,-0.031125,-9.509769,-0.013057,0.020784,-0.019452
1704887231,1586577,0.098162,-0.019154,-9.385271,-0.010126,0.019452,-0.022916
1704887231,1586600,0.023942,0.023942,-9.507375,-0.015988,0.015988,-0.022649
1704887231,1586626,0.021548,-0.009577,-9.493010,-0.017054,0.015455,-0.021317
1704887231,1586649,0.055067,-0.033519,-9.500193,-0.015188,0.019452,-0.021317
1704887231,1586672,0.016759,-0.004788,-9.528923,-0.010925,0.018919,-0.022116
1704887231,1586696,0.014365,-0.086191,-9.447520,-0.013057,0.014922,-0.021317
1704887231,1586719,0.040701,-0.002394,-9.507375,-0.009859,0.014922,-0.023715
1704887231,1586742,0.055067,0.009577,-9.481039,-0.013323,0.017587,-0.023982
1704887231,1586768,0.083797,0.038307,-9.409213,-0.015721,0.023449,-0.021583
1704887231,1586791,0.014365,-0.052672,-9.504981,-0.013856,0.015455,-0.023449
1704887231,1586814,0.057461,-0.035913,-9.504981,-0.016254,0.018386,-0.020784
1704887231,1586838,0.040701,-0.028730,-9.485827,-0.014655,0.017853,-0.022649
1704887231,1586861,0.031125,-0.035913,-9.399636,-0.011724,0.018919,-0.025047
1704887231,1586884,0.064643,0.023942,-9.421184,-0.010392,0.019452,-0.021583
1704887231,1586908,0.052672,0.031125,-9.423578,-0.011991,0.016254,-0.021051
1704887231,1586933,0.069432,0.000000,-9.445126,-0.009326,0.017054,-0.023715
1704887231,1586956,0.055067,0.021548,-9.478644,-0.012524,0.018386,-0.021583
1704887231,1586980,0.083797,-0.011971,-9.435549,-0.012257,0.017853,-0.021583
1704887231,1587003,0.090980,-0.007183,-9.421184,-0.011191,0.017054,-0.022916
1704887231,1587026,0.064643,-0.019154,-9.416395,-0.014655,0.017054,-0.021583
