timestamp,millis,AccX,AccY,AccZ,GyroX,GyroY,GyroZ
1706616602,2850803,0.076614,-0.038307,-9.581595,-0.015721,0.015455,-0.019452
1706616602,2850831,0.081403,-0.016759,-9.593566,-0.012257,0.016254,-0.022383
1706616602,2850858,0.057461,-0.011971,-9.540894,-0.014922,0.015188,-0.022649
1706616602,2850886,0.124498,-0.021548,-9.562442,-0.015721,0.019452,-0.019985
1706616602,2850913,0.083797,-0.040701,-9.509769,-0.015188,0.016787,-0.022116
1706616602,2850939,0.119710,-0.100556,-9.476251,-0.013856,0.017054,-0.019185
1706616602,2850967,0.079009,-0.021548,-9.572019,-0.014922,0.017054,-0.023982
1706616602,2850994,0.093374,-0.038307,-9.497798,-0.014123,0.015988,-0.021583
1706616602,2851022,0.021548,-0.028730,-9.509769,-0.012790,0.017853,-0.021583
1706616602,2851049,0.050278,-0.014365,-9.572019,-0.010392,0.018919,-0.022649
1706616602,2851077,0.071826,-0.074220,-9.495404,-0.015455,0.016787,-0.019718
1706616602,2851107,0.102951,-0.004788,-9.531317,-0.011724,0.018652,-0.018386
1706616602,2851134,0.045490,-0.019154,-9.581595,-0.011991,0.017853,-0.019452
1706616602,2851162,0.100556,-0.040701,-9.497798,-0.012257,0.014655,-0.021583
1706616602,2851190,0.110133,-0.007183,-9.497798,-0.013057,0.017587,-0.018652
1706616602,2851217,0.093374,-0.009577,-9.493010,-0.013057,0.019452,-0.022116
1706616602,2851245,0.107739,-0.050278,-9.476251,-0.010658,0.017320,-0.019452
1706616602,2851272,0.143652,-0.038307,-9.488221,-0.010658,0.019985,-0.018119
1706616602,2851302,0.117316,-0.079009,-9.519346,-0.016254,0.020518,-0.023449
1706616602,2851330,0.059855,-0.031125,-9.564836,-0.015188,0.017853,-0.022116
1706616602,2851357,0.100556,-0.023942,-9.588778,-0.012790,0.017054,-0.019985
1706616602,2851385,0.129287,-0.016759,-9.476251,-0.013323,0.015455,-0.019718
1706616602,2851412,0.105345,-0.023942,-9.598354,-0.012790,0.019985,-0.022916
1706616602,2851440,0.117316,-0.002394,-9.552865,-0.014123,0.017054,-0.021317
1706616602,2851470,0.031125,-0.028730,-9.533711,-0.013590,0.016521,-0.021583
1706616602,2851498,0.069432,0.023942,-9.651027,-0.011724,0.019185,-0.021583
1706616602,2851525,0.136469,0.002394,-9.526528,-0.013590,0.018652,-0.021583
1706616602,2851553,0.090980,-0.004788,-9.588778,-0.013057,0.016254,-0.019185
1706616602,2851580,0.146046,-0.045490,-9.507375,-0.012524,0.018919,-0.024781
1706616602,2851608,0.138864,-0.016759,-9.514558,-0.011724,0.017587,-0.025047
1706616602,2851635,0.110133,0.019154,-9.536105,-0.012257,0.018652,-0.022649
1706616602,2851665,0.158017,-0.055067,-9.490616,-0.015455,0.015988,-0.021583
1706616602,2851693,0.110133,-0.026336,-9.519346,-0.010925,0.019718,-0.021850
1706616602,2851720,0.088585,0.028730,-9.490616,-0.013856,0.015988,-0.023982
1706616602,2851748,0.079009,-0.035913,-9.545682,-0.014922,0.017320,-0.020251
1706616602,2851775,0.047884,-0.011971,-9.493010,-0.013323,0.020518,-0.022116
1706616603,2851803,0.110133,-0.028730,-9.490616,-0.017320,0.017853,-0.019985
1706616603,2851831,0.126893,-0.026336,-9.471462,-0.016254,0.017054,-0.021850
1706616603,2851861,0.129287,0.000000,-9.452309,-0.016254,0.016787,-0.022116
1706616603,2851888,0.131681,0.011971,-9.548077,-0.013856,0.014389,-0.022916
1706616603,2851916,0.160412,-0.002394,-9.449914,-0.014655,0.015988,-0.020518
1706616603,2851943,0.153229,-0.021548,-9.485827,-0.015455,0.015988,-0.026646
1706616603,2851971,0.114922,0.035913,-9.555259,-0.014123,0.017587,-0.020251
1706616603,2851998,0.126893,-0.059855,-9.509769,-0.014655,0.019452,-0.018652
1706616603,2852028,0.114922,-0.014365,-9.464279,-0.013323,0.017587,-0.023182
1706616603,2852056,0.090980,-0.023942,-9.538500,-0.011191,0.018652,-0.016521
1706616603,2852083,0.083797,-0.062249,-9.579201,-0.010658,0.017853,-0.024248
1706616603,2852111,-0.129287,0.433351,-8.889671,-0.014922,0.047963,-0.018119
1706616603,2852138,-0.378284,0.074220,-7.151481,-0.009326,0.062352,-0.021850
1706616603,2852165,-0.454898,-1.072602,-11.453861,-0.009593,0.013323,-0.023715
1706616603,2852193,-0.213084,0.440533,-9.560047,-0.013856,0.040769,-0.023182
1706616603,2852231,-0.019154,-0.090980,-9.698911,-0.025580,0.051960,-0.023982
1706616603,2852259,-0.031125,-0.059855,-9.864111,-0.021850,0.039170,-0.022116
1706616603,2852286,0.201113,0.124498,-9.789890,-0.033308,0.035173,-0.023449
1706616603,2852313,0.117316,0.000000,-9.770737,-0.020251,0.010658,-0.023449
1706616603,2852340,0.141258,-0.019154,-9.938332,-0.018652,-0.001865,-0.024781
1706616603,2852368,0.148441,-0.038307,-9.452309,-0.015188,-0.020784,-0.022116
1706616603,2852395,0.124498,0.021548,-9.732430,-0.014922,-0.033041,-0.023449
1706616603,2852424,0.098162,0.033519,-9.555259,-0.012257,-0.043167,-0.021850
1706616603,2852452,0.136469,0.043096,-9.524135,-0.012524,-0.035972,-0.024248
1706616603,2852479,0.081403,-0.007183,-9.560047,-0.011191,-0.026113,-0.020784
1706616603,2852506,0.146046,-0.026336,-9.548077,-0.013057,-0.023449,-0.021317
1706616603,2852533,0.093374,-0.047884,-9.725247,-0.011991,-0.015721,-0.027179
1706616603,2852561,0.067038,-0.002394,-9.545682,-0.010126,-0.003730,-0.023982
1706616603,2852590,0.050278,0.031125,-9.730036,-0.010126,0.014655,-0.023715
1706616603,2852617,0.081403,-0.004788,-9.447520,-0.010392,0.009326,-0.023449
1706616603,2852645,0.050278,-0.016759,-9.320627,-0.008260,0.005596,-0.022649
1706616603,2852672,0.071826,-0.009577,-9.435549,-0.009326,0.004796,-0.020518
1706616603,2852699,0.062249,-0.002394,-9.370906,-0.011991,0.002132,-0.022649
1706616603,2852726,0.076614,0.007183,-9.569624,-0.014655,0.007727,-0.022916
1706616603,2852754,0.004788,0.043096,-9.282320,-0.010392,0.008527,-0.022649
1706616604,2852783,0.028730,-0.040701,-9.722853,-0.015455,-0.004530,-0.021317
1706616604,2852810,1.754950,-0.536301,-3.277662,-0.054625,0.006662,-0.021317
1706616604,2852838,0.019154,1.383849,-11.937490,-0.039436,-0.025580,-0.016787
1706616604,2852865,0.210690,0.720655,-10.357317,-0.011191,0.036505,-0.019452
1706616604,2852892,0.574608,-0.373495,-10.362105,-0.028245,-0.000799,-0.019185
1706616604,2852919,0.316035,-0.110133,-9.811439,-0.016254,0.014123,-0.021583
1706616604,2852947,0.090980,0.143652,-10.232818,-0.007994,0.027712,-0.020784
1706616604,2852976,0.052672,-0.057461,-10.953473,-0.000266,0.060221,-0.019718
1706616604,2853003,-0.150835,0.040701,-9.074024,-0.002931,0.083936,-0.025314
1706616604,2853031,-0.083797,0.433351,-9.672575,0.000266,0.073810,-0.026646
1706616604,2853058,0.090980,-0.486023,-9.871294,-0.007994,0.049828,-0.026913
1706616604,2853085,0.050278,-0.256180,-9.770737,-0.012257,0.045832,-0.021051
1706616604,2853112,0.069432,-0.129287,-9.193734,-0.021317,0.023449,-0.025047
1706616604,2853142,0.004788,0.057461,-9.368511,-0.003464,0.064484,-0.021583
1706616604,2853169,0.090980,-0.387861,-8.090008,0.027712,0.103387,-0.018386
1706616604,2853196,0.064643,0.098162,-7.627927,-0.052493,-0.075942,-0.023449
1706616604,2853224,-0.040701,-0.225055,-9.464279,0.012257,0.067415,-0.019452
1706616604,2853251,0.500388,-0.071826,-11.145009,-0.006395,0.041835,-0.022383
1706616604,2853278,0.146046,0.028730,-8.422802,-0.036772,-0.036239,-0.019985
1706616604,2853305,0.014365,-0.141258,-9.251195,0.007994,0.088199,-0.018386
1706616604,2853335,0.169988,0.299275,-10.089166,-0.026380,-0.032508,-0.021051
1706616604,2853362,0.004788,0.304064,-10.158598,-0.018919,-0.003997,-0.020784
1706616604,2853390,0.160412,-0.162806,-9.205706,0.004263,0.050894,-0.019452
1706616604,2853417,0.196325,-0.160412,-9.014170,-0.029044,-0.018919,-0.021850
1706616604,2853444,0.040701,0.093374,-9.789890,-0.007994,0.034107,-0.019985
1706616604,2853471,0.244209,0.071826,-9.856929,-0.006662,0.041835,-0.018919
1706616604,2853499,0.086191,-0.033519,-9.167398,-0.028511,-0.005329,-0.022649
1706616604,2853528,-0.059855,-0.055067,-9.308656,-0.005329,0.038637,-0.022116
1706616604,2853555,0.160412,-0.105345,-10.120291,-0.011191,0.013590,-0.023449
1706616604,2853582,0.074220,0.067038,-9.272743,-0.020784,-0.001332,-0.023182
1706616604,2853610,0.141258,-0.064643,-9.378088,-0.002132,0.037038,-0.022383
1706616604,2853637,0.124498,-0.011971,-9.801862,-0.017853,0.005862,-0.020518
1706616604,2853664,0.040701,-0.038307,-9.380483,-0.014922,0.013590,-0.021850
1706616604,2853694,0.110133,-0.076614,-9.588778,-0.008260,0.029044,-0.019985
1706616604,2853721,0.117316,-0.079009,-9.485827,-0.021051,0.007461,-0.019718
1706616604,2853749,0.124498,-0.064643,-9.469068,-0.012790,0.021317,-0.018386
1706616605,2853776,0.124498,-0.076614,-9.622296,-0.011191,0.024781,-0.017853
1706616605,2853804,0.064643,-0.055067,-9.514558,-0.018119,0.010392,-0.022116
1706616605,2853831,0.081403,0.011971,-9.514558,-0.012257,0.023449,-0.019985
1706616605,2853859,0.167594,-0.016759,-9.548077,-0.014123,0.014389,-0.020784
1706616605,2853889,0.102951,0.040701,-9.464279,-0.014389,0.015988,-0.020784
1706616605,2853916,0.124498,-0.045490,-9.543288,-0.013323,0.020784,-0.025314
1706616605,2853944,0.090980,-0.014365,-9.497798,-0.016254,0.015188,-0.018919
1706616605,2853971,0.083797,0.023942,-9.579201,-0.010925,0.018919,-0.022383
1706616605,2853999,0.131681,0.002394,-9.545682,-0.015988,0.015188,-0.020251
1706616605,2854026,0.119710,-0.011971,-9.414001,-0.014123,0.017320,-0.021051
1706616605,2854054,0.160412,-0.004788,-9.548077,-0.011458,0.022649,-0.019452
1706616605,2854084,0.134075,0.002394,-9.538500,-0.013323,0.010392,-0.019185
1706616605,2854111,0.086191,0.000000,-9.509769,-0.013057,0.021583,-0.018919
1706616605,2854139,0.071826,-0.014365,-9.686940,-0.011991,0.018652,-0.024515
1706616605,2854166,0.057461,-0.004788,-9.500193,-0.014655,0.017587,-0.023982
1706616605,2854194,0.081403,-0.007183,-9.495404,-0.010392,0.017853,-0.018652
1706616605,2854221,0.098162,-0.004788,-9.473856,-0.015188,0.018119,-0.019185
1706616605,2854251,0.114922,-0.014365,-9.555259,-0.010658,0.018919,-0.022916
1706616605,2854279,0.150835,-0.009577,-9.610326,-0.016787,0.015188,-0.021850
1706616605,2854306,0.100556,0.021548,-9.552865,-0.015721,0.014922,-0.022383
1706616605,2854334,0.124498,0.011971,-9.583989,-0.013323,0.019718,-0.021317
1706616605,2854361,0.122104,-0.031125,-9.531317,-0.015721,0.013856,-0.023182
1706616605,2854389,0.069432,-0.011971,-9.485827,-0.014655,0.016787,-0.021317
1706616605,2854417,0.122104,0.033519,-9.536105,-0.011724,0.016787,-0.021317
1706616605,2854447,0.134075,-0.023942,-9.598354,-0.015455,0.020518,-0.020518
1706616605,2854474,0.143652,-0.021548,-9.466674,-0.011991,0.017320,-0.021850
1706616605,2854502,0.119710,-0.040701,-9.576807,-0.015721,0.019452,-0.020251
1706616605,2854529,0.098162,0.023942,-9.548077,-0.012257,0.021051,-0.020251
1706616605,2854557,0.100556,-0.081403,-9.516952,-0.016254,0.020518,-0.019718
1706616605,2854584,0.119710,-0.007183,-9.502586,-0.015721,0.017320,-0.024248
1706616605,2854612,0.107739,-0.019154,-9.516952,-0.014123,0.014655,-0.018919
1706616605,2854642,0.028730,0.004788,-9.516952,-0.012524,0.013057,-0.024781
1706616605,2854670,0.107739,0.023942,-9.550470,-0.013590,0.016521,-0.021583
1706616605,2854697,0.136469,0.050278,-9.483433,-0.015188,0.017587,-0.023982
1706616605,2854725,0.090980,0.007183,-9.454702,-0.015188,0.016521,-0.022916
1706616605,2854752,0.112527,-0.028730,-9.538500,-0.014123,0.013856,-0.020784
