timestamp,millis,AccX,AccY,AccZ,GyroX,GyroY,GyroZ
1703069902,2087367,0.193930,-0.011971,-9.454702
1703069902,2087388,0.227449,0.038307,-9.373300
1703069902,2087410,0.148441,0.059855,-9.471462
1703069902,2087432,0.172383,0.011971,-9.552865
1703069902,2087454,0.215478,0.038307,-9.442732
1703069902,2087476,0.237026,0.059855,-9.428367
1703069902,2087497,0.177171,0.043096,-9.526528
1703069902,2087519,0.196325,0.074220,-9.469068
1703069902,2087543,0.193930,0.064643,-9.466674
1703069902,2087565,0.225055,-0.057461,-9.459491
1703069902,2087587,0.222661,0.045490,-9.591172
1703069902,2087609,0.165200,0.045490,-9.495404
1703069902,2087630,0.184354,0.038307,-9.437943
1703069902,2087652,0.213084,0.079009,-9.461885
1703069902,2087674,0.172383,0.031125,-9.507375
1703069902,2087696,0.234632,-0.004788,-9.504981
1703069902,2087718,0.186748,0.059855,-9.507375
1703069902,2087739,0.248997,0.019154,-9.428367
1703069902,2087761,0.184354,-0.009577,-9.447520
1703069902,2087785,0.318429,0.780510,-8.688558
1703069902,2087807,0.057461,0.050278,-10.067618
1703069902,2087829,0.093374,0.301669,-8.717288
1703069902,2087851,0.296881,0.000000,-9.957485
1703069902,2087872,0.237026,0.045490,-8.535329
1703069902,2087894,-0.351948,-0.193930,-10.364499
1703069902,2087916,0.208296,0.067038,-9.734824
1703069902,2087938,-0.253785,0.201113,-9.423578
1703069902,2087959,0.323217,0.043096,-9.756371
1703069902,2087981,0.083797,0.064643,-9.643845
1703069902,2088003,0.102951,0.057461,-9.552865
1703069902,2088027,0.131681,0.007183,-9.612720
1703069902,2088049,0.129287,0.033519,-9.658210
1703069902,2088071,0.119710,0.057461,-9.447520
1703069902,2088093,0.122104,0.031125,-9.579201
1703069902,2088114,0.167594,-0.004788,-9.552865
1703069902,2088136,0.126893,0.081403,-9.490616
1703069902,2088158,0.131681,0.007183,-9.212888
1703069902,2088180,0.122104,0.021548,-9.320627
1703069902,2088201,0.114922,0.007183,-9.567230
1703069902,2088223,0.105345,0.002394,-9.543288
1703069902,2088245,0.102951,0.040701,-9.514558
1703069902,2088265,0.114922,0.098162,-9.430760
1703069902,2088287,0.052672,0.090980,-9.531317
1703069902,2088309,0.086191,0.122104,-9.421184
1703069902,2088331,0.050278,-0.067038,-9.392453
1703069903,2088352,0.076614,0.007183,-9.279925
1703069903,2088374,0.095768,0.067038,-9.430760
1703069903,2088396,0.076614,0.083797,-9.133880
1703069903,2088418,0.110133,0.076614,-9.686940
1703069903,2088440,0.071826,0.079009,-9.576807
1703069903,2088461,0.019154,0.062249,-9.323022
1703069903,2088486,0.043096,0.016759,-9.495404
1703069903,2088507,0.064643,0.057461,-9.576807
1703069903,2088529,0.059855,0.023942,-9.727641
1703069903,2088551,0.160412,0.019154,-9.928755
1703069903,2088572,0.057461,-0.009577,-9.952697
1703069903,2088594,0.119710,0.114922,-9.943120
1703069903,2088616,-0.339977,-0.069432,-9.615114
1703069903,2088637,0.390255,0.430956,-9.148245
1703069903,2088659,-0.114922,-0.342371,-8.087613
1703069903,2088681,-0.239420,0.234632,-6.438008
1703069903,2088703,-1.436521,0.062249,-6.131551
1703069903,2088734,-1.276109,-0.916979,-17.154455
1703069903,2088757,3.524265,0.507571,-12.648567
1703069903,2088778,-0.790087,-0.555455,-4.999093
1703069903,2088800,1.067814,0.308852,-8.370130
1703069903,2088821,-0.588974,0.294487,-14.446613
1703069903,2088842,-0.002394,-0.234632,-7.388506
1703069903,2088864,1.314417,0.332794,-8.552089
1703069903,2088885,-1.388637,-0.193930,-11.319786
1703069903,2088907,0.117316,-0.174777,-9.952697
1703069903,2088928,1.297657,-0.081403,-6.342240
1703069903,2088950,0.967257,-0.146046,-10.345345
1703069903,2088973,-0.454898,-0.143652,-12.440272
1703069903,2088995,-0.871489,0.354342,-7.886500
1703069903,2089017,0.648829,-0.011971,-7.110779
1703069903,2089038,0.040701,-0.361524,-12.320562
1703069903,2089060,0.675165,0.237026,-10.007763
1703069903,2089081,0.272939,0.150835,-6.502652
1703069903,2089103,0.787692,0.031125,-10.084377
1703069903,2089124,0.237026,-0.545878,-10.728417
1703069903,2089146,-0.119710,0.600945,-8.046912
1703069903,2089167,-0.356736,0.150835,-8.525752
1703069903,2089191,0.392649,-0.102951,-11.027693
1703069903,2089213,0.098162,0.172383,-10.204087
1703069903,2089234,0.143652,0.028730,-7.496245
1703069903,2089256,0.335188,0.184354,-9.734824
1703069903,2089277,0.464475,-0.136469,-11.183316
1703069903,2089299,0.131681,0.107739,-8.465898
1703069903,2089320,0.241814,0.064643,-8.446744
1703069904,2089342,0.213084,-0.019154,-10.876859
1703069904,2089363,0.232238,0.007183,-9.677363
1703069904,2089385,0.148441,0.117316,-7.809886
1703069904,2089407,0.129287,0.105345,-9.804255
1703069904,2089431,0.110133,-0.217872,-10.864887
1703069904,2089452,0.198719,0.181959,-9.081207
1703069904,2089474,0.141258,0.081403,-8.324639
1703069904,2089495,0.227449,-0.031125,-10.338163
1703069904,2089517,0.143652,-0.016759,-10.036493
1703069904,2089538,0.256180,0.100556,-8.319851
1703069904,2089560,0.198719,0.129287,-9.380483
1703069904,2089581,0.229843,-0.150835,-10.697293
1703069904,2089603,0.169988,0.110133,-9.165004
1703069904,2089624,0.232238,0.057461,-8.547300
1703069904,2089646,0.160412,-0.011971,-10.072407
1703069904,2089670,0.148441,-0.059855,-10.208876
1703069904,2089691,0.229843,0.110133,-8.717288
1703069904,2089713,0.186748,0.071826,-8.968679
1703069904,2089734,0.189142,-0.069432,-10.433931
1703069904,2089756,0.251391,0.079009,-9.449914
1703069904,2089777,0.148441,0.074220,-8.528147
1703069904,2089799,0.155623,0.002394,-9.959879
1703069904,2089821,0.208296,-0.038307,-10.058042
1703069904,2089842,0.193930,0.076614,-8.865729
1703069904,2089864,0.191536,0.098162,-9.083601
1703069904,2089888,0.186748,-0.067038,-10.036493
1703069904,2089909,0.126893,0.035913,-9.691729
1703069904,2089930,0.258574,0.107739,-8.781932
1703069904,2089952,0.181959,0.040701,-9.509769
1703069904,2089973,0.160412,-0.019154,-10.081984
1703069904,2089995,0.201113,0.038307,-9.224859
1703069904,2090016,0.167594,0.043096,-9.014170
1703069904,2090038,0.208296,0.026336,-9.935937
1703069904,2090059,0.215478,-0.040701,-9.689334
1703069904,2090081,0.213084,0.038307,-9.018958
1703069904,2090102,0.129287,0.114922,-9.423578
1703069904,2090126,0.126893,-0.095768,-10.019734
1703069904,2090148,0.217872,0.040701,-9.421184
1703069904,2090169,0.186748,0.002394,-9.050082
1703069904,2090191,0.174777,0.040701,-9.753978
1703069904,2090212,0.220267,-0.023942,-9.775525
1703069904,2090234,0.169988,0.071826,-9.107543
1703069904,2090255,0.169988,0.035913,-9.244013
1703069904,2090277,0.177171,0.023942,-9.916783
1703069904,2090298,0.186748,0.079009,-9.402030
1703069904,2090320,0.174777,0.076614,-9.066842
1703069905,2090341,0.234632,0.007183,-9.639056
1703069905,2090365,0.263362,0.016759,-9.785102
1703069905,2090387,0.234632,0.011971,-9.229648
1703069905,2090408,0.237026,0.110133,-9.184157
1703069905,2090429,0.189142,-0.026336,-9.811439
1703069905,2090451,0.193930,0.028730,-9.624691
1703069905,2090472,0.179565,0.004788,-9.088389
1703069905,2090494,0.263362,0.040701,-9.502586
1703069905,2090515,0.174777,-0.033519,-9.708488
1703069905,2090537,0.241814,0.067038,-9.263166
1703069905,2090558,0.172383,0.057461,-9.251195
1703069905,2090580,0.213084,0.038307,-9.698911
1703069905,2090603,0.181959,0.088585,-9.612720
1703069905,2090625,0.143652,0.031125,-9.229648
1703069905,2090647,0.220267,0.023942,-9.368511
1703069905,2090668,0.203507,0.023942,-9.660604
1703069905,2090690,0.165200,0.014365,-9.437943
1703069905,2090712,0.189142,0.035913,-9.203311
1703069905,2090734,0.201113,0.009577,-9.612720
1703069905,2090755,0.186748,0.052672,-9.696517
1703069905,2090777,0.217872,0.026336,-9.308656
1703069905,2090799,0.167594,0.059855,-9.289502
1703069905,2090821,0.184354,-0.019154,-9.579201
1703069905,2090845,0.172383,0.026336,-9.598354
1703069905,2090867,0.227449,0.021548,-9.239224
1703069905,2090888,0.215478,0.035913,-9.469068
1703069905,2090910,0.136469,-0.033519,-9.655815
1703069905,2090932,0.198719,0.011971,-9.500193
1703069905,2090954,0.203507,0.043096,-9.196129
1703069905,2090976,0.181959,0.033519,-9.560047
1703069905,2090997,0.193930,-0.026336,-9.550470
1703069905,2091019,0.181959,0.038307,-9.454702
1703069905,2091041,0.158017,0.043096,-9.349358
1703069905,2091063,0.210690,0.069432,-9.550470
1703069905,2091087,0.172383,0.000000,-9.694122
1703069905,2091109,0.210690,0.035913,-9.332599
1703069905,2091131,0.227449,0.014365,-9.351752
1703069905,2091152,0.179565,0.033519,-9.562442
1703069905,2091174,0.172383,0.038307,-9.493010
1703069905,2091196,0.117316,0.021548,-9.334992
1703069905,2091218,0.213084,-0.019154,-9.418790
1703069905,2091240,0.232238,0.007183,-9.521740
1703069905,2091261,0.196325,0.057461,-9.404425
1703069905,2091283,0.198719,0.067038,-9.392453
1703069905,2091305,0.181959,0.055067,-9.488221
1703069905,2091329,0.220267,0.016759,-9.562442
