timestamp,millis,AccX,AccY,AccZ,GyroX,GyroY,GyroZ
1703070165,2350376,0.213084,0.026336,-9.445126
1703070165,2350398,0.237026,0.045490,-9.459491
1703070165,2350422,0.153229,0.009577,-9.495404
1703070165,2350444,0.172383,0.016759,-9.497798
1703070165,2350466,0.191536,-0.009577,-9.478644
1703070165,2350488,0.292093,0.021548,-9.411607
1703070165,2350510,0.177171,0.023942,-9.526528
1703070165,2350531,0.172383,0.028730,-9.445126
1703070165,2350553,0.198719,0.100556,-9.433155
1703070165,2350575,0.196325,-0.040701,-9.521740
1703070165,2350597,0.165200,0.059855,-9.493010
1703070165,2350619,0.160412,0.038307,-9.490616
1703070165,2350641,0.160412,0.019154,-9.392453
1703070165,2350665,0.146046,0.050278,-9.500193
1703070165,2350687,0.189142,-0.021548,-9.495404
1703070165,2350709,0.208296,0.028730,-9.425972
1703070165,2350731,0.179565,0.011971,-9.521740
1703070165,2350753,0.184354,0.047884,-9.402030
1703070165,2350775,0.203507,0.079009,-9.612720
1703070165,2350796,0.253785,-0.009577,-9.356541
1703070165,2350818,0.181959,-0.038307,-9.493010
1703070165,2350840,0.260968,0.040701,-9.390059
1703070165,2350862,0.208296,0.050278,-9.404425
1703070165,2350884,0.138864,-0.004788,-9.392453
1703070165,2350908,0.028730,-0.088585,-8.386889
1703070165,2350930,0.869095,0.426168,-7.115568
1703070165,2350952,0.004788,0.227449,-12.768278
1703070165,2350974,-0.318429,-0.399832,-11.413159
1703070165,2350996,-0.428562,0.426168,-9.090784
1703070165,2351018,0.100556,-0.888249,-8.202535
1703070165,2351040,0.560243,-0.519542,-10.556035
1703070165,2351062,-0.105345,1.007959,-8.015787
1703070165,2351083,0.253785,-0.229843,-10.740389
1703070165,2351105,-0.074220,-0.062249,-8.736442
1703070165,2351130,0.064643,-0.347159,-9.667787
1703070165,2351152,0.232238,-0.186748,-10.716447
1703070165,2351173,0.119710,-0.090980,-10.857705
1703070165,2351195,0.057461,-0.071826,-10.299856
1703070165,2351217,0.102951,0.014365,-9.873688
1703070165,2351239,0.100556,0.038307,-9.725247
1703070165,2351272,0.083797,0.038307,-9.624691
1703070165,2351293,0.098162,0.095768,-9.557653
1703070165,2351315,0.112527,0.002394,-9.375694
1703070165,2351337,0.105345,0.055067,-9.200917
1703070166,2351359,0.126893,0.067038,-9.282320
1703070166,2351383,0.050278,0.040701,-9.093178
1703070166,2351405,-2.786851,-0.541090,-8.176199
1703070166,2351427,-0.253785,0.486023,-9.184157
1703070166,2351449,-1.795651,0.215478,-10.309433
1703070166,2351471,-0.483629,-0.215478,-10.026917
1703070166,2351493,0.914585,-0.023942,-9.196129
1703070166,2351514,-0.059855,0.222661,-9.409213
1703070166,2351536,0.052672,-0.059855,-8.935161
1703070166,2351558,0.222661,-0.038307,-9.950302
1703070166,2351580,0.229843,0.148441,-9.720459
1703070166,2351602,0.237026,0.000000,-9.375694
1703070166,2351626,0.256180,-0.004788,-9.078813
1703070166,2351648,0.260968,0.119710,-10.010158
1703070166,2351670,0.284910,0.102951,-8.916007
1703070166,2351691,0.258574,0.040701,-9.301474
1703070166,2351713,0.320823,0.052672,-10.512939
1703070166,2351735,0.280122,-0.011971,-9.655815
1703070166,2351757,1.900996,-0.375890,-10.354922
1703070166,2351778,1.884237,-0.328006,-8.451532
1703070166,2351800,-2.284068,0.567426,-8.547300
1703070166,2351822,-0.225055,-0.526724,-8.762778
1703070166,2351854,-0.100556,0.641646,-9.689334
1703070166,2351876,0.079009,0.644040,-7.311892
1703070166,2351898,0.064643,0.244209,-8.487445
1703070166,2351919,0.229843,-0.567426,-12.176909
1703070166,2351941,0.277727,0.272939,-9.303867
1703070166,2351962,0.126893,0.248997,-6.572083
1703070166,2351984,0.241814,0.047884,-11.022904
1703070166,2352005,0.294487,0.067038,-11.726800
1703070166,2352027,-0.064643,-0.174777,-7.132327
1703070166,2352048,0.246603,0.378284,-8.702923
1703070166,2352070,0.134075,0.031125,-11.769896
1703070166,2352094,0.272939,-0.244209,-10.062830
1703070166,2352115,0.086191,0.347159,-7.369353
1703070166,2352137,0.179565,0.119710,-9.904813
1703070166,2352158,0.186748,-0.373495,-11.432313
1703070166,2352180,0.208296,0.196325,-8.166622
1703070166,2352201,0.198719,0.201113,-8.154651
1703070166,2352223,0.186748,-0.167594,-11.140221
1703070166,2352244,0.244209,0.050278,-9.897630
1703070166,2352266,0.143652,0.205901,-7.625533
1703070166,2352288,0.280122,-0.033519,-9.662998
1703070166,2352309,0.191536,-0.067038,-11.008539
1703070166,2352333,0.172383,0.098162,-9.105149
1703070167,2352355,0.162806,0.124498,-7.996634
1703070167,2352376,0.237026,-0.023942,-10.311827
1703070167,2352398,0.227449,-0.028730,-10.577583
1703070167,2352419,0.208296,0.083797,-8.408437
1703070167,2352441,0.141258,0.129287,-8.911219
1703070167,2352463,0.265756,-0.067038,-10.747571
1703070167,2352484,0.165200,0.057461,-9.327810
1703070167,2352506,0.150835,0.064643,-8.276755
1703070167,2352527,0.174777,0.100556,-9.823410
1703070167,2352549,0.155623,0.021548,-10.359711
1703070167,2352573,0.246603,0.023942,-9.141062
1703070167,2352594,0.162806,0.047884,-8.511387
1703070167,2352616,0.169988,-0.023942,-10.156203
1703070167,2352637,0.287304,-0.002394,-10.156203
1703070167,2352659,0.201113,0.069432,-8.556877
1703070167,2352681,0.174777,0.035913,-9.184157
1703070167,2352702,0.239420,-0.038307,-10.369287
1703070167,2352724,0.215478,0.019154,-9.323022
1703070167,2352745,0.210690,0.071826,-8.757990
1703070167,2352767,0.241814,-0.081403,-9.919178
1703070167,2352791,0.198719,0.007183,-10.259154
1703070167,2352812,0.258574,0.122104,-8.930372
1703070167,2352834,0.148441,0.083797,-8.923190
1703070167,2352855,0.169988,0.028730,-10.067618
1703070167,2352877,0.287304,0.007183,-9.789890
1703070167,2352899,0.177171,0.083797,-8.834604
1703070167,2352920,0.189142,0.023942,-9.469068
1703070167,2352942,0.205901,-0.014365,-10.065224
1703070167,2352963,0.158017,0.086191,-9.145850
1703070167,2352985,0.215478,0.031125,-8.997410
1703070167,2353006,0.143652,-0.011971,-9.859323
1703070167,2353030,0.169988,-0.050278,-9.888053
1703070167,2353052,0.217872,0.059855,-9.109938
1703070167,2353073,0.213084,0.050278,-9.186552
1703070167,2353095,0.277727,0.021548,-9.859323
1703070167,2353117,0.201113,0.047884,-9.581595
1703070167,2353138,0.258574,0.038307,-8.963891
1703070167,2353160,0.162806,0.045490,-9.356541
1703070167,2353181,0.265756,0.031125,-9.868899
1703070167,2353203,0.148441,0.057461,-9.323022
1703070167,2353224,0.158017,0.038307,-9.167398
1703070167,2353246,0.179565,0.031125,-9.708488
1703070167,2353270,0.225055,0.031125,-9.797073
1703070167,2353292,0.239420,0.083797,-9.095572
1703070167,2353313,0.148441,0.038307,-9.227253
1703070167,2353335,0.220267,0.004788,-9.821015
1703070168,2353356,0.237026,-0.026336,-9.497798
1703070168,2353378,0.196325,0.026336,-8.978256
1703070168,2353399,0.160412,0.071826,-9.528923
1703070168,2353421,0.222661,0.019154,-9.746795
1703070168,2353443,0.191536,-0.007183,-9.363723
1703070168,2353464,0.215478,0.026336,-9.193734
1703070168,2353486,0.177171,0.057461,-9.713276
1703070168,2353510,0.232238,0.040701,-9.682152
1703070168,2353531,0.213084,0.059855,-9.239224
1703070168,2353553,0.184354,0.038307,-9.311050
1703070168,2353574,0.232238,-0.002394,-9.672575
1703070168,2353596,0.241814,0.047884,-9.433155
1703070168,2353617,0.222661,0.067038,-9.232041
1703070168,2353639,0.160412,-0.014365,-9.588778
1703070168,2353660,0.196325,0.000000,-9.653421
1703070168,2353682,0.198719,0.040701,-9.267955
1703070168,2353703,0.177171,0.007183,-9.354146
1703070168,2353725,0.263362,0.038307,-9.722853
1703070168,2353748,0.191536,0.081403,-9.581595
1703070168,2353770,0.136469,0.038307,-9.188946
1703070168,2353792,0.150835,0.086191,-9.428367
1703070168,2353814,0.203507,-0.031125,-9.665392
1703070168,2353835,0.160412,0.021548,-9.569624
1703070168,2353857,0.172383,0.050278,-9.258378
1703070168,2353879,0.169988,0.002394,-9.428367
1703070168,2353901,0.126893,0.047884,-9.665392
1703070168,2353923,0.205901,0.071826,-9.294291
1703070168,2353944,0.169988,0.026336,-9.313444
1703070168,2353966,0.220267,0.050278,-9.495404
1703070168,2353987,0.217872,0.016759,-9.497798
1703070168,2354009,0.148441,0.062249,-9.337387
1703070168,2354030,0.184354,0.033519,-9.476251
1703070168,2354052,0.203507,0.021548,-9.610326
1703070168,2354074,0.205901,0.090980,-9.375694
1703070168,2354096,0.246603,-0.002394,-9.346964
1703070168,2354118,0.193930,0.059855,-9.533711
1703070168,2354140,0.234632,0.045490,-9.550470
1703070168,2354162,0.205901,0.045490,-9.303867
1703070168,2354183,0.220267,0.088585,-9.287108
1703070168,2354208,0.251391,-0.011971,-9.478644
1703070168,2354230,0.215478,0.040701,-9.524135
1703070168,2354251,0.162806,0.023942,-9.481039
1703070168,2354273,0.203507,0.050278,-9.416395
1703070168,2354295,0.177171,0.052672,-9.442732
1703070168,2354317,0.155623,0.062249,-9.457097
